FMP	RMP	FPP	UPP	ANPP	NPP	ANCOVA
0	0	3e-04	5e-04	4e-04	2e-04	0.00985366573553864
0	0	0	5e-04	2e-04	3e-04	0.00599442597341676
2e-04	0	8e-04	0.001	4e-04	7e-04	0.0199735202313862
3e-04	6e-04	7e-04	0.0016	9e-04	0.0014	0.0241150272851008
0	0	0	2e-04	5e-04	1e-04	0.00863292802105656
0	2e-04	0	3e-04	2e-04	5e-04	0.00606498025275849
0.002	0.002	0.0026	0.0089	0.0078	0.0061	0.0854713961978474
1e-04	0	6e-04	4e-04	8e-04	3e-04	0.0103188658653769
1e-04	3e-04	0.0014	0.0054	0.0031	0.0026	0.0452113840093258
0	0	0	1e-04	0	0	0.000452151839075291
0	0	0	0	0	0	0.000753447701664928
0	0	5e-04	6e-04	2e-04	2e-04	0.00784511135818716
0	0	0	1e-04	2e-04	1e-04	0.00270066768826825
0	0	1e-04	1e-04	2e-04	1e-04	0.0030442693702183
0	0	0	0	0	0	3.79268978641193e-05
0	0	0	1e-04	0	0	0.00084264393850776
0	0	1e-04	0	2e-04	0	0.000476825619890124
0	0	2e-04	0	0	0	0.00224262550640776
0	3e-04	1e-04	0.0019	8e-04	5e-04	0.0186353590743494
0	0	1e-04	2e-04	1e-04	1e-04	0.0018472401589823
0	0	1e-04	3e-04	0	2e-04	0.00411474932793981
0	0	3e-04	1e-04	1e-04	2e-04	0.00764226764290505
8e-04	6e-04	0.0016	0.0116	0.0049	0.0058	0.117051503933272
0.001	6e-04	0.0018	0.0052	0.0044	0.0049	0.098167529472129
0	0	0	0	0	0	0.000887557558708427
0.0013	0.0013	0.0024	0.0123	0.0064	0.0059	0.10979485183607
0	0	0	2e-04	0	0	0.00197176018806926
0	0	0	0	0	0	7.0086993751624e-05
0	0	0	0	2e-04	0	0.000289127480805188
0	0	0	1e-04	0	0	0.000809969900310972
0	0	0	0	4e-04	1e-04	0.00148739026873403
0	0	5e-04	0.0022	6e-04	8e-04	0.0220298953287833
0	0	0	0	2e-04	0	0.00202059449043273
0	0	1e-04	0	2e-04	1e-04	0.00111717635567195
0.0023	0.0015	0.0035	0.0117	0.0082	0.0063	0.0977828768759249
0	0	0	0	0	0	0.000169368999264303
0.0036	0.0044	0.0033	0.0185	0.0076	0.0111	0.135276214287447
0.0016	7e-04	2e-04	0.0041	0.0016	0.0021	0.0308931758052663
0.0027	0.001	0.0031	0.0121	0.0091	0.007	0.112651287923027
0	0	0	4e-04	2e-04	1e-04	0.0030563656537219
1e-04	3e-04	6e-04	0.0033	9e-04	0.0013	0.027374941569093
0	0	0	8e-04	8e-04	9e-04	0.011555720219041
4e-04	0.0012	0.0017	0.007	0.0035	0.0036	0.0757546374129439
5e-04	1e-04	7e-04	0.0027	5e-04	6e-04	0.0438338754392193
0	0	3e-04	1e-04	5e-04	5e-04	0.00611292630940866
0	0	1e-04	0	0	0	0.000465515611563028
0	0	1e-04	1e-04	6e-04	1e-04	0.00188594671916126
0.0227	0.0214	0.0084	0.0765	0.0373	0.0361	0.341284837998668
3e-04	1e-04	2e-04	0.001	4e-04	8e-04	0.0211696532438456
0.0049	0.002	0.0046	0.029	0.0161	0.0154	0.200698743423521
0	0	0	0	0	0	0.000276100402598722
1e-04	0	1e-04	3e-04	2e-04	3e-04	0.00540069209607405
5e-04	6e-04	8e-04	0.0021	0.002	0.0014	0.0233035702423523
2e-04	0	0	1e-04	0	0	0.000642776692190485
9e-04	0.0015	0.0032	0.0092	0.0055	0.0053	0.0918244068415107
0	0	0	0	0	0	0.000273313547274032
0.0038	0.0032	0.0013	0.0118	0.0048	0.0086	0.107044906409148
0	0	1e-04	3e-04	1e-04	1e-04	0.00623023253419678
3e-04	1e-04	5e-04	0.0014	0.0015	0.0019	0.0403695511621158
0	0	0	0	0	0	0.000383211688731833
0.0021	0.0012	6e-04	0.0062	0.0059	0.0035	0.0609688130686333
0	0	0	0	0	0	0.000567206545289528
0	1e-04	0	0	1e-04	2e-04	0.00532971656655156
7e-04	0.0015	0.0017	0.005	0.0014	0.0041	0.0668016412847937
0	0	0	0	0	0	0.00147387267244805
0.0018	0.0019	0.0011	0.0076	0.0032	0.0034	0.0524955566590228
2e-04	2e-04	7e-04	0.0031	0.001	0.0021	0.0355672074933992
0	1e-04	8e-04	5e-04	0	3e-04	0.0186850049489779
0.0019	8e-04	0.0019	0.0067	0.0059	0.0068	0.109561644909221
3e-04	1e-04	3e-04	0.0025	0.0012	0.0024	0.0394732155403576
3e-04	4e-04	4e-04	0.0042	0.0019	0.0016	0.0412239289083696
1e-04	1e-04	1e-04	4e-04	2e-04	4e-04	0.0103769674195674
0	0	0	0	0	0	6.81842484841187e-07
0	0	0	2e-04	2e-04	1e-04	0.0010141355037336
4e-04	2e-04	4e-04	0.0038	0.0023	0.0027	0.0350462328194269
0	0	0	0	0	0	9.43867593628957e-05
4e-04	0	3e-04	0.001	5e-04	5e-04	0.0150001239969478
0	0	0	0	0	0	2.24294836478068e-05
0	0	0	0	0	0	0.000105993731380698
0	2e-04	0	0.0015	5e-04	6e-04	0.0162166933458655
8e-04	0.001	2e-04	2e-04	2e-04	3e-04	0.00108907080834105
3e-04	0	8e-04	0.0036	0.0018	0.003	0.0547538357441063
0	0	0	1e-04	1e-04	0	0.000630590341925291
0	0	3e-04	1e-04	1e-04	1e-04	0.00539369244525122
1e-04	2e-04	0	4e-04	2e-04	1e-04	0.00600578822263863
0	0	0	1e-04	1e-04	1e-04	0.00281729026714546
0	0	0	2e-04	1e-04	0	0.000371008894998283
0	0	0	2e-04	0	0	0.000304525328374657
0	0	0	0	0	0	0.00014558813215087
1e-04	0	0	0	0	0	1.73955724874539e-05
0	0	3e-04	0.0016	8e-04	8e-04	0.0247226261375656
0.003	0.0026	0.0028	0.0143	0.0074	0.0079	0.138086799219629
0	0	0	1e-04	3e-04	0	0.00416069254868426
0	0	0	2e-04	0	5e-04	0.00412491008390018
0	0	0	1e-04	0	3e-04	0.00104008742678059
0	2e-04	5e-04	3e-04	7e-04	4e-04	0.00279332341256915
0	0	1e-04	6e-04	0	1e-04	0.00115871883163536
2e-04	2e-04	1e-04	9e-04	5e-04	3e-04	0.00883033048081944
0	0	0	0	0	0	0.000811304582893678
0	0	0	0	0	0	0.000220856791407257
0.2399	0.2647	0.1009	0.4671	0.291	0.2784	0.820381344685718
0	0	0	0	1e-04	1e-04	0.003396617597146
1e-04	0	1e-04	7e-04	3e-04	3e-04	0.0115185259208758
0	0	0	0	0	1e-04	0.000119784788949319
0	0	0	2e-04	0	0	0.00139771123772596
7e-04	0.001	0.0022	0.007	0.0042	0.0043	0.0703970894409999
5e-04	2e-04	0	0.002	9e-04	6e-04	0.0248296003646199
0	0	0	0	0	0	0.000136932215970145
0	0	0	4e-04	0	0	0.00170197092772769
0	0	0	2e-04	0	0	0.00121375411844147
0	0	0	0	0	0	7.93716399177455e-05
0	0	5e-04	1e-04	2e-04	3e-04	0.0100186758402906
0	0	1e-04	0	0	1e-04	0.000701366992909944
0	1e-04	0	1e-04	0	1e-04	0.00161972475934067
0	0	0	0	0	0	0.000547929894373581
0	2e-04	1e-04	0.0013	3e-04	2e-04	0.0121763366514429
0	0	0	0	0	0	9.69076630374057e-06
0	0	0	1e-04	2e-04	0	0.00225298561127536
9e-04	8e-04	0.0017	0.0061	0.0048	0.0048	0.0659031572804695
0	2e-04	1e-04	3e-04	2e-04	1e-04	0.00757243780676459
0	0	2e-04	4e-04	2e-04	1e-04	0.00372003025305
0	0	0	0	1e-04	1e-04	0.00851997395165381
0	0	0	0	0	0	0.000165961249955193
0	0	1e-04	2e-04	0	0	0.000366174799854732
0.0031	0.0023	0.0032	0.0114	0.006	0.0062	0.081977557429252
0	0	0	1e-04	0	0	0.000882766914873504
0	0	0	1e-04	0	0	0.00158386467981243
0	0	0	0	0	0	3.57774861063951e-05
0	1e-04	0	2e-04	1e-04	6e-04	0.0118772483366292
0	0	0	0	0	0	1.26100944843309e-05
0	0	0	2e-04	0	0	0.00251571254558109
0	0	0	0	0	0	1.24303442639321e-05
0	0	0	1e-04	1e-04	0	0.00174963198501132
7e-04	2e-04	4e-04	0.0033	0.0022	0.0015	0.0217990728196881
3e-04	3e-04	2e-04	0.0018	7e-04	0.0014	0.0306972204146672
0	1e-04	0	2e-04	0	0	0.00196715113323375
0	0	0	2e-04	1e-04	1e-04	0.0019664433448195
0	0	0	0	0	0	0.000596244341323553
0.0022	0.0035	3e-04	0.0047	0.0022	0.0024	0.0242121179784202
0	0	0	0	0	0	1.5276969080845e-05
0	0	0	0	0	0	2.75433748627356e-06
0.0551	0.0543	0.0155	0.1215	0.0672	0.0609	0.381304398930892
0	0	2e-04	2e-04	1e-04	1e-04	0.00144032217383802
0	0	0	0	0	0	0.000102333427324671
5e-04	0	4e-04	0.002	0.0015	6e-04	0.0198630664091795
0	0	0	2e-04	0	1e-04	0.00321819909540723
0	0	1e-04	1e-04	2e-04	1e-04	0.00261041846069363
1e-04	0	2e-04	3e-04	1e-04	2e-04	0.0100610137457678
0	0	0	0	0	0	0.000165594146679671
0	0	0	0	0	0	1.25322879562235e-05
0.0016	0.0012	0.0037	0.0159	0.0097	0.0092	0.154235361572037
5e-04	0.0013	7e-04	0.0045	0.0022	0.0031	0.0240148499463905
2e-04	2e-04	2e-04	0.001	6e-04	3e-04	0.0078804258957318
0	0	0	0	0	0	0.0013348099467556
0	0	0	2e-04	0	1e-04	0.00276626417221582
0.0023	0.0035	0.0054	0.0175	0.0085	0.0104	0.160290652096934
0	0	3e-04	3e-04	7e-04	2e-04	0.0117462046722806
3e-04	1e-04	6e-04	0.0029	7e-04	0.0033	0.0510301278068897
0	0	0	0	0	0	0.000259234149478897
4e-04	3e-04	3e-04	0.0025	0.0025	0.0021	0.0545335188276999
0	0	0	0	0	0	0.000661866625614108
0	0	0	0	0	0	0.000486918596626
0	0	0	0	0	0	2.56602331946316e-05
0	0	0	0	0	0	0.000171384909392704
6e-04	0.0011	0.0011	0.0029	0.0027	0.0014	0.0414683120155278
0	0	0	0	0	0	0.000342740185883648
0	0	0	0	0	0	5.10847746709597e-06
0	0	0	0	2e-04	0	0.00187732955693006
0	0	0	0	0	0	5.79043073708073e-06
0	0	0	0	0	0	0.000351203090566374
0	1e-04	1e-04	7e-04	3e-04	3e-04	0.00903478196732163
1e-04	1e-04	0	3e-04	3e-04	6e-04	0.00783941900772445
3e-04	7e-04	0.001	0.0025	0.0011	0.0015	0.0365318946675516
0	1e-04	0	3e-04	5e-04	1e-04	0.00434936282280694
0	2e-04	8e-04	0.0029	0.0012	0.0011	0.0395641264265837
0	0	0	1e-04	4e-04	0	0.00307936834653735
0	1e-04	4e-04	9e-04	8e-04	5e-04	0.0231403053591273
0	0	0	1e-04	0	0	0.00290859169481288
0.0018	0.0023	0.0014	0.0074	0.0032	0.0044	0.0477345564216444
1e-04	0	5e-04	0.0012	3e-04	5e-04	0.0167631088861211
0	0	1e-04	0.001	1e-04	3e-04	0.0031293173150976
0	0	1e-04	5e-04	3e-04	0	0.00911200462022106
0	0	0	2e-04	0	0	0.00280370226984782
0	0	0	0	0	0	0.000885218494100484
0	0	0	3e-04	1e-04	2e-04	0.0019991926965246
0	0	0	0	0	0	4.12851547460187e-05
2e-04	6e-04	2e-04	0.001	3e-04	3e-04	0.0144717379761069
4e-04	2e-04	0.0013	0.0036	0.0019	0.0019	0.0515657957857343
0	0	0	0	0	0	0.003859360283996
0	0	0	1e-04	1e-04	0	0.00171898116595601
0.0011	7e-04	2e-04	0.003	0.0013	0.0011	0.0301965595543852
0	0	0	0	2e-04	0	0.000365037244335292
2e-04	1e-04	2e-04	9e-04	2e-04	1e-04	0.00582800073070352
1e-04	0	2e-04	7e-04	7e-04	1e-04	0.0120900442919592
0	0	0	0	0	0	0.000143441743713107
2e-04	3e-04	2e-04	0.0031	0.0014	8e-04	0.0426256851915856
0	0	0	4e-04	1e-04	1e-04	0.00331300184407397
0	0	0	3e-04	0	1e-04	0.0014474611515647
1e-04	1e-04	1e-04	6e-04	2e-04	5e-04	0.010662120714749
0	0	0	0	0	0	0.000401489168706245
0.0012	7e-04	0.0033	0.0102	0.0053	0.0062	0.117901369618505
0	0	0	1e-04	3e-04	0	0.000384942316440766
2e-04	2e-04	0.001	0.0039	0.0018	0.0024	0.0474619883612673
0.001	0.0012	0.0023	0.0099	0.0048	0.006	0.111160190345089
0	0	0	0	0	0	0.000541566062454807
0	0	0	0	0	0	0.000866546609934045
0	0	0	0	0	0	1.14230872828708e-05
1e-04	0	0	0	1e-04	0	0.000445510562948933
0.0039	0.0044	0.0079	0.0342	0.0217	0.0164	0.195981972640856
9e-04	2e-04	0.0012	0.0019	0.0021	0.001	0.0262448759752558
0	1e-04	0	0	1e-04	1e-04	0.00147802939202601
0.0013	1e-04	9e-04	0.003	0.0036	0.0035	0.0612049077213223
0	0	0	1e-04	0	0	0.00138667927415994
0	1e-04	3e-04	0	0	2e-04	0.0030489345593683
0	0	2e-04	2e-04	1e-04	0	0.0073120362013046
0	0	0	0	0	0	0.000543377245289565
0.0878	0.1074	0.0335	0.2177	0.111	0.1191	0.564836048817779
4e-04	2e-04	4e-04	0.0017	0.0012	0.0017	0.0296737041748257
0	0	0	0	0	0	0.000788222630232326
0	0	0	1e-04	2e-04	0	0.00252902461209518
0.0022	9e-04	0.0048	0.0188	0.0076	0.0097	0.138912965489064
5e-04	2e-04	1e-04	0.0021	5e-04	7e-04	0.0180615627425417
0	0	0	0	0	0	9.80144980785655e-07
0	0	0	2e-04	0	0	0.000700618637720909
0	1e-04	0	8e-04	2e-04	4e-04	0.0104534103650341
0.0012	0.0024	0.0016	0.0109	0.0044	0.0055	0.0711619153187876
0	0	0	0	2e-04	0	0.00053680803712338
0	0	0	0	0	0	0.000453558927962737
0	0	0	0	0	0	0.000117015998741544
0	0	0	0	0	0	1.9163033795375e-05
0	5e-04	2e-04	1e-04	0	0	0.00119182698272667
1e-04	0	0	6e-04	3e-04	1e-04	0.00134336654180042
0.0045	0.0016	0.0053	0.0235	0.015	0.0105	0.158907660716901
0.0029	0.0054	0.0081	0.0261	0.0148	0.0154	0.184923537697238
0.0031	0.0019	0.0027	0.0094	0.0077	0.0065	0.108205927689729
2e-04	1e-04	2e-04	3e-04	2e-04	0	0.00778835506105042
2e-04	0.001	4e-04	0.0042	0.0022	0.0016	0.0530315423255513
4e-04	5e-04	1e-04	0.0018	8e-04	7e-04	0.0152012486747213
1e-04	2e-04	2e-04	0.0012	5e-04	0.001	0.0200589582844091
0	1e-04	1e-04	7e-04	5e-04	0	0.00491382942024972
1e-04	4e-04	2e-04	0.0012	3e-04	4e-04	0.0207847164148158
4e-04	5e-04	0.0023	0.008	0.0041	0.0051	0.0814426448535385
0	0	5e-04	7e-04	0.001	9e-04	0.0191911042149755
0	0	0	2e-04	0	1e-04	0.00198663350086797
0	0	0	0	0	0	1.15653930839562e-05
0	3e-04	0	2e-04	1e-04	0	0.00256326686235425
0	0	1e-04	1e-04	0	0	0.0022383635955676
0	0	0	1e-04	0	0	0.00071559255527165
0	0	3e-04	9e-04	4e-04	6e-04	0.00726276335659082
0	0	0	1e-04	0	0	0.000311854951663117
9e-04	2e-04	0.0012	0.0063	0.002	0.0042	0.07107685132628
0	0	0	0	0	0	1.13459962864686e-05
6e-04	8e-04	1e-04	0.0013	0.0015	5e-04	0.018485171479683
0	0	1e-04	4e-04	3e-04	2e-04	0.01163809044702
0	2e-04	4e-04	8e-04	8e-04	6e-04	0.0114917428772092
3e-04	0	4e-04	0.0014	5e-04	0.0011	0.0180097460994311
2e-04	4e-04	0.0012	0.0038	0.002	0.0022	0.0521883421231265
0	1e-04	0	4e-04	2e-04	4e-04	0.0048487898807517
0	2e-04	0	0	0	1e-04	0.000956775260766932
0	0	1e-04	5e-04	5e-04	7e-04	0.00682550575633811
2e-04	3e-04	0	4e-04	5e-04	2e-04	0.00557080990865087
0	0	0	0	1e-04	2e-04	0.00429619309962779
0	0	0	5e-04	0	2e-04	0.00401601688582378
0	0	2e-04	3e-04	1e-04	1e-04	0.00777090925420528
0	0	1e-04	5e-04	1e-04	2e-04	0.00710358936961373
0	0	2e-04	0	0	0	0.00175496517866075
0	0	0	2e-04	1e-04	1e-04	0.00204353542075898
0	1e-04	1e-04	3e-04	2e-04	0	0.00942224530357601
0.0024	0.0022	0.0012	0.0094	0.0039	0.0053	0.0794695551464543
1e-04	1e-04	2e-04	0.0014	6e-04	9e-04	0.0149623461278614
0	0	0	1e-04	0	0	0.0011501799480922
0	1e-04	1e-04	9e-04	9e-04	8e-04	0.0162123194356833
0	0	0	0	0	1e-04	0.00023122841490887
0	0	0	0	0	0	0.000375701710590284
2e-04	7e-04	2e-04	0.0037	0.002	0.0015	0.0233830109904675
0	1e-04	0	2e-04	1e-04	0	0.00308477265617126
0	0	2e-04	2e-04	3e-04	2e-04	0.00442448508546081
0.0045	0.0039	0.0095	0.0272	0.0114	0.0188	0.151724902469246
0.0052	0.0031	0.0061	0.0313	0.0172	0.0213	0.223093413810637
0.0042	0.0054	0.0062	0.0225	0.0127	0.0142	0.187241035649099
1e-04	0	0	3e-04	0	3e-04	0.00638458795898121
0	0	0	3e-04	1e-04	1e-04	0.00434702769617364
0	0	0	0	0	0	3.78031109221581e-05
0	0	0	0	0	0	7.88053732680051e-06
0	0	0	0	0	0	0.000720842426696615
0.0015	0.0028	0.0032	0.0113	0.0072	0.0067	0.121012214096307
0	0	1e-04	2e-04	2e-04	0	0.00476800362441967
1e-04	0	0	0	0	1e-04	0.0051133345824007
0	0	0	0	0	0	0.000539592007690934
0	0	3e-04	6e-04	2e-04	0	0.0160158892330299
0	0	5e-04	0.0022	0.001	6e-04	0.0239479357102775
2e-04	3e-04	0.0011	0.0019	0.0019	0.0025	0.0442285989264058
0	1e-04	1e-04	9e-04	4e-04	9e-04	0.011538571734095
0	0	0	0	0	0	0.000135850492899742
0	0	0	0	0	0	7.13946851681736e-05
0	0	0	0	0	0	3.53524659225308e-05
0	0	0	0	0	0	0.000136971838118164
0	0	0	0	0	0	2.42756819806332e-07
0	0	0	0	0	0	3.48497108783769e-05
0	0	1e-04	0	0	1e-04	0.000408746397006188
1e-04	0	0	4e-04	3e-04	1e-04	0.00595485608411059
1e-04	1e-04	5e-04	0.0017	4e-04	9e-04	0.0193117490533325
0.0011	3e-04	0.0017	0.0064	0.0048	0.0031	0.0933635951801781
0	0	0	4e-04	1e-04	1e-04	0.00159500952452145
0	0	0	0	0	0	0.000185510048977758
1e-04	6e-04	0.0013	0.0055	0.0028	0.0031	0.046462720792323
0	0	0	0	1e-04	1e-04	0.00202927270836469
0	5e-04	0	2e-04	0	1e-04	0.00483305757197626
2e-04	0	4e-04	9e-04	6e-04	2e-04	0.0190134127320963
0	0	0	0	0	1e-04	0.000328465747146411
0	1e-04	3e-04	0	3e-04	2e-04	0.0027195831055931
0	2e-04	4e-04	3e-04	0	4e-04	0.0113807805582078
6e-04	3e-04	3e-04	0.0025	0.0014	0.0025	0.0304915930640033
0	0	8e-04	0.0019	0.0013	0.0011	0.0310382189723205
0	0	0	0	0	0	2.87982226549104e-05
0	0	5e-04	0.0023	0.0014	0.0011	0.0347933941274558
3e-04	0	1e-04	0.0014	2e-04	5e-04	0.0143867291558117
2e-04	3e-04	5e-04	0.0015	5e-04	5e-04	0.0106042977810783
0.0014	4e-04	0.0014	0.0052	0.0054	0.0033	0.0809401357025249
0	0	0	0	1e-04	0	0.000886010535763569
6e-04	7e-04	0.001	0.0034	0.0022	0.0032	0.0468855294691862
0	0	0	1e-04	1e-04	1e-04	0.00230360719918761
0	0	0	0	0	0	0.000289331159798424
0	0	0	0	0	0	9.39788762090006e-05
0	0	0	0	0	0	0.000433290765585619
0	0	3e-04	3e-04	1e-04	2e-04	0.00447799555251876
2e-04	3e-04	6e-04	9e-04	4e-04	8e-04	0.0217387514899829
0	0	0	4e-04	1e-04	4e-04	0.00339081719519241
1e-04	0	0	5e-04	1e-04	4e-04	0.00741614978940802
0	1e-04	1e-04	0.0011	5e-04	5e-04	0.0114890048794715
2e-04	0	0	2e-04	1e-04	3e-04	0.000787669701116072
2e-04	6e-04	9e-04	0.0027	0.0021	8e-04	0.0312721709013021
0.0191	0.017	0.0119	0.0745	0.0349	0.0411	0.36759529092093
2e-04	0	8e-04	0.0012	7e-04	0.001	0.0152282216770173
0	0	0	0	0	0	0.000615445645702518
0.0022	7e-04	0.0031	0.0104	0.0055	0.0071	0.121628636923732
2e-04	4e-04	0.0012	0.0028	0.0019	0.0024	0.0458698960920725
0.0014	3e-04	0.0016	0.006	0.006	0.0031	0.0936312141819966
0	0	2e-04	9e-04	2e-04	3e-04	0.00758512667626685
0	0	0	0	0	0	4.2896796436152e-06
0	2e-04	1e-04	0.0016	0.001	0.001	0.020076784166812
3e-04	4e-04	5e-04	0.0019	6e-04	3e-04	0.0227389840994627
2e-04	0	3e-04	1e-04	3e-04	0	0.0084614086385369
0	0	0	0	0	0	0.00111150760641373
0	0	0	0	0	0	1.89764031647877e-06
0	0	0	0	0	0	0.000187421635774859
6e-04	0.0031	0.0039	0.0155	0.0082	0.0067	0.115974256180199
0	0	0	2e-04	0	0	0.000589948341968727
0.0015	0.0017	0.004	0.0139	0.0064	0.0071	0.099050822654228
6e-04	0.0028	0.0024	0.0124	0.0074	0.0057	0.120769606417392
0	1e-04	0	0	0	0	0.000369624008889012
0	0	0	0	0	0	0.000431916893274653
0	2e-04	0	1e-04	2e-04	2e-04	0.00385768592586816
0	1e-04	4e-04	0.0017	0.0011	0.0011	0.0208657360397331
0	0	0	1e-04	0	0	0.000545553969138955
1e-04	0	7e-04	0.0011	8e-04	5e-04	0.0152392168777305
0	0	2e-04	6e-04	0	0	0.00393629591778357
0	0	0	0	0	0	0.000179426208670558
0	0	0	0	0	0	0.00021926635424029
1e-04	2e-04	3e-04	0.0019	0.0011	0.001	0.0311009841195213
0	5e-04	5e-04	0.0024	7e-04	0.0019	0.0226030349436777
1e-04	0	1e-04	3e-04	1e-04	2e-04	0.00164162300712376
3e-04	6e-04	2e-04	0.0016	0.0013	0.0012	0.0334872666721979
2e-04	2e-04	5e-04	0.001	1e-04	5e-04	0.014341369021299
0	2e-04	7e-04	8e-04	9e-04	9e-04	0.0217208066332342
0	4e-04	3e-04	0.0033	0.0016	8e-04	0.0347985619638767
5e-04	7e-04	4e-04	0.0057	0.0014	0.0019	0.0485476235525004
0	0	0	4e-04	4e-04	1e-04	0.00356225576227262
0	0	0	0.0014	4e-04	0.0011	0.0162605266617854
0	0	2e-04	3e-04	1e-04	2e-04	0.00358609054371723
0	3e-04	0	6e-04	5e-04	2e-04	0.0096223730914502
0	1e-04	1e-04	4e-04	0	0	0.0108778941242957
0	0	0	0	0	0	4.63131599491677e-05
0	0	0	0	0	0	0.000503227789194203
0.0522	0.0597	0.0381	0.1934	0.1154	0.1092	0.589173004031082
1e-04	1e-04	5e-04	0.0012	0.001	0.0012	0.0278178780889517
0	0	0	1e-04	0	0	0.00344597052786365
0	0	0	2e-04	1e-04	5e-04	0.00781256095194776
0	1e-04	2e-04	6e-04	2e-04	3e-04	0.00444209056198564
0.0117	0.0158	0.0086	0.0647	0.0348	0.0363	0.300432680480234
0	0	0	0	1e-04	0	0.000328728160992182
2e-04	4e-04	5e-04	0.0024	0.0018	0.0011	0.0294969533674826
0	0	1e-04	0	0	1e-04	0.00190416660455038
0	0	0	1e-04	0	0	0.000949599706163952
0.0019	0.0017	0.0047	0.0193	0.0118	0.0122	0.138814573900965
0	0	0	0	0	0	0.000136566256563584
0	0	0	0	1e-04	0	0.000358765835445261
0	1e-04	0	0	1e-04	0	0.000379102611337601
3e-04	1e-04	6e-04	0.0018	4e-04	0.0011	0.0204744096070766
6e-04	5e-04	8e-04	0.005	0.0028	0.0029	0.0465354337331358
0	0	0	0	0	0	0.000503316123833134
0	0	0	0	0	0	0.000501117307555445
4e-04	1e-04	1e-04	3e-04	9e-04	7e-04	0.008482520018254
0	0	1e-04	0	0	0	0.0021349526115413
0	0	0	0	0	0	2.98922237792804e-05
0	0	3e-04	7e-04	6e-04	6e-04	0.0164964283366355
6e-04	3e-04	8e-04	0.002	0.0013	0.0019	0.0298376388256885
0	0	0	0	0	0	0.000913032684275012
0.001	8e-04	0.0015	0.0048	0.0014	0.0029	0.0466149348626187
0	0	0	0	1e-04	1e-04	0.00232339921370545
0.0311	0.0401	0.0184	0.128	0.0708	0.0747	0.48174044946844
0	0	0	0	0	0	0.000159025892666684
5e-04	3e-04	0.0011	0.0015	0.001	0.001	0.0307868784419167
0	0	3e-04	6e-04	3e-04	1e-04	0.00883593546782715
0	0	0	0	0	0	1.11382037942214e-06
9e-04	7e-04	7e-04	0.0074	0.0044	0.0024	0.0479839614442303
0	0	1e-04	0.0012	1e-04	8e-04	0.0110687761352852
0	0	1e-04	2e-04	0	3e-04	0.00570639019673164
0.0128	0.017	0.013	0.0791	0.048	0.051	0.455864444243797
1e-04	0	0	0	0	4e-04	0.00191396751377906
2e-04	3e-04	1e-04	8e-04	6e-04	6e-04	0.0136211351881761
0	0	0	0	0	0	1.20971368689837e-05
2e-04	3e-04	0	2e-04	1e-04	0	0.00717204195449059
0	1e-04	0	1e-04	0	0	0.00371273110172203
0	0	1e-04	1e-04	2e-04	1e-04	0.00169611952505241
0	0	0	0	0	0	6.20494205988839e-06
0	0	0	2e-04	3e-04	1e-04	0.00114613590529741
0	0	3e-04	0.0013	0.0013	0.0011	0.0206108282251239
0.0238	0.025	0.0296	0.1173	0.0655	0.0716	0.502546760166602
0.0047	0.0034	0.0048	0.0176	0.01	0.0112	0.130622036722023
0	0	0	0	0	0	3.05890903900747e-06
0.0113	0.0162	0.0118	0.0609	0.0307	0.0312	0.37125398867342
0.0042	0.0031	0.0079	0.0285	0.0172	0.016	0.188656478177188
2e-04	1e-04	1e-04	2e-04	0	1e-04	0.00131468410227887
0	0	7e-04	0.0013	4e-04	8e-04	0.020817933593539
0.0054	0.0047	0.0051	0.0249	0.0131	0.0142	0.158068733516264
0	0	0	0	1e-04	0	0.000665813468629763
5e-04	4e-04	0.0012	0.0046	0.0024	0.0032	0.0634441940198937
1e-04	2e-04	3e-04	5e-04	4e-04	3e-04	0.00867907534384158
1e-04	0	8e-04	0.0016	0.001	7e-04	0.0254050785890381
0	1e-04	3e-04	8e-04	4e-04	5e-04	0.0111924955679553
2e-04	0	1e-04	6e-04	5e-04	1e-04	0.0105922842318449
8e-04	8e-04	0.0013	0.0064	0.002	0.0033	0.0293346956414833
0	0	0	0	0	1e-04	0.0025712985442596
2e-04	0	1e-04	9e-04	6e-04	8e-04	0.0206328885403683
0.0011	5e-04	0.0017	0.003	0.0014	0.0013	0.0426408501910739
0	0	0	0	0	0	0.00041211415053919
0.0015	0.0032	4e-04	0.0074	0.0038	0.004	0.0516386678613931
0	0	0	0	0	0	2.66433440593103e-05
0	0	0	1e-04	0	0	0.0016723943632281
0	0	0	0	2e-04	0	0.00340965275039272
0	0	1e-04	2e-04	4e-04	0	0.00626672521075477
0.0014	0.0019	0.0032	0.0126	0.0067	0.008	0.117388073290132
0	0	0	3e-04	0	2e-04	0.00234882045686915
0	0	2e-04	9e-04	7e-04	3e-04	0.016890590832792
3e-04	3e-04	8e-04	0.0045	0.002	0.0025	0.0646558445321865
0	0	0	0	0	0	0.00219254560781633
4e-04	0	4e-04	5e-04	6e-04	0.0011	0.0197504121993281
2e-04	0	1e-04	3e-04	1e-04	2e-04	0.00517294406442777
0	1e-04	0	0	0	0	0.00238733065705088
0	0	0	0	0	0	3.93732537577408e-05
1e-04	0	4e-04	0	2e-04	0	0.00253075670858511
6e-04	1e-04	0.0023	0.0049	0.0021	0.0034	0.0621495280324218
0	0	1e-04	1e-04	0	0	0.00506375820549387
0	3e-04	4e-04	4e-04	3e-04	4e-04	0.0120451369308869
0	0	0	4e-04	2e-04	5e-04	0.0056847739462398
4e-04	0	0	3e-04	1e-04	0	0.00101427044771271
3e-04	2e-04	2e-04	1e-04	0	2e-04	0.00577541861161456
0	0	0	2e-04	0	2e-04	0.00294811015943632
1e-04	0	2e-04	0.0011	3e-04	0.0011	0.015703202845886
1e-04	1e-04	4e-04	5e-04	2e-04	6e-04	0.0120911063157435
0.0087	0.0115	0.0086	0.0435	0.0224	0.0261	0.303614491708703
3e-04	2e-04	0	0.0011	4e-04	4e-04	0.0136243378274912
2e-04	4e-04	0.0011	0.0047	0.0031	0.0033	0.0566217971529921
9e-04	0.0014	0.0016	0.0061	0.0035	0.0044	0.0844693562335151
0.0013	7e-04	0.0023	0.0086	0.0061	0.0055	0.0985506615010174
5e-04	8e-04	5e-04	0.0018	3e-04	2e-04	0.0245322307665696
0	0	1e-04	3e-04	0	0	0.00119431408820609
1e-04	2e-04	1e-04	0.0024	0.0011	9e-04	0.0211393920415411
0	1e-04	2e-04	0.001	4e-04	5e-04	0.0163945601782773
1e-04	0	2e-04	9e-04	6e-04	1e-04	0.00613593496160033
0	0	2e-04	0	2e-04	1e-04	0.00329068403450123
0.0016	8e-04	0.0015	0.0074	0.0035	0.0056	0.0987534750101548
3e-04	1e-04	0	5e-04	5e-04	4e-04	0.0066023355227904
0	0	0	3e-04	2e-04	5e-04	0.00690664448156064
4e-04	9e-04	0.0012	0.008	0.0046	0.0044	0.0926882372278159
0	0	0	6e-04	9e-04	6e-04	0.0166818767404575
0.001	4e-04	9e-04	0.0043	0.0028	0.0024	0.0634134852390673
0	1e-04	2e-04	5e-04	2e-04	2e-04	0.00798278358634075
0.0102	0.0108	0.0145	0.0569	0.0362	0.0382	0.341184305836973
0	0	0	6e-04	0	1e-04	0.00359775195480423
6e-04	0.0022	2e-04	0.0042	0.0015	0.0022	0.0179869608142153
2e-04	0	2e-04	4e-04	1e-04	4e-04	0.00563035555362357
2e-04	6e-04	4e-04	0.0047	0.0023	0.0015	0.0483135117408952
0	0	0	2e-04	0	0	0.00178269005553307
0	0	0	0	1e-04	0	0.000464067456939206
0.0023	0.0027	0.0019	0.0092	0.0027	0.0045	0.12233649635963
3e-04	0	0.001	0.0041	0.0023	0.0011	0.0469271556693934
0.002	0	6e-04	0.0033	0.002	0.0011	0.043400516697582
0	0	1e-04	1e-04	0	3e-04	0.000386084963899259
0	0	2e-04	0.001	3e-04	2e-04	0.0184957958619452
0.0064	0.0098	0.0147	0.0547	0.0297	0.0281	0.331520473656789
3e-04	8e-04	1e-04	0.0012	9e-04	6e-04	0.0224587884223288
2e-04	0	9e-04	3e-04	3e-04	7e-04	0.0150712946284329
0	0	1e-04	1e-04	0	0	0.00171098601288215
0	0	2e-04	1e-04	1e-04	1e-04	0.00332764331415522
4e-04	0.0012	0.0014	0.0064	0.003	0.0041	0.0964225054479589
0	0	0	0	0	2e-04	0.000760066932073957
0.0015	0.0016	0.0018	0.0108	0.0044	0.007	0.0680473223106687
0	0	0	0	0	0	6.15922995647149e-05
9e-04	6e-04	0.0015	0.0076	0.0038	0.003	0.0757166506490495
2e-04	0	4e-04	0.0014	6e-04	8e-04	0.016994442883206
0	0	0	5e-04	2e-04	3e-04	0.0136148175994492
0.0013	0.0013	0.0043	0.0109	0.0079	0.0049	0.0985401978581304
0	0	3e-04	0.0011	3e-04	3e-04	0.0177186414272981
1e-04	0	2e-04	0.0011	0.0013	0.0012	0.0216684779068327
0	0	2e-04	1e-04	1e-04	0	0.00545430098409518
2e-04	0	0	2e-04	0	0	0.00201927370121121
0	0	0	0	0	0	0.000104904559460966
5e-04	0.0014	5e-04	0.0031	0.0014	0.0017	0.0217759822432828
1e-04	2e-04	9e-04	0.0021	0.0014	0.0021	0.0359615634055754
0.001	0.0011	6e-04	0.004	0.0021	0.0026	0.0285286203762729
0	0	0	0	0	2e-04	0.00158138460037983
6e-04	0.0011	0.0019	0.007	0.0028	0.004	0.0848803935367424
4e-04	2e-04	1e-04	0.0022	0.0012	6e-04	0.0284729689711051
0	0	0	3e-04	2e-04	0	0.00451813215730249
0	0	1e-04	2e-04	0	3e-04	0.00176864865630456
2e-04	1e-04	1e-04	8e-04	3e-04	3e-04	0.0176619165337196
0.0043	0.0042	0.0048	0.0273	0.0127	0.0137	0.194039474877769
1e-04	0	1e-04	0.001	4e-04	2e-04	0.0149347102651789
6e-04	8e-04	0.0017	0.0045	0.0034	0.0038	0.0339419194405113
1e-04	0	3e-04	0.0012	0.0013	3e-04	0.0207544831815962
0	0	0	0	0	0	5.23730652933434e-05
0	3e-04	1e-04	4e-04	1e-04	1e-04	0.00623676906166081
0	0	0	0	0	0	0.000238867072150914
0.032	0.031	0.0254	0.1114	0.072	0.0708	0.398511143319878
0	0	0	1e-04	0	0	0.00080005626698677
0.0025	0.0011	0.002	0.0094	0.0053	0.005	0.069908679934342
1e-04	0	0	0.001	5e-04	2e-04	0.00600198555083019
5e-04	3e-04	9e-04	0.0049	0.0027	0.0031	0.038386184885234
7e-04	4e-04	0.001	0.0044	0.0016	0.0019	0.0637393252594517
3e-04	6e-04	0.001	0.0058	0.0024	0.0032	0.0582032260065106
0	0	0	0	0	0	2.45342654070908e-05
0	0	2e-04	0	0	1e-04	0.00062110284466692
0	2e-04	1e-04	1e-04	3e-04	4e-04	0.0104261150807655
0	0	0	0	0	2e-04	0.000988961693189104
1e-04	1e-04	2e-04	0.0015	0	1e-04	0.00770461578893351
0	0	1e-04	1e-04	0	2e-04	0.0025544040863109
0	0	0	0	0	0	1.90485454804032e-05
0	0	0	1e-04	0	3e-04	0.00215598277826581
4e-04	0.0016	7e-04	0.0047	0.0049	0.0022	0.0488602661692935
0.0023	0.001	9e-04	0.008	0.0037	0.0029	0.0629040510816839
0.031	0.0312	0.0333	0.1351	0.0838	0.0874	0.462468703345427
0	0	0	0	0	0	2.32584010670005e-05
0	0	1e-04	1e-04	0	0	0.00207780314985234
0	0	0	0	0	0	3.92152698745502e-06
3e-04	5e-04	3e-04	0.0021	0.0016	9e-04	0.0338942306266127
0	0	0	0	1e-04	0	0.000831922439151354
0.0015	6e-04	9e-04	0.0078	0.0041	0.002	0.0602790023500026
7e-04	1e-04	7e-04	0.0034	0.0023	0.0018	0.0542455937022248
2e-04	1e-04	1e-04	7e-04	7e-04	5e-04	0.00835371611036376
0	0	0	0	0	1e-04	0.000657195439434358
0	0	0	0	0	0	1.60507241187022e-05
1e-04	1e-04	4e-04	0.0023	0.002	0.0012	0.0346995974003313
0	0	0	0	2e-04	0	0.000581818673744281
0	0	0	0	0	0	0.000355713069931988
3e-04	1e-04	0	1e-04	2e-04	2e-04	0.00415899762685962
0	2e-04	3e-04	3e-04	2e-04	2e-04	0.0100495923259298
3e-04	4e-04	1e-04	0.0027	0.0016	0.001	0.0285444836752237
3e-04	2e-04	2e-04	9e-04	8e-04	2e-04	0.0143787377367532
1e-04	1e-04	4e-04	6e-04	1e-04	3e-04	0.0074259115069507
0	0	0	0	0	0	1.41843779510727e-05
0	0	0	0	0	0	2.31006362344396e-05
5e-04	1e-04	6e-04	0.0028	0.0025	0.0015	0.050233613075944
2e-04	0	0	1e-04	3e-04	0	0.00104764199213726
0	1e-04	0	0	1e-04	0	0.00236264316275334
0	0	0	0	0	0	1.93961664985526e-05
0	0	0	0	0	0	1.55134554048942e-07
0	0	1e-04	1e-04	4e-04	0	0.00460826358411942
0	0	0	0	0	0	0.0011026434431681
0	0	0	0	1e-04	0	0.00066151874243737
0	0	0	0	0	0	7.06046235203818e-05
0	0	0	0	0	0	0.000114465404232977
0	0	0	0	0	0	7.88052137398643e-07
0	0	0	0	0	0	0.000360470058296681
1e-04	0	1e-04	0.001	7e-04	0.0011	0.0237088702055423
0	1e-04	1e-04	5e-04	7e-04	1e-04	0.00354488035424374
0	0	0	0	0	0	5.2815663914409e-05
0	0	0	0	0	0	8.61542913919703e-07
0	0	0	0	0	0	7.47216158794967e-06
0	0	0	1e-04	1e-04	0	0.00500865242019419
0	0	1e-04	3e-04	1e-04	3e-04	0.00422033351986636
7e-04	0.0013	0.002	0.0062	0.0045	0.0035	0.058570644364854
2e-04	1e-04	7e-04	0.0016	1e-04	6e-04	0.0287420664100395
0	0	2e-04	0.0014	9e-04	7e-04	0.0147436923092083
0	0	0	0	0	0	5.48823766271871e-06
0	0	0	3e-04	1e-04	0	0.00307139497722202
0	0	0	0	0	0	6.99803838146286e-05
0.0011	0.0018	0.0013	0.0077	0.0044	0.0057	0.0865624395515031
0.0038	0.0033	0.0037	0.0169	0.0098	0.0101	0.189220389863951
0	0	0	0	0	0	0.00055824284421648
0	0	0	0	0	0	0.000653603467116874
0	0	0	0	0	2e-04	0.000576691072108248
1e-04	0	1e-04	5e-04	1e-04	7e-04	0.0154647650077665
0	0	1e-04	9e-04	3e-04	2e-04	0.00814705926000733
0	0	1e-04	1e-04	0	0	0.00236963320523663
0	0	0	3e-04	1e-04	1e-04	0.00268639477265942
0	0	3e-04	0	2e-04	2e-04	0.00118099917270653
0.0088	0.0101	0.0059	0.0417	0.0196	0.0213	0.219862905132163
0	0	0	0	0	0	0.000120043268942674
4e-04	0.0019	0.0017	0.0076	0.0028	0.004	0.0848235154848934
9e-04	2e-04	0.0012	0.0024	0.0023	0.001	0.0222940140497325
0	0	0	0	1e-04	0	0.00116337288082673
0	0	0	0	0	0	0.000233679201869374
0	0	0	8e-04	1e-04	0	0.00271263739089757
0	0	2e-04	3e-04	1e-04	0	0.00403059736308803
0	0	0	0	0	0	2.51764503009117e-05
0	0	0	0	0	0	0.00043188050271578
0	0	0	6e-04	1e-04	7e-04	0.0101444601356288
0	1e-04	2e-04	0.0023	5e-04	7e-04	0.0161547147420991
0	0	1e-04	7e-04	8e-04	6e-04	0.011546713324202
0	0	0	0	0	0	0.00129777023373039
3e-04	4e-04	6e-04	0.004	0.0015	0.0017	0.0371980957877973
2e-04	1e-04	0	7e-04	4e-04	5e-04	0.00631516738390674
0	2e-04	2e-04	0.001	0.0012	0.0012	0.0158113899576672
8e-04	6e-04	9e-04	0.0042	0.0021	0.0019	0.0347825001690435
0.0068	0.0053	0.003	0.0198	0.0095	0.0092	0.151366794659565
0	0	1e-04	0	2e-04	0	0.0010712809915104
0	0	0	0	0	0	0.00108767990379961
0	0	1e-04	0	4e-04	0	0.00749160465360314
0	1e-04	0	0	1e-04	1e-04	0.00275276270504889
1e-04	0	1e-04	2e-04	0	1e-04	0.00161706563268868
0	0	0	0	0	0	0.000994955817158042
0	0	0	0	0	0	0.000277742011989114
0	7e-04	2e-04	5e-04	8e-04	3e-04	0.00835865340877207
0	0	0	1e-04	0	0	0.00169866218980839
7e-04	0.0025	0.0013	0.01	0.0052	0.005	0.0950995561233471
3e-04	1e-04	0	0.001	5e-04	5e-04	0.0081187560513281
0.0013	5e-04	0.0024	0.0087	0.0053	0.0046	0.0911790447754522
0	4e-04	5e-04	0.0023	8e-04	0.0017	0.0260317652185376
1e-04	0	0	2e-04	0	2e-04	0.00373386612026323
2e-04	4e-04	1e-04	0.0012	2e-04	8e-04	0.0143952578025994
8e-04	8e-04	3e-04	0.003	0.0021	0.0021	0.0288290624071931
0.0017	0.001	0.0015	0.0062	0.0028	0.0019	0.0775274520032907
0	0	0	1e-04	1e-04	1e-04	0.00178916886338405
0.0011	0.0018	7e-04	0.0074	0.0031	0.0023	0.0597767783805031
0.0019	0.0016	0.0023	0.0103	0.0048	0.0063	0.10669441405362
4e-04	0	4e-04	8e-04	0.0012	6e-04	0.0228918271524383
0.0024	0.0017	0.0019	0.0118	0.0047	0.0046	0.0961884806798916
8e-04	6e-04	0.0012	0.0049	0.002	0.0016	0.055381205048467
1e-04	5e-04	2e-04	0.0016	7e-04	8e-04	0.0161076177022766
0	0	0	0	0	0	0.00229109213148575
0	2e-04	3e-04	5e-04	1e-04	2e-04	0.0127191828065498
0.0033	0.0031	0.0014	0.0098	0.0052	0.0061	0.0437800806645471
0	0	0	0	0	0	0.0010191563327009
0	0	0	0	0	0	0.000186677802302421
2e-04	0	7e-04	0.0025	0.0018	0.001	0.0432280738549695
0	0	2e-04	0	0	0	0.000437258826112087
2e-04	0	0	0	0	0	0.000852410863010164
0	1e-04	2e-04	9e-04	5e-04	4e-04	0.0112607117820732
0	2e-04	4e-04	0.0013	4e-04	0.0011	0.0223943259689801
6e-04	3e-04	7e-04	0.002	0.0012	0.0019	0.0352137324608763
0	0	0	0	0	0	0.000368355581742099
0	1e-04	3e-04	5e-04	0	4e-04	0.0113821311512705
0	0	0	0	0	0	1.99684157541936e-05
0	0	0	0	0	0	4.28829164511986e-05
0	0	0	1e-04	0	0	0.00105778580281047
0.0135	0.0108	0.0079	0.0432	0.0277	0.0256	0.167080151830687
0.0014	3e-04	8e-04	0.0045	0.0026	0.002	0.0459078321244038
0	0	0	0	0	0	0.000160398178915695
0	0	0	0	0	0	0.00045247645972898
4e-04	1e-04	7e-04	0.0024	0.0016	0.002	0.0413708304496265
0	0	0	0	0	0	0.00120046900047776
0	0	0	0	0	0	0.000800113974430141
0	0	0	3e-04	1e-04	0	0.00232312325204382
0	2e-04	0.0012	0.0021	0.0012	0.0013	0.0336895393010077
0	1e-04	1e-04	5e-04	0	1e-04	0.0143186183337741
0	0	0	0	0	0	1.58748672811968e-05
0	2e-04	0	2e-04	3e-04	1e-04	0.00638825314519027
0	0	0	0	0	0	8.62271307946796e-06
0	1e-04	1e-04	9e-04	8e-04	1e-04	0.0107413553645069
0	0	0	0	0	0	0.00114365760442198
0	0	1e-04	0.001	5e-04	0.001	0.0211437042300814
1e-04	0	0	2e-04	0	0	0.00258913821266828
0	1e-04	1e-04	1e-04	2e-04	2e-04	0.0028224142111644
0.0079	0.0045	0.0083	0.039	0.0162	0.0209	0.228981631307118
1e-04	4e-04	3e-04	0.0018	0.0013	6e-04	0.0242947134730374
0	0	1e-04	2e-04	4e-04	0	0.0032883763888878
0	0	0	0	2e-04	0	0.00132777967314191
0.0067	0.0074	0.009	0.0431	0.0237	0.0227	0.260785810387777
0	5e-04	4e-04	0.0025	0.0012	0.002	0.03442787211888
9e-04	0.0015	0.0023	0.0085	0.0049	0.0033	0.0650315127152567
0	1e-04	0	2e-04	1e-04	0	0.00325527282385196
0	0	0	0	1e-04	0	0.00216267480327188
0.0015	0.0037	0.001	0.0074	0.0037	0.0033	0.0699329484069855
2e-04	0	2e-04	5e-04	2e-04	5e-04	0.011128750409932
0	0	0	0	0	0	0.000233319208859527
0	0	0	1e-04	0	0	0.000329766161676202
0	0	2e-04	0	4e-04	1e-04	0.00578875257364132
0	0	0	0	1e-04	0	0.00099226999436754
0	0	0	3e-04	1e-04	3e-04	0.00572147668475931
0.0032	0.0012	0.0033	0.015	0.0063	0.0067	0.110976763412572
0	4e-04	1e-04	0.0018	0.0015	7e-04	0.0149087870316238
2e-04	0	1e-04	7e-04	2e-04	0	0.00423232620166565
1e-04	4e-04	2e-04	0.0011	4e-04	7e-04	0.022640011968641
0	0	0	0	0	0	2.73606273446464e-05
0	1e-04	2e-04	4e-04	4e-04	2e-04	0.00498332442286208
5e-04	1e-04	4e-04	0.0026	0.0015	9e-04	0.0349266388955594
0.0026	0.0013	8e-04	0.0071	0.0033	0.0032	0.0666620136485211
0	0	0	0	0	0	9.41630642786466e-05
0	0	0	0	0	0	5.82914807591389e-06
0	0	0	0	0	0	0.000651673990814265
3e-04	3e-04	1e-04	0.0012	8e-04	9e-04	0.0182713878354192
1e-04	1e-04	1e-04	0.0014	1e-04	6e-04	0.0053838696650547
0.0016	0.0024	0.0025	0.0143	0.0079	0.0074	0.101761361991707
0	0	0	2e-04	0	4e-04	0.00375478344251274
1e-04	1e-04	4e-04	0.0015	7e-04	8e-04	0.0196640097899659
0	0	1e-04	1e-04	6e-04	3e-04	0.00303982177479479
4e-04	0	2e-04	0.0012	9e-04	6e-04	0.0217260696492762
1e-04	5e-04	3e-04	9e-04	4e-04	3e-04	0.0166890468502472
0.0026	0.0012	0.0016	0.009	0.0055	0.0058	0.0919716226190015
0	0	1e-04	1e-04	2e-04	0	0.00286688190447702
1e-04	6e-04	0.001	0.0064	0.0046	0.0029	0.0682507956547515
0	0	0	0	0	0	0.00245033410439529
0	0	0	0	0	0	0.000956453817815441
7e-04	0.0012	7e-04	0.0068	0.002	0.0023	0.0629027049481627
0	0	0	0	0	0	0.000972155638359707
0	0	3e-04	0.0016	0.0014	0.001	0.0238267242983964
0	0	2e-04	0.0013	5e-04	3e-04	0.0127178137967331
0	2e-04	5e-04	5e-04	7e-04	3e-04	0.00876390880768416
0	0	2e-04	0.001	2e-04	1e-04	0.00895258803905934
0	0	0	0	0	0	0.000475786611314397
0	0	0	0	0	1e-04	0.00149218342792905
6e-04	0.0015	9e-04	0.0075	0.0035	0.0034	0.0713246376274896
1e-04	0	8e-04	0.001	0.0013	0.0021	0.0372728238626531
0	0	1e-04	5e-04	5e-04	1e-04	0.00821461971568561
0	0	0	0	0	0	3.8049032460351e-05
1e-04	2e-04	2e-04	0.0012	9e-04	5e-04	0.0136291738334191
1e-04	1e-04	4e-04	0.0016	0.0018	0.0012	0.0342470150928659
1e-04	0	0	3e-04	0	1e-04	0.00323656262271447
0.0137	0.0125	0.01	0.0576	0.03	0.0271	0.247720142711657
0.0014	0.0019	0.0015	0.0073	0.0039	0.0033	0.0771985136169759
6e-04	1e-04	7e-04	0.0041	0.0028	0.002	0.0551601834508678
0.0394	0.0398	0.0303	0.1475	0.0784	0.0869	0.490226298667274
1e-04	1e-04	3e-04	7e-04	5e-04	6e-04	0.0214278940316706
1e-04	2e-04	6e-04	0.0025	0.0036	0.0032	0.0388920335630443
0	2e-04	0	3e-04	1e-04	2e-04	0.00372667682651383
0	0	0	1e-04	0	6e-04	0.0021471885036346
0	0	0	1e-04	0	0	0.000639981240602738
0	0	0	2e-04	0	0	0.00227743933436585
6e-04	2e-04	0.0015	0.0042	0.0028	0.0032	0.0498479191540559
0	0	0	0	0	0	4.17346978570568e-05
0	1e-04	0	6e-04	4e-04	4e-04	0.00581490661757735
0	0	0	8e-04	1e-04	0	0.00253237131302503
3e-04	0.001	0.0025	0.0053	0.0037	0.006	0.0774000163304265
0	0	0	0	0	0	5.48574919939846e-05
0	0	4e-04	7e-04	5e-04	1e-04	0.0108585612664729
6e-04	0.0013	3e-04	0.0021	4e-04	0.001	0.00607287378107806
3e-04	0	2e-04	0.0011	5e-04	4e-04	0.0103527605253007
0	0	0	1e-04	0	0	0.00041240765748198
8e-04	0.001	0.0025	0.0099	0.0048	0.0065	0.099655338058
0	1e-04	6e-04	0.0017	0.0014	0.001	0.0271451730207913
4e-04	0	2e-04	9e-04	5e-04	5e-04	0.0118399404887815
0	0	0	0	0	0	0.000188043679751138
0	0	1e-04	5e-04	1e-04	0	0.00322771887441885
0.0126	0.0142	0.0236	0.0877	0.0507	0.053	0.384664617035331
0	0	0	7e-04	1e-04	4e-04	0.0054976408120096
0.0014	0.0018	0.0022	0.0099	0.0042	0.0054	0.083619237917218
1e-04	0	0	3e-04	0	3e-04	0.00412413471392631
1e-04	3e-04	4e-04	0.0015	0.001	0.0014	0.0266465924549408
3e-04	2e-04	5e-04	0.0026	0.0018	0.0016	0.0323347178001746
0	0	0	2e-04	0	0	0.00120700418962619
0	0	2e-04	3e-04	4e-04	3e-04	0.00410935129344325
3e-04	1e-04	1e-04	9e-04	2e-04	1e-04	0.00492126389452481
0	0	0	0	0	0	0.000427534443542911
6e-04	0.001	0.0015	0.0077	0.0052	0.0039	0.0870514886945278
8e-04	3e-04	0.0013	0.0067	0.0019	0.0032	0.0549626429817679
0	0	0	1e-04	0	0	0.000464534099082472
0	0	0	1e-04	0	0	0.000968473671258378
0	0	0	0	0	0	9.65166336544396e-05
0	1e-04	0	1e-04	3e-04	0	0.00171857071638406
2e-04	5e-04	0	5e-04	4e-04	4e-04	0.00259487601955692
0	0	0	1e-04	0	0	0.000436497791877384
0	0	0	0	0	0	0.000327642509197515
2e-04	0	7e-04	0.0021	4e-04	7e-04	0.0201108862154635
7e-04	4e-04	0.0015	0.0038	0.0018	0.0029	0.0385197645532698
0	0	0	0	0	0	0.00146746225823268
7e-04	6e-04	0.0016	0.0083	0.0035	0.0047	0.0862569514291247
0	1e-04	0	3e-04	0	1e-04	0.00620899813160365
0	3e-04	5e-04	0.0017	0.001	0.0016	0.0206598879579415
0	0	0	1e-04	1e-04	2e-04	0.00581799856322644
0	0	1e-04	2e-04	1e-04	1e-04	0.00413915710822661
1e-04	1e-04	2e-04	9e-04	2e-04	2e-04	0.0094474637985097
1e-04	4e-04	2e-04	5e-04	3e-04	0	0.00602486192063095
0	0	0	0	0	1e-04	0.00169451592763839
2e-04	0	0.0016	0.0041	0.0034	0.002	0.0549654014661146
2e-04	0	0.0011	0.0031	0.0022	0.003	0.0478239181485497
0	0	2e-04	0.0019	0.0013	1e-04	0.0185534128957177
0	3e-04	0.001	0.0023	0.0016	0.0026	0.0438468694196431
0.0081	0.0126	0.0065	0.0457	0.0264	0.0217	0.21842572204915
1e-04	2e-04	1e-04	2e-04	1e-04	2e-04	0.00511958113702726
0	0	0	0.001	3e-04	2e-04	0.0095577699816135
0	0	1e-04	0	0	0	0.00157718817527524
2e-04	5e-04	6e-04	0.0011	0.001	7e-04	0.0176240651983622
7e-04	3e-04	0	0.0013	2e-04	2e-04	0.00594828387608065
0	0	1e-04	3e-04	3e-04	2e-04	0.00499022248293927
0	0	1e-04	4e-04	0	1e-04	0.00401951820726995
0	0	0	0	0	0	0.000237656976976818
0	0	0	5e-04	0	1e-04	0.00157233748813018
0.0032	0.0036	0.002	0.0196	0.01	0.0091	0.150335462953886
1e-04	1e-04	5e-04	8e-04	5e-04	9e-04	0.0216543844122755
1e-04	0	4e-04	9e-04	9e-04	0.0011	0.0209215840494055
0	0	0	0	0	0	5.55350144437857e-05
0	0	2e-04	0	0	5e-04	0.00318448679436659
0.0087	0.0075	0.0098	0.0467	0.0278	0.0261	0.286496052648162
4e-04	2e-04	5e-04	0.0026	0.0019	0.0024	0.0405808197656365
0	0	0	0	0	0	6.81232794229313e-05
0	0	0	0	0	0	8.03041247709682e-08
1e-04	0	0	0	0	0	0.00147485123393546
0	0	2e-04	0	4e-04	0	0.00347853037892739
5e-04	0	9e-04	0.0039	0.0023	0.0012	0.0470614422998587
5e-04	0	0.0011	0.0031	0.0026	0.0018	0.0570914124393679
8e-04	0.0019	0.0028	0.0115	0.0067	0.007	0.0778082151499764
0	0	0	0	0	0	0.000425350854578549
0	0	0	0	0	0	6.86395366648699e-05
2e-04	0	2e-04	3e-04	0	0	0.00537162104092274
3e-04	0	3e-04	4e-04	4e-04	5e-04	0.0197396772587569
7e-04	4e-04	0.0014	0.0061	0.0028	0.0042	0.0767571175353245
0.077	0.0703	0.04	0.1875	0.1146	0.1121	0.545107133793069
0	0	0	0	0	0	0.000258764644988561
0	2e-04	0	0	0	0	0.00126311889155442
0	0	0	0	0	0	7.4475403438193e-06
0	0	0	0	0	0	2.72316172474086e-05
0	0	0	0	0	0	0.000389797626448413
3e-04	0	0	0	2e-04	0	0.00298081461289029
0	0	0	0	0	0	0.000101038116950023
2e-04	0.0012	0.0023	0.0066	0.0051	0.004	0.0912289005239402
0	0	0	0	0	0	0.00049289651061457
1e-04	0	0	4e-04	0	0	0.00237247833527218
0	0	0	1e-04	0	0	6.05208216171139e-05
7e-04	0.0024	3e-04	0.0033	0.0013	0.0014	0.0241097530881246
0	0	0	0	0	0	6.05127670705941e-07
9e-04	3e-04	9e-04	0.0039	0.002	0.0024	0.048799126228446
0	1e-04	2e-04	6e-04	7e-04	1e-04	0.00603908042279665
0	0	0	2e-04	0	1e-04	0.0032759225527764
2e-04	0	2e-04	2e-04	0.0016	4e-04	0.0234657808672329
0	0	0	0	2e-04	1e-04	0.00102880842690276
3e-04	2e-04	7e-04	0.0041	0.0012	0.002	0.0365379194561175
0	0	0	0	0	0	1.5684390860298e-05
0	1e-04	0	1e-04	1e-04	2e-04	0.00629913234030302
0	0	0	0	0	0	0.000504635269783632
0	0	0	0	0	0	0.000240081225853558
0	0	2e-04	8e-04	3e-04	6e-04	0.0187782367107121
0	0	0	0	0	0	3.94780074806868e-05
0.001	7e-04	6e-04	0.0051	0.0017	0.002	0.0427440436135709
2e-04	4e-04	2e-04	0.0018	5e-04	0.0012	0.0211739674509438
0	0	0	2e-04	0	0	0.00147635803849739
0	0	1e-04	3e-04	0	1e-04	0.00176268853761975
0	0	0	0	0	0	1.39308975813624e-05
0	0	0	1e-04	0	0	0.000362425291384481
0	0	0	0	0	0	0.000135684746863582
2e-04	2e-04	8e-04	0.0026	0.0011	7e-04	0.0287228813834123
2e-04	2e-04	0.0017	0.0026	0.0015	0.0016	0.0425296851441052
0.0058	0.0056	0.0107	0.0383	0.0267	0.0246	0.286851202361318
1e-04	0	5e-04	7e-04	2e-04	3e-04	0.00820678875333207
3e-04	0	2e-04	8e-04	3e-04	0.001	0.0124482983602081
0	0	0	1e-04	1e-04	4e-04	0.00216336695211576
1e-04	0	3e-04	0.0011	0.001	8e-04	0.0131621661580478
0	0	0	1e-04	0	0	0.00011640580833479
0	0	0	0	0	0	0.00019131848219401
0	0	0	0	0	0	0.000804255865079983
7e-04	4e-04	0.0028	0.0103	0.0045	0.0047	0.103409273197904
2e-04	0	0	0	1e-04	1e-04	0.00343345869780448
7e-04	3e-04	0.0013	0.0054	0.0039	0.0031	0.0705739967384963
0	1e-04	1e-04	1e-04	1e-04	1e-04	0.00885197537558206
4e-04	0	0	3e-04	7e-04	0	0.0129253449648357
0.0149	0.012	0.021	0.0723	0.0468	0.046	0.335352764452512
0	3e-04	1e-04	7e-04	4e-04	7e-04	0.00930643688883401
2e-04	0.0013	0.0011	0.0039	0.0025	0.0023	0.0452704942933376
7e-04	0.0017	0.0041	0.0168	0.0065	0.0064	0.13197039257818
8e-04	4e-04	0.0018	0.0036	0.0021	0.0025	0.0544221812642361
1e-04	0	3e-04	0.0015	4e-04	7e-04	0.00993350941824927
0	0	0	0	0	0	0.000207114789931482
0	0	1e-04	0	0	0	0.00109924735625929
0	0	0	0	0	0	2.25306622715361e-05
6e-04	0.0013	0.0016	0.0093	0.0052	0.0052	0.0869318502177494
0	0	0	0	0	0	0.00032066832330219
0	0	0	0	0	0	0.000389410925024677
8e-04	7e-04	0.0017	0.0053	0.004	0.0039	0.0563516207252562
0	0	1e-04	0	3e-04	5e-04	0.00422404395078759
5e-04	4e-04	7e-04	0.0014	0.0015	5e-04	0.0141496238810866
9e-04	1e-04	4e-04	0.0011	7e-04	3e-04	0.0154259623757231
0	0	0	0	0	0	2.12691442039318e-05
0	0	0	1e-04	0	2e-04	0.00346252083667981
7e-04	0.0012	0.0022	0.0104	0.0074	0.0066	0.0986687899544072
0	0	0	0	0	0	6.66253261774131e-05
0	0	3e-04	0	0	0	0.000636027215662999
0	0	0	2e-04	0	0	0.0016889532732412
0	2e-04	0	0	0	2e-04	0.00342143499402288
0	0	0	1e-04	0	0	0.0027526743234952
1e-04	0	2e-04	5e-04	2e-04	0	0.00497261889296908
0	0	0	0	0	0	2.2146554307468e-06
0	0	0	0	0	0	0.00177000904759849
1e-04	0	5e-04	8e-04	7e-04	0.0014	0.0254465013300473
0	0	1e-04	1e-04	5e-04	0	0.00890188945757234
6e-04	3e-04	0.0024	0.0087	0.0034	0.0046	0.0951692963322595
4e-04	0.001	0.0012	0.005	0.002	0.0019	0.0625764338092626
0	1e-04	4e-04	0.0025	0.0018	0.0011	0.0263211783464109
0	0	3e-04	0.0011	6e-04	9e-04	0.0145696067719535
3e-04	2e-04	4e-04	0.0023	0.001	0.0012	0.0204484583580173
0	0	0	0	1e-04	6e-04	0.00206214128465513
1e-04	0	4e-04	0.0019	0.0015	0.0011	0.0314968010263429
0	0	0	2e-04	0	1e-04	0.00234399667355327
0	0	0	0	0	2e-04	0.00178554701893645
2e-04	0	6e-04	0.0028	0.0015	5e-04	0.0322608624101497
1e-04	0	0	0	0	0	9.02057507414405e-05
0.0097	0.0112	0.0212	0.0773	0.0454	0.043	0.370615037859241
0	0.0013	5e-04	0.0042	0.0022	0.0024	0.0611037456146561
0	0	0	2e-04	0	0	0.000512865626264261
0	0	1e-04	1e-04	0	0	0.000749102256137729
0.197	0.1592	0.0803	0.3489	0.2296	0.2186	0.685279877746754
1e-04	3e-04	3e-04	0.0013	8e-04	7e-04	0.0276160423699511
0	0	0	1e-04	1e-04	1e-04	0.00373188883434623
0.0045	0.0042	0.0042	0.0192	0.0104	0.0138	0.0973975173249149
0.0034	0.0034	7e-04	0.009	0.006	0.0057	0.069864954220292
0	0	0	0	0	0	0.000264083646261822
1e-04	1e-04	3e-04	0.002	0.0012	0.0011	0.0218991043957571
0	0	2e-04	0.001	3e-04	6e-04	0.0111985678430209
0	0	0	0	0	0	0.000343836597900634
2e-04	0	0.0013	0.0046	0.0033	0.0021	0.0631969159956656
1e-04	0	0	0	4e-04	2e-04	0.003946449098601
0	0	0	0	0	0	0.000225286036413797
0	0	2e-04	2e-04	2e-04	0	0.00739819590824953
0	0	4e-04	0.0013	4e-04	7e-04	0.0179351080706541
0	0	0	0	0	0	6.07620771271769e-05
0	0	0	0	0	0	6.91831596217731e-07
3e-04	0	0	0	2e-04	3e-04	0.00168708271059801
5e-04	0	7e-04	0.0025	9e-04	0.0016	0.0325568351041072
0	0	0	0	1e-04	0	0.00126367117795041
0.0011	0.002	0.0047	0.0206	0.0105	0.0138	0.204630375926625
0	5e-04	5e-04	0.001	2e-04	2e-04	0.0176510718565569
2e-04	0	2e-04	6e-04	4e-04	4e-04	0.0114609765188878
5e-04	4e-04	7e-04	0.0039	0.0044	0.0026	0.0760010247029446
0.0025	0.0026	0.0036	0.0219	0.0098	0.0111	0.160552983234436
0	0	0	0	0	0	0.000313646436230349
0	0	0	0	0	2e-04	0.000203381206936032
9e-04	0.0013	8e-04	0.0069	0.0032	0.0029	0.0428712357474414
0	0	0	0	2e-04	0	0.000862921044475702
0.0049	0.0067	0.0101	0.0335	0.0296	0.0269	0.24628332292547
0	0	0	0	0	0	0.000168327724304326
0.0099	0.0084	6e-04	0.0142	0.0058	0.0063	0.0419927244592629
0.0053	0.0048	0.0024	0.018	0.0076	0.0079	0.118420277868887
1e-04	0	7e-04	6e-04	4e-04	1e-04	0.00728509201709563
8e-04	0.0014	0.0012	0.0095	0.0051	0.0043	0.0812527595292466
0	0	0	0	0	0	0.000102006303656811
3e-04	3e-04	0	7e-04	2e-04	5e-04	0.00831060804912245
0.0015	2e-04	5e-04	0.0033	7e-04	9e-04	0.0354321354246487
0	0	1e-04	1e-04	1e-04	0	0.00362538805138655
0	0	0	0	0	0	0.000184531533951068
1e-04	3e-04	7e-04	9e-04	2e-04	6e-04	0.0164681726405556
0	1e-04	1e-04	9e-04	9e-04	9e-04	0.0132912144876244
0	0	0	0	0	0	0.000332771264222384
0	0	0	1e-04	0	0	0.000616389798914195
0	0	0	1e-04	0	0	0.000226278811121699
0	0	7e-04	4e-04	4e-04	1e-04	0.0103754348978976
1e-04	5e-04	2e-04	8e-04	9e-04	4e-04	0.0151302648102491
0	0	0	0	0	0	0.000147808923824248
0	0	0	2e-04	0	0	0.00264739464405034
0	0	0	0	0	0	0.000792684436793861
2e-04	0	0	0	1e-04	2e-04	0.00156548973676567
0.0016	0.003	0.0026	0.0124	0.0089	0.0093	0.141246246631848
0	0	0	0	0	0	1.68359649483664e-05
2e-04	1e-04	0	2e-04	5e-04	3e-04	0.0112371255453013
0.0026	0.0029	0.0064	0.0264	0.0142	0.015	0.238059309426821
0	0	0	2e-04	0	2e-04	0.000658552644303036
0	0	0	5e-04	0	0	0.00467824882149747
0	0	0	2e-04	1e-04	0	0.00039440331644931
0	0	0	0	0	0	8.56179157205918e-05
0	0	0	2e-04	0	0	0.000122756021347394
0	0	0	3e-04	0	0	0.000693193688588644
0	0	0	1e-04	1e-04	2e-04	0.00229710082586198
4e-04	0	9e-04	9e-04	8e-04	0.0014	0.0181731148477475
1e-04	2e-04	1e-04	2e-04	0	0	0.00295274442907255
0	0	0	0	0	1e-04	0.000620474685595195
1e-04	2e-04	1e-04	4e-04	6e-04	1e-04	0.00791243724949132
0	0	2e-04	6e-04	4e-04	0	0.00780978756789276
1e-04	0	0	0	2e-04	1e-04	0.00349702152500246
1e-04	0	2e-04	5e-04	3e-04	9e-04	0.00995846325672175
0	0	0	0	0	1e-04	0.000238382909134073
0.0074	0.0091	0.0051	0.0304	0.0142	0.0193	0.177751590894357
0	0	0	0	0	0	7.54553251460947e-05
1e-04	0	2e-04	6e-04	4e-04	9e-04	0.0164761782958723
0	0	1e-04	0	0	1e-04	0.0066399569968651
0	0	0	0	1e-04	0	0.00159718645926557
0	0	2e-04	0	1e-04	0	0.00458349356612121
0	0	0	0	0	0	0.000646151663852296
0	0	0	7e-04	7e-04	4e-04	0.0175841416362501
0.0025	0.0016	0.0031	0.0128	0.009	0.0067	0.0611061054082788
0	0	0	1e-04	0	1e-04	0.000270459891624582
0.0017	0.0018	3e-04	0.0071	0.0023	0.002	0.0400709036394288
0	0	0	0	0	0	0.000196196283006948
1e-04	5e-04	6e-04	8e-04	6e-04	9e-04	0.0183157259998857
1e-04	1e-04	7e-04	0.0033	0.0014	0.0021	0.0442477044195372
1e-04	0	0	0	0	0	0.000475825235546638
0	1e-04	3e-04	6e-04	6e-04	2e-04	0.00670331599755913
1e-04	0	0	0	0	0	3.6456924594063e-05
0	0	6e-04	8e-04	6e-04	6e-04	0.00996899886537802
0	0	1e-04	7e-04	7e-04	0.0015	0.0145639551780518
0	0	0	3e-04	0	1e-04	0.00481703758741061
3e-04	0.0011	0.0015	0.0039	0.0037	0.0017	0.0402529941229868
