FMP	RMP	FPP	UPP	ANPP	NPP	ANCOVA
0	0	0	0	0	0	0
0	0	1	0	0	0	0
0	0	0	0	0	0	0
0	0	0	0	0	0	0
0	0	0	0	0	0	0
0	0	0	0	0	0	0
0	0	1	0	0	0	0
0	0	0	0	0	0	0
0	0	0	0	0	0	0
0	0	0	0	0	0	0
0	0	0	0	0	0	0
1	1	1	1	1	1	0
0	0	0	0	0	0	0
0	0	0	0	0	0	0
0	0	0	0	0	0	0
0	0	0	0	0	0	0
0	0	0	0	0	0	0
1	1	1	1	1	1	1
1	1	1	0	0	0	0
1	1	1	1	1	1	0
0	0	0	0	0	0	0
0	0	0	0	0	0	0
0	0	0	0	0	0	0
0	0	0	0	0	0	0
0	0	0	0	0	0	0
0	0	1	0	0	0	0
0	0	0	0	0	0	0
1	1	1	1	1	1	0
0	0	1	0	0	0	0
0	0	1	0	0	0	0
1	1	1	1	1	1	0
0	0	0	0	0	0	0
0	0	0	0	0	0	0
0	0	0	0	0	0	0
1	1	1	0	1	1	0
1	1	1	0	0	0	0
0	0	0	0	0	0	0
0	0	0	0	0	0	0
0	0	1	0	0	0	0
1	1	1	1	1	1	0
0	0	0	0	0	0	0
0	0	1	0	0	0	0
0	0	0	0	0	0	0
0	0	1	0	0	0	0
0	0	0	0	0	0	0
0	0	1	0	0	0	0
0	0	0	0	0	0	0
0	0	1	0	0	0	0
1	1	1	1	1	1	0
0	0	0	0	0	0	0
0	0	1	0	0	0	0
0	0	1	0	0	0	0
0	0	0	0	0	0	0
0	0	1	0	0	0	0
0	0	0	0	0	0	0
1	1	1	0	1	1	0
0	0	0	0	0	0	0
0	0	0	0	0	0	0
0	0	0	0	0	0	0
0	1	1	0	0	0	0
0	0	1	0	0	0	0
0	0	0	0	0	0	0
0	0	0	0	0	0	0
0	0	0	0	0	0	0
0	0	0	0	0	0	0
0	0	0	0	0	0	0
0	0	1	0	0	0	0
1	1	1	0	1	1	0
0	0	1	0	0	0	0
0	0	1	0	0	0	0
0	0	0	0	0	0	0
1	1	1	1	1	1	1
0	0	1	0	0	0	0
0	0	1	0	0	0	0
0	0	0	0	0	0	0
0	1	1	0	0	1	0
0	0	1	0	0	0	0
1	1	0	0	0	0	0
0	0	1	0	0	0	0
0	0	0	0	0	0	0
0	0	0	0	0	0	0
0	0	0	0	0	0	0
1	1	1	1	1	1	0
0	0	1	0	0	0	0
0	0	0	0	0	0	0
0	0	1	0	0	0	0
0	0	0	0	0	0	0
0	0	1	0	1	1	0
0	0	1	0	0	0	0
1	1	1	0	1	1	0
1	1	1	1	1	1	0
1	1	1	0	1	1	0
1	1	1	0	1	1	0
1	1	1	1	1	1	1
0	0	0	0	0	0	0
1	1	1	0	0	0	0
0	0	0	0	0	0	0
0	0	0	0	0	0	0
0	0	0	0	0	0	0
0	0	1	0	0	0	0
0	0	1	0	0	0	0
0	0	0	0	0	0	0
0	0	1	0	0	0	0
0	0	0	0	0	0	0
0	0	1	0	0	0	0
0	0	0	0	0	0	0
0	0	0	0	0	0	0
1	1	1	0	0	0	0
0	0	0	0	0	0	0
1	1	1	0	1	0	0
0	0	0	0	0	0	0
0	0	0	0	0	0	0
0	0	1	0	0	0	0
0	0	0	0	0	0	0
0	0	0	0	0	0	0
0	0	1	0	0	0	0
0	0	0	0	0	0	0
1	1	1	0	1	0	0
0	0	1	0	0	0	0
0	0	0	0	0	0	0
0	0	0	0	0	0	0
0	0	0	0	0	0	0
0	0	0	0	0	0	0
1	1	1	1	1	1	0
0	0	1	0	0	0	0
0	0	1	0	0	0	0
1	1	1	1	1	1	0
0	0	0	0	0	0	0
1	1	1	0	1	1	0
0	0	0	0	0	0	0
0	0	0	0	0	0	0
1	1	1	0	0	0	0
1	1	1	0	1	1	0
1	1	1	0	0	0	0
1	1	1	1	1	1	1
0	0	1	0	0	0	0
0	0	1	0	0	0	0
1	1	1	0	1	1	0
0	0	0	0	0	0	0
1	1	1	1	1	1	1
1	1	1	1	1	1	0
1	1	1	1	1	1	0
1	1	1	1	1	1	1
0	0	0	0	0	0	0
1	1	1	0	1	1	0
0	0	1	0	0	0	0
0	0	1	0	0	0	0
0	0	1	0	0	0	0
0	0	0	0	0	0	0
0	0	1	0	0	0	0
0	0	0	0	0	0	0
0	0	0	0	0	0	0
0	0	1	0	0	0	0
1	1	1	0	1	1	0
1	1	1	1	1	1	1
0	0	0	0	0	0	0
0	0	1	0	0	0	0
0	0	1	0	1	1	0
1	1	1	1	1	1	1
0	0	0	0	0	0	0
0	0	1	0	1	1	0
0	0	1	0	0	0	0
0	0	1	0	0	0	0
1	1	1	1	1	1	1
0	1	1	0	0	0	0
0	0	1	0	0	0	0
0	0	1	0	0	0	0
0	0	0	0	0	0	0
1	1	1	1	1	1	0
0	0	0	0	0	0	0
1	1	1	1	1	1	0
0	0	0	0	0	0	0
1	1	1	1	1	1	0
1	1	1	1	1	1	1
1	1	1	1	1	1	0
0	0	1	0	0	0	0
0	0	1	0	0	0	0
1	1	1	1	1	1	0
1	1	1	1	1	1	0
1	1	1	0	0	0	0
1	1	1	1	1	1	0
0	0	0	0	0	0	0
1	1	1	1	1	1	0
0	0	1	0	0	0	0
0	0	1	0	0	1	0
1	1	1	1	1	1	0
0	1	1	0	0	0	0
0	0	0	0	0	0	0
0	0	0	0	0	0	0
1	1	1	1	1	1	1
0	0	0	0	0	0	0
0	0	1	0	0	0	0
0	0	0	0	0	0	0
0	0	0	0	0	0	0
0	0	0	0	0	0	0
0	0	0	0	0	0	0
0	0	0	0	0	0	0
0	0	0	0	0	0	0
0	0	0	0	0	0	0
0	0	0	0	0	0	0
0	0	0	0	0	0	0
0	0	0	0	0	0	0
0	0	0	0	0	0	0
0	0	1	0	0	0	0
0	0	0	0	0	0	0
0	0	0	0	0	0	0
1	1	1	1	1	1	0
0	0	1	0	0	0	0
0	0	0	0	0	0	0
0	0	1	0	0	0	0
0	0	0	0	0	0	0
0	0	0	0	0	0	0
0	0	0	0	0	0	0
0	0	0	0	0	0	0
1	0	1	0	0	0	0
0	0	1	0	0	0	0
1	1	1	1	1	1	0
0	0	1	0	0	0	0
0	0	1	0	0	0	0
1	1	1	1	1	1	0
0	0	1	0	0	0	0
0	0	1	0	0	0	0
1	1	1	0	1	1	0
1	1	1	0	1	0	0
1	1	1	0	0	0	0
0	0	0	0	0	0	0
0	0	0	0	0	0	0
0	0	0	0	0	0	0
0	0	0	0	0	0	0
0	0	1	0	1	0	0
0	0	0	0	0	0	0
0	0	1	0	0	0	0
0	0	1	0	0	0	0
0	0	0	0	0	0	0
0	0	0	0	0	0	0
0	0	0	0	0	0	0
0	0	1	0	0	0	0
0	0	0	0	0	0	0
0	0	1	0	0	0	0
0	0	0	0	0	0	0
1	1	1	1	1	1	0
0	0	0	0	0	0	0
1	1	1	1	1	1	0
0	0	1	0	0	0	0
0	0	0	0	0	0	0
0	0	0	0	0	0	0
1	1	1	0	1	1	0
0	0	1	0	0	0	0
1	1	1	1	1	1	0
0	0	1	0	0	0	0
0	0	0	0	0	0	0
0	0	0	0	0	0	0
1	1	1	1	1	1	0
0	0	0	0	0	0	0
0	0	1	0	0	0	0
1	1	1	0	1	1	0
0	0	0	0	0	0	0
0	0	1	0	0	0	0
0	0	0	0	0	0	0
0	0	0	0	0	0	0
1	1	1	1	1	1	0
0	0	0	0	0	0	0
0	0	1	0	0	0	0
0	0	0	0	0	0	0
0	0	0	0	0	0	0
0	0	0	0	0	0	0
1	1	1	1	1	1	0
1	1	1	0	1	1	0
0	0	0	0	0	0	0
1	1	1	1	1	1	1
0	0	1	0	0	0	0
1	0	1	1	1	1	0
0	0	0	0	0	0	0
0	0	0	0	0	0	0
0	0	0	0	0	0	0
0	0	1	0	0	0	0
0	0	1	0	0	0	0
0	0	1	1	1	1	0
1	1	1	1	1	1	0
0	0	1	0	0	0	0
0	0	0	0	0	0	0
0	0	0	0	0	0	0
0	0	1	0	0	0	0
0	0	1	0	0	0	0
1	1	1	1	1	1	0
0	0	1	0	0	0	0
0	0	1	0	0	0	0
1	1	1	1	1	1	0
0	0	1	0	0	0	0
0	0	1	0	0	0	0
0	0	0	0	0	0	0
0	1	1	0	0	0	0
0	0	0	0	0	0	0
0	0	1	0	0	0	0
0	0	0	0	0	0	0
0	0	0	0	0	0	0
0	0	0	0	0	0	0
0	0	0	0	0	0	0
0	0	1	0	0	0	0
0	0	0	0	0	0	0
0	0	0	0	0	0	0
0	0	0	0	0	0	0
0	0	0	0	0	0	0
0	0	0	0	0	0	0
0	0	1	0	0	0	0
1	1	1	1	1	1	0
0	0	1	0	0	0	0
0	0	0	0	0	0	0
0	0	0	0	0	0	0
0	0	1	0	0	0	0
0	0	0	0	0	0	0
0	0	0	0	0	0	0
1	1	1	1	1	1	0
0	0	0	0	0	0	0
0	0	1	0	0	0	0
0	0	1	0	0	0	0
0	0	1	0	0	0	0
0	0	0	0	0	0	0
0	0	1	0	0	0	0
1	1	1	1	1	1	1
0	0	0	0	0	0	0
0	0	1	0	0	0	0
0	0	0	0	0	0	0
0	0	0	0	0	0	0
1	1	1	1	1	1	0
0	0	1	0	0	0	0
0	0	0	0	0	0	0
0	0	1	0	0	0	0
0	0	1	0	0	0	0
0	0	0	0	0	0	0
1	1	1	1	1	1	1
0	0	0	0	0	0	0
0	0	0	0	0	0	0
1	1	1	1	1	1	1
0	0	0	0	0	0	0
0	0	0	0	0	0	0
0	0	0	0	0	0	0
1	1	1	0	1	1	0
0	0	0	0	0	0	0
1	1	1	0	1	1	0
0	0	0	0	0	0	0
1	1	1	1	1	1	1
0	0	0	0	0	0	0
0	0	0	0	0	0	0
0	0	1	0	0	0	0
0	0	0	0	0	0	0
0	0	1	0	1	1	0
1	1	1	0	0	0	0
0	0	1	0	0	0	0
1	1	1	0	1	1	0
1	1	1	1	1	1	0
0	0	1	0	0	0	0
0	0	0	0	0	0	0
1	1	1	0	0	1	0
1	1	1	1	1	1	0
0	0	0	0	0	0	0
1	1	1	0	1	1	0
1	1	1	1	1	1	0
0	0	1	0	0	0	0
0	0	0	0	0	0	0
0	0	1	0	0	0	0
0	0	0	0	0	0	0
1	1	1	1	1	1	0
1	1	1	0	1	1	0
1	1	1	0	1	1	0
0	0	0	0	0	0	0
0	0	1	0	0	0	0
1	1	1	1	1	1	0
0	0	0	0	0	0	0
0	0	1	0	0	0	0
0	0	0	0	0	0	0
1	1	1	0	1	1	0
0	0	0	0	0	0	0
1	1	1	1	1	1	0
0	0	1	0	0	0	0
0	0	0	0	0	0	0
0	0	1	0	0	0	0
0	0	1	0	0	0	0
0	0	0	0	0	0	0
0	0	1	0	0	0	0
0	0	0	0	0	0	0
0	0	1	0	0	0	0
1	1	1	1	1	1	0
1	1	1	0	0	0	0
0	0	1	0	0	0	0
0	0	0	0	0	0	0
0	0	0	0	0	0	0
0	0	0	0	0	0	0
0	0	0	0	0	0	0
0	0	1	0	0	0	0
1	1	1	0	1	1	0
0	0	0	0	0	0	0
0	0	1	0	0	0	0
0	0	0	0	0	0	0
0	0	0	0	0	0	0
0	0	1	0	0	0	0
0	0	0	0	0	0	0
0	0	0	0	0	0	0
0	0	0	0	0	0	0
0	0	1	0	0	0	0
0	0	0	0	0	0	0
0	0	0	0	0	0	0
0	0	0	0	0	0	0
0	0	0	0	0	0	0
0	0	0	0	0	0	0
0	0	0	0	0	0	0
1	1	1	1	1	1	0
0	0	0	0	0	0	0
1	1	1	1	1	1	0
0	0	0	0	0	0	0
0	0	0	0	0	0	0
0	0	0	0	0	0	0
0	0	1	0	0	0	0
0	0	0	0	0	0	0
0	0	1	0	0	0	0
1	1	1	0	1	1	0
1	1	1	0	1	1	0
0	0	0	0	0	0	0
0	0	1	0	0	0	0
1	1	1	0	1	1	0
1	1	1	0	0	0	0
1	1	1	1	1	1	0
1	1	1	0	0	0	0
0	0	1	0	0	0	0
0	0	0	0	0	0	0
0	0	0	0	0	0	0
0	0	1	0	0	0	0
0	0	0	0	0	0	0
0	0	0	0	0	0	0
1	1	1	1	1	1	1
0	0	0	0	0	0	0
1	1	1	0	1	1	0
0	0	1	0	0	0	0
0	0	1	0	0	0	0
0	0	0	0	0	0	0
0	0	0	0	0	0	0
0	0	0	0	0	0	0
1	1	1	0	1	1	0
0	0	0	0	0	0	0
1	1	1	1	1	1	0
0	0	0	0	0	0	0
1	1	1	0	0	0	0
1	1	1	1	1	1	0
1	1	1	1	1	1	0
0	0	1	0	0	0	0
0	0	0	0	0	0	0
0	0	0	0	0	0	0
1	1	1	1	1	1	0
1	1	1	0	1	1	0
0	0	0	0	0	0	0
1	1	1	1	1	1	0
0	0	0	0	0	0	0
1	1	1	0	1	1	0
1	1	1	1	1	1	0
1	1	1	1	1	1	0
1	1	1	1	1	1	0
1	1	1	0	1	1	0
0	0	0	0	0	0	0
0	0	0	0	0	0	0
0	0	1	0	0	0	0
0	0	1	0	0	0	0
1	1	1	1	1	1	0
1	1	1	1	1	1	1
0	0	0	0	0	0	0
0	0	1	0	0	0	0
1	1	1	1	1	1	0
0	0	1	0	0	0	0
1	1	1	1	1	1	0
1	1	1	0	1	1	0
0	0	1	0	0	0	0
0	0	0	0	0	0	0
0	0	1	0	0	0	0
0	0	0	0	0	0	0
0	0	0	0	0	0	0
0	0	0	0	0	0	0
0	0	1	0	0	0	0
1	1	1	0	1	1	0
1	1	1	0	1	1	0
0	0	0	0	0	0	0
0	0	0	0	0	0	0
1	1	1	1	1	1	0
0	0	0	0	0	0	0
1	1	1	1	1	1	0
1	1	1	1	1	1	0
0	0	0	0	0	0	0
1	1	1	1	1	1	0
0	0	1	0	0	0	0
0	0	0	0	0	0	0
1	1	1	0	1	1	0
1	1	1	1	1	1	1
0	0	1	0	0	0	0
0	0	1	0	0	0	0
1	1	1	0	0	0	0
0	0	0	0	0	0	0
0	0	1	0	0	0	0
1	1	1	1	1	1	0
0	0	0	0	0	0	0
0	0	0	0	0	0	0
1	1	1	0	0	0	0
0	0	1	0	0	0	0
0	0	0	0	0	0	0
0	0	1	0	0	0	0
0	0	1	0	0	0	0
0	0	1	0	0	0	0
0	0	0	0	0	0	0
0	0	1	1	1	1	0
0	0	0	0	0	0	0
0	0	1	0	0	0	0
0	0	0	0	0	0	0
1	1	1	1	1	1	0
1	1	1	1	1	1	0
0	0	0	0	0	0	0
0	0	0	0	0	0	0
0	0	1	0	0	0	0
0	0	0	0	0	0	0
0	0	1	0	0	0	0
0	0	1	0	0	0	0
0	0	0	0	0	0	0
0	0	0	0	0	0	0
0	0	0	0	0	0	0
0	0	0	0	0	0	0
0	0	0	0	0	0	0
0	0	0	0	0	0	0
0	0	0	0	0	0	0
0	0	0	0	0	0	0
1	1	1	0	1	1	0
1	1	1	0	0	0	0
1	1	1	1	1	1	0
0	0	0	0	0	0	0
0	0	1	0	0	0	0
0	0	0	0	0	0	0
0	1	0	0	0	0	0
0	0	1	0	0	0	0
0	0	1	0	0	0	0
0	0	1	0	0	0	0
0	0	1	0	0	0	0
0	0	1	0	0	0	0
0	0	0	0	0	0	0
0	0	1	0	0	0	0
0	0	0	0	0	0	0
1	1	1	0	1	1	0
0	0	0	0	0	0	0
0	0	0	0	0	0	0
0	0	1	0	0	0	0
0	0	1	0	0	0	0
0	0	0	0	0	0	0
0	0	0	0	0	0	0
1	1	1	1	1	1	0
0	0	0	0	0	0	0
0	0	1	0	0	0	0
1	1	1	0	1	1	0
0	0	0	0	0	0	0
0	0	0	0	0	0	0
1	1	1	1	1	1	0
0	0	1	0	0	0	0
0	0	1	0	0	0	0
1	1	1	1	1	1	0
0	0	0	0	0	0	0
0	0	1	0	0	0	0
0	0	0	0	0	0	0
0	0	1	0	0	0	0
0	0	0	0	0	0	0
0	0	0	0	0	0	0
0	0	1	0	0	0	0
0	0	0	0	0	0	0
1	1	1	1	1	1	0
1	1	1	1	1	1	0
1	1	1	1	1	1	0
0	0	0	0	0	0	0
0	0	1	0	0	0	0
0	0	1	0	0	0	0
0	0	0	0	0	0	0
0	1	1	0	0	0	0
0	0	1	0	0	0	0
0	0	0	0	0	0	0
0	0	0	0	0	0	0
1	1	1	1	1	1	1
0	0	1	0	0	0	0
0	0	0	0	0	0	0
1	1	1	0	1	1	0
1	1	1	1	1	1	1
0	0	1	0	0	0	0
1	0	1	0	1	1	0
1	1	1	1	1	1	1
0	0	0	0	0	0	0
0	0	0	0	0	0	0
0	0	0	0	0	0	0
0	0	0	0	0	0	0
0	0	1	0	0	0	0
0	0	0	0	0	0	0
0	0	1	0	0	0	0
0	0	1	0	1	1	0
0	0	0	0	0	0	0
0	0	0	0	0	0	0
0	0	0	0	0	0	0
0	0	0	0	0	0	0
1	1	1	0	1	1	0
0	0	0	0	0	0	0
0	0	0	0	0	0	0
0	0	1	0	0	0	0
1	1	1	1	1	1	1
0	0	1	0	0	0	0
0	0	1	0	0	0	0
1	1	1	1	1	1	1
0	0	0	0	0	0	0
0	0	1	0	1	1	0
0	0	0	0	0	0	0
0	0	0	0	0	0	0
1	1	1	1	1	1	1
0	0	0	0	0	0	0
1	1	1	0	1	1	0
1	1	1	0	0	0	0
0	0	0	0	0	0	0
0	0	0	0	0	0	0
0	0	0	0	0	0	0
0	0	1	0	0	0	0
0	0	0	0	0	0	0
1	1	1	1	1	1	0
0	0	1	0	0	0	0
0	0	0	0	0	0	0
0	0	0	0	0	0	0
0	0	0	0	0	0	0
1	1	1	1	1	1	1
0	0	0	0	0	0	0
0	0	1	0	0	0	0
0	0	1	0	0	0	0
0	0	0	0	0	0	0
0	0	0	0	0	0	0
0	0	1	0	0	0	0
0	0	0	0	0	0	0
0	0	0	0	0	0	0
0	0	0	0	0	0	0
1	1	1	0	0	0	0
1	1	1	0	1	1	0
0	0	0	0	0	0	0
0	0	1	0	0	0	0
1	1	1	1	1	1	1
0	0	1	0	0	0	0
1	1	1	1	1	1	0
1	1	1	1	1	1	0
1	1	1	0	0	0	0
1	1	1	1	1	1	0
1	1	1	1	1	1	0
0	0	1	0	0	0	0
0	0	0	0	0	0	0
0	0	1	0	0	0	0
1	1	1	1	1	1	0
0	0	0	0	0	0	0
0	0	0	0	0	0	0
0	0	1	0	0	0	0
1	1	1	1	1	1	0
1	1	1	1	1	1	0
0	0	1	0	0	0	0
0	0	1	0	0	0	0
1	1	1	1	1	1	0
1	1	1	1	1	1	0
0	0	1	0	0	0	0
1	1	1	0	1	1	0
0	0	0	0	0	0	0
0	0	1	0	0	0	0
1	1	1	0	0	0	0
0	0	0	0	0	0	0
0	0	0	0	0	0	0
0	0	0	0	0	0	0
1	0	1	0	0	0	0
0	0	0	0	0	0	0
0	0	0	0	0	0	0
0	0	1	0	0	0	0
0	0	1	0	0	0	0
0	0	1	0	0	0	0
0	0	0	0	0	0	0
0	0	0	0	0	0	0
0	0	0	0	0	0	0
0	0	0	0	0	0	0
0	0	0	0	0	0	0
1	1	1	0	1	1	0
1	1	1	0	1	1	0
0	0	0	0	0	0	0
0	0	0	0	0	0	0
0	0	0	0	0	0	0
0	0	0	0	0	0	0
0	0	0	0	0	0	0
0	0	0	0	0	0	0
0	0	1	0	1	1	0
0	0	0	0	0	0	0
0	0	0	0	0	0	0
0	0	0	0	0	0	0
0	0	0	0	0	0	0
0	0	0	0	0	0	0
0	0	0	0	0	0	0
0	1	1	0	1	1	0
0	0	1	0	0	0	0
0	0	0	0	0	0	0
0	0	1	0	0	0	0
1	1	1	0	0	0	0
0	0	0	0	0	0	0
0	0	0	0	0	0	0
0	0	0	0	0	0	0
0	0	0	0	0	0	0
0	0	0	0	0	0	0
0	0	0	0	0	0	0
0	0	0	0	0	0	0
0	0	1	0	0	0	0
0	0	0	0	0	0	0
0	0	1	0	0	0	0
0	0	1	0	0	0	0
0	0	0	0	0	0	0
0	0	0	0	0	0	0
0	0	0	0	0	0	0
0	0	1	0	0	0	0
0	0	0	0	0	0	0
1	1	1	1	1	1	0
0	0	1	0	0	0	0
1	1	1	0	1	1	0
1	1	1	1	1	1	0
0	0	0	0	0	0	0
1	1	1	0	1	1	0
1	1	1	0	0	0	0
0	0	0	0	0	0	0
0	0	0	0	0	0	0
0	0	1	0	0	0	0
1	1	1	1	1	1	1
1	1	1	1	1	1	1
1	1	1	0	1	1	0
0	0	0	0	0	0	0
1	1	1	0	0	0	0
0	0	0	0	0	0	0
0	0	0	0	0	0	0
1	1	1	0	0	0	0
0	0	0	0	0	0	0
0	0	0	0	0	0	0
1	1	1	1	1	1	0
0	0	1	0	0	0	0
1	1	1	0	0	0	0
1	1	1	0	1	1	0
0	0	0	0	0	0	0
0	0	0	0	0	0	0
0	0	0	0	0	0	0
0	0	1	0	1	1	0
1	1	1	0	0	0	0
0	0	0	0	0	0	0
1	1	1	1	1	1	0
0	0	0	0	0	0	0
0	0	0	0	0	0	0
0	0	0	0	0	0	0
0	0	1	0	0	0	0
0	0	0	0	0	0	0
0	0	0	0	0	0	0
0	0	0	0	0	0	0
1	1	1	1	1	1	1
1	1	1	0	0	0	0
1	1	1	1	1	1	1
0	0	1	0	0	0	0
0	0	1	0	0	0	0
0	0	0	0	0	0	0
0	0	0	0	0	0	0
0	0	0	0	0	0	0
1	0	1	0	1	1	0
0	0	1	0	0	0	0
0	0	0	0	0	0	0
1	1	1	1	1	1	0
1	1	1	1	1	1	0
0	0	0	0	0	0	0
0	0	0	0	0	0	0
0	0	0	0	0	0	0
0	0	1	0	1	1	0
1	1	1	1	1	1	0
0	0	1	0	0	0	0
0	0	1	0	0	0	0
0	0	0	0	0	0	0
0	0	1	0	0	0	0
0	0	1	0	0	0	0
1	1	1	0	1	1	0
1	1	1	0	1	1	0
0	0	1	0	0	0	0
0	0	0	0	0	0	0
0	0	0	0	0	0	0
0	0	0	0	0	0	0
1	1	1	1	1	1	1
1	1	1	0	1	1	0
0	0	1	0	0	0	0
1	1	1	1	1	1	1
0	0	0	0	0	0	0
0	0	1	0	0	0	0
1	1	1	1	1	1	1
0	0	0	0	0	0	0
0	0	1	0	1	0	0
0	0	0	0	0	0	0
1	1	1	1	1	1	0
1	1	1	0	0	0	0
0	0	0	0	0	0	0
0	0	0	0	0	0	0
1	1	1	1	1	1	1
0	0	1	0	0	0	0
0	0	0	0	0	0	0
0	0	1	0	0	0	0
0	0	0	0	0	0	0
1	1	1	1	1	1	1
0	0	0	0	0	0	0
1	1	1	0	1	0	0
0	0	1	0	0	0	0
0	0	0	0	0	0	0
1	1	1	1	1	1	0
1	1	1	1	1	1	0
0	0	0	0	0	0	0
0	0	1	0	0	0	0
1	1	1	0	1	1	0
0	0	0	0	0	0	0
0	0	0	0	0	0	0
0	0	0	0	0	0	0
0	0	0	0	0	0	0
0	0	0	0	0	0	0
1	1	1	1	1	1	0
0	0	1	0	0	0	0
0	0	1	0	0	0	0
0	0	1	0	1	1	0
1	1	1	0	0	0	0
0	0	0	0	0	0	0
0	0	1	0	0	0	0
0	0	1	0	0	0	0
0	0	0	0	0	0	0
0	0	1	0	0	0	0
0	0	1	0	0	0	0
1	1	1	1	1	1	0
0	0	0	0	0	0	0
0	0	0	0	0	0	0
0	0	0	0	0	0	0
0	0	0	0	0	0	0
1	1	1	1	1	1	0
0	0	1	0	0	0	0
0	0	0	0	0	0	0
1	1	1	1	1	1	0
1	1	1	0	0	0	0
1	1	1	0	0	0	0
0	0	1	0	0	0	0
0	0	0	0	0	0	0
0	0	0	0	0	0	0
0	0	0	0	0	0	0
1	1	1	0	1	1	0
0	0	0	0	0	0	0
0	0	1	0	0	0	0
0	0	1	0	0	0	0
0	0	0	0	0	0	0
0	0	0	0	0	0	0
0	0	0	0	0	0	0
0	0	0	0	0	0	0
0	0	1	0	0	0	0
0	0	0	0	0	0	0
0	0	1	0	0	0	0
0	0	1	0	0	0	0
0	0	1	0	0	0	0
1	1	1	1	1	1	0
0	0	1	0	0	0	0
0	0	0	0	0	0	0
0	0	0	0	0	0	0
1	1	1	1	1	1	0
0	0	0	0	0	0	0
0	0	1	0	0	0	0
0	0	0	0	0	0	0
1	1	1	1	1	1	0
0	0	0	0	0	0	0
0	0	1	0	0	0	0
0	0	1	0	0	0	0
0	0	1	0	0	0	0
0	0	0	0	0	0	0
0	0	1	0	0	0	0
0	0	0	0	0	0	0
0	0	0	0	0	0	0
1	1	1	1	1	1	0
0	0	1	0	1	1	0
0	0	0	0	0	0	0
1	1	1	0	0	0	0
0	0	0	0	0	0	0
0	0	1	0	0	0	0
0	0	1	0	0	0	0
1	1	1	1	1	1	0
1	1	1	1	1	1	0
0	0	0	0	0	0	0
0	0	1	0	0	0	0
0	0	0	0	0	0	0
0	0	0	0	0	0	0
0	0	0	0	0	0	0
0	0	0	0	0	0	0
0	0	0	0	0	0	0
1	1	1	0	1	1	0
0	0	1	0	0	0	0
0	0	1	0	0	0	0
0	0	1	0	1	1	0
0	0	0	0	0	0	0
0	0	1	0	0	0	0
1	1	1	1	1	1	0
0	0	0	0	0	0	0
0	0	0	0	0	0	0
0	0	0	0	0	0	0
0	0	1	0	1	1	0
0	0	1	0	0	0	0
0	0	1	0	0	0	0
0	0	0	0	0	0	0
0	0	0	0	0	0	0
0	0	0	0	0	0	0
0	0	0	0	0	0	0
0	0	1	0	1	1	0
1	1	1	1	1	1	1
0	0	0	0	0	0	0
0	0	0	0	0	0	0
1	1	1	0	0	0	0
0	0	0	0	0	0	0
1	1	1	1	1	1	0
0	0	0	0	0	0	0
0	0	0	0	0	0	0
0	0	0	0	0	0	0
0	0	0	0	0	0	0
1	1	1	1	1	1	0
0	0	0	0	0	0	0
0	0	0	0	0	0	0
1	1	1	1	1	1	0
0	0	0	0	0	0	0
0	0	0	0	0	0	0
0	0	0	0	0	0	0
1	1	1	1	1	1	1
1	1	1	1	1	1	1
0	0	0	0	0	0	0
0	0	0	0	0	0	0
0	0	0	0	0	0	0
1	1	1	0	1	1	0
0	0	1	0	0	0	0
0	0	0	0	0	0	0
0	0	0	0	0	0	0
0	0	0	0	0	0	0
0	0	0	0	0	0	0
1	1	1	1	1	1	0
0	0	0	0	0	0	0
1	1	1	1	1	1	1
0	0	1	0	0	0	0
0	0	0	0	0	0	0
0	0	0	0	0	0	0
0	0	0	0	0	0	0
1	1	1	0	1	1	0
0	0	0	0	0	0	0
1	0	1	0	1	1	0
0	0	0	0	0	0	0
0	0	1	0	0	0	0
1	1	1	1	1	1	0
0	0	0	0	0	0	0
0	0	1	0	0	0	0
0	0	1	0	0	0	0
0	0	0	0	0	0	0
0	0	0	0	0	0	0
0	0	1	0	0	0	0
0	0	1	0	0	0	0
1	1	1	1	1	1	0
0	0	1	0	0	0	0
1	1	1	1	1	1	0
0	0	0	0	0	0	0
0	0	0	0	0	0	0
0	0	0	0	0	0	0
0	0	1	0	0	0	0
0	0	1	0	0	0	0
0	0	1	0	0	0	0
0	0	0	0	0	0	0
0	0	0	0	0	0	0
1	1	1	1	1	1	0
0	0	1	0	0	0	0
0	0	0	0	0	0	0
0	0	1	0	0	0	0
0	0	1	0	0	0	0
1	1	1	1	1	1	0
1	1	1	1	1	1	1
1	1	1	1	1	1	0
0	0	0	0	0	0	0
0	0	0	0	0	0	0
0	0	0	0	0	0	0
1	1	1	1	1	1	0
0	0	0	0	0	0	0
0	0	0	0	0	0	0
0	0	1	0	0	0	0
1	1	1	0	0	0	0
1	1	1	0	0	1	0
1	1	1	0	0	0	0
1	1	1	1	1	1	0
1	1	1	1	1	1	1
0	0	0	0	0	0	0
0	0	0	0	0	0	0
0	0	0	0	0	0	0
0	0	1	0	0	0	0
1	1	1	0	1	1	0
0	0	1	0	0	0	0
0	0	0	0	0	0	0
0	0	1	0	0	0	0
0	0	0	0	0	0	0
1	1	1	1	1	1	1
1	1	1	0	1	1	0
0	0	0	0	0	0	0
0	0	0	0	0	0	0
0	0	1	0	0	0	0
1	1	1	0	0	0	0
1	1	1	0	0	0	0
0	0	0	0	0	0	0
0	0	0	0	0	0	0
0	0	1	0	0	0	0
