FMP	RMP	FPP	UPP	ANPP	NPP	ANCOVA
0.0337	0.038	0.0036	0.0246	0.0153	0.0194	0.131783331430401
0.3673	0.3714	0.0409	0.2195	0.168	0.1678	0.569892639874013
0.0697	0.0684	0.0093	0.0417	0.0335	0.0352	0.218647809901343
0.0268	0.0273	0.0036	0.018	0.0107	0.0115	0.110562470867269
0.2515	0.2492	0.0304	0.1404	0.1082	0.1137	0.449143140174858
0.2072	0.2203	0.021	0.1287	0.0917	0.0895	0.418944565120123
0.0034	0.004	2e-04	0.0032	0.002	0.0015	0.0230381215725644
0.7421	0.7464	0.1178	0.5323	0.4511	0.4666	0.826065862140213
0.0751	0.0715	0.0085	0.0426	0.0353	0.0372	0.224669114860683
0.3684	0.3757	0.0438	0.2191	0.1852	0.1866	0.552898805512768
0.0018	9e-04	7e-04	2e-04	0.001	0.0019	0.0149355187108066
5e-04	6e-04	1e-04	1e-04	2e-04	0	0.00366672762553955
0.1502	0.156	0.0136	0.1026	0.0603	0.0676	0.37404858844638
0.5717	0.5737	0.0684	0.3662	0.2854	0.288	0.710768552002172
0.0046	0.0034	3e-04	0.0044	0.0023	0.0033	0.0298847738288489
0.0113	0.0103	0.0014	0.0068	0.0051	0.0061	0.0481926645572236
0.0022	0.0017	2e-04	0.0014	0.0016	9e-04	0.0123028171608922
0.0286	0.0307	0.0041	0.0223	0.0154	0.0146	0.112141982056131
0.0561	0.0649	0.0064	0.0376	0.0302	0.032	0.180197300426603
0.0746	0.0703	0.0086	0.0443	0.0321	0.0309	0.199991069153734
0.0167	0.0164	0.0016	0.0151	0.0094	0.0075	0.0812614041166895
0	3e-04	0	5e-04	2e-04	2e-04	0.00339654811938493
0.7841	0.7982	0.1658	0.5977	0.5234	0.5363	0.850729140312928
0.0368	0.0405	0.0044	0.0219	0.0171	0.0174	0.145942708278106
0.1882	0.1896	0.0218	0.106	0.0887	0.0876	0.369139388413675
0.7149	0.7323	0.1155	0.4997	0.4309	0.4226	0.806383487266674
0.005	0.0058	0.0011	0.006	0.0045	0.0027	0.0423598675362662
0.0486	0.0472	0.0055	0.0322	0.0223	0.0203	0.169270890671933
0.0883	0.0925	0.01	0.05	0.0453	0.0421	0.239802502898536
0.2349	0.2335	0.0275	0.1391	0.1128	0.1111	0.408204587270754
0.0718	0.0722	0.0079	0.0407	0.0331	0.035	0.218738445334423
0.1528	0.1327	0.0111	0.0893	0.06	0.0649	0.329677523428003
0.2637	0.2507	0.0261	0.1472	0.114	0.1139	0.466014322246737
0.1471	0.1427	0.0132	0.0862	0.0648	0.0627	0.314928254630944
0.0874	0.0885	0.0082	0.056	0.0383	0.0432	0.263040666339538
0.5592	0.5622	0.092	0.3716	0.3049	0.2985	0.669968087418611
0.0807	0.0841	0.0103	0.0491	0.0382	0.0401	0.223397141074799
0.0024	0.003	5e-04	0.002	0.0031	0.0024	0.0193826326990991
0.1605	0.1602	0.019	0.0931	0.0691	0.0734	0.320051998804186
0.0127	0.0133	0.0016	0.0073	0.0048	0.0065	0.0538998685062394
0.0093	0.0096	0.001	0.0067	0.0067	0.0064	0.04105331140275
0.0014	0.0018	7e-04	0.0012	0.0013	8e-04	0.0107901307467708
0.0107	0.0111	0.0016	0.0063	0.0052	0.0059	0.0652470542506547
8e-04	8e-04	1e-04	1e-04	4e-04	7e-04	0.00558057322204048
0.0026	0.0027	7e-04	0.0032	0.002	0.0019	0.0258453922757415
0.2597	0.2572	0.0294	0.1477	0.1182	0.1182	0.459199454477068
3e-04	6e-04	1e-04	3e-04	0	2e-04	0.00177218953249639
0.0184	0.0201	0.0024	0.0135	0.0062	0.0116	0.0895160807655208
0.1013	0.1006	0.0099	0.0652	0.0427	0.0466	0.299891014507638
0.0487	0.0499	0.0066	0.0314	0.0201	0.0218	0.173545586083214
0.1243	0.1237	0.0113	0.0698	0.0524	0.0554	0.313011272707405
0.0503	0.0479	0.0043	0.0334	0.0182	0.0224	0.155046962666607
0.0149	0.0133	0.0025	0.0109	0.0086	0.0067	0.0839323190757029
0.0137	0.012	0.0014	0.0082	0.0052	0.0049	0.0467484784969312
0	0	1e-04	1e-04	1e-04	1e-04	0.000441149051310836
0.0446	0.0454	0.0057	0.0257	0.0176	0.0194	0.155046925590748
0.9389	0.9378	0.3248	0.8268	0.7869	0.7862	0.951288651957957
0.2023	0.2067	0.0208	0.1149	0.0836	0.0861	0.408891915788128
0.038	0.0415	0.0051	0.0253	0.0194	0.0174	0.144995440621975
0.3727	0.3649	0.0415	0.2217	0.1762	0.1837	0.536603560266958
0.014	0.0144	0.0026	0.0125	0.0056	0.0091	0.0716997787784719
0.0169	0.0153	0.0024	0.0102	0.0087	0.0091	0.0908107679615096
0.0309	0.0318	0.0039	0.0196	0.0125	0.0131	0.134425829603833
0.0547	0.054	0.0068	0.0322	0.0267	0.021	0.181098636217133
0.0815	0.083	0.0099	0.0526	0.0353	0.0328	0.217356607972323
0.0057	0.0077	1e-04	0.0061	0.0026	0.0031	0.0433232764594872
0.0149	0.0139	0.0011	0.01	0.0075	0.0087	0.0701638768562108
0.0046	0.0051	5e-04	0.0027	0.0027	0.0037	0.0246120995087122
5e-04	1e-04	0	3e-04	1e-04	3e-04	0.0026823318569386
0.0153	0.0131	0.0014	0.0113	0.0092	0.0083	0.0727591063151203
0.8016	0.7924	0.1767	0.6051	0.5314	0.5203	0.852897951895884
3e-04	6e-04	1e-04	1e-04	2e-04	0	0.00393737572527342
0.0488	0.0502	0.0051	0.0294	0.0231	0.023	0.160634465609573
0.1695	0.1737	0.0151	0.0955	0.0741	0.0783	0.371265604861411
0.0196	0.0239	0.0028	0.0133	0.0128	0.0156	0.1080356643462
0.2088	0.2025	0.0199	0.111	0.0838	0.0913	0.442757155710533
0.1477	0.1508	0.016	0.0883	0.068	0.0669	0.286143225871878
0.048	0.056	0.007	0.0315	0.0268	0.0235	0.171362714272934
0.0624	0.0639	0.0062	0.0419	0.029	0.0288	0.192667633103347
0.003	0.0022	4e-04	0.0022	0.0013	8e-04	0.0176546129732696
0.0711	0.0687	0.008	0.0496	0.03	0.0326	0.202140629099429
0.3116	0.3219	0.0356	0.1833	0.144	0.1382	0.499359904897175
0.8518	0.8574	0.1924	0.6771	0.6032	0.6045	0.894673047286557
0.3557	0.3517	0.0386	0.2004	0.1612	0.1565	0.55322217796395
0.0063	0.0061	0.0012	0.007	0.0036	0.0039	0.0432929493676433
0.0157	0.0202	0.0025	0.0139	0.0078	0.0116	0.0799504463368007
0.0219	0.0189	0.0026	0.0154	0.011	0.0093	0.0934680756250897
0.005	0.0056	0.0012	0.0054	0.0042	0.0029	0.0355466316838514
0.0035	0.0031	6e-04	0.0043	0.0024	0.0019	0.0292982562265403
0.894	0.9009	0.1643	0.7245	0.64	0.6523	0.936686392247303
0.0391	0.0412	0.0044	0.0233	0.0202	0.0249	0.142714411324885
0.0033	0.0041	2e-04	0.0034	0.0016	0.0022	0.0228230594995948
0.0355	0.0378	0.0047	0.0216	0.0195	0.0184	0.139986647170382
0.2922	0.2807	0.0418	0.1795	0.1358	0.141	0.412035659588868
0.9222	0.9249	0.2687	0.8072	0.743	0.7405	0.946595294852367
0.062	0.0608	0.0069	0.0385	0.0277	0.0284	0.197296621083593
0	3e-04	0	1e-04	0	0	0.00117976835264684
0.5555	0.5593	0.0742	0.3626	0.2849	0.2911	0.691642842810879
0.1426	0.1451	0.017	0.0872	0.0616	0.0649	0.286514793053729
0.0424	0.0427	0.0045	0.0287	0.0179	0.0179	0.166927020409727
0.6749	0.6641	0.0932	0.4329	0.3777	0.3728	0.786591763507471
0.1007	0.0915	0.0114	0.0556	0.043	0.0452	0.271803208695445
0.0047	0.0031	5e-04	0.0033	0.002	0.0032	0.0240327215940852
0.027	0.0261	0.0031	0.019	0.0164	0.0149	0.120117185124004
0.181	0.1735	0.0175	0.1012	0.0815	0.0785	0.364658795857739
0.0034	0.0053	3e-04	0.0023	0.0018	0.0028	0.0249673384668271
0.4426	0.4404	0.0468	0.2596	0.2053	0.2084	0.615239175626599
0.0042	0.0051	0.001	0.0039	0.0034	0.002	0.0329831244958011
0.0849	0.0924	0.0091	0.0502	0.0402	0.035	0.23101737389435
0.0368	0.035	0.0055	0.03	0.0181	0.0172	0.150188940493024
0.065	0.0626	0.0067	0.0365	0.0286	0.0273	0.193789440484089
0.034	0.0365	0.0042	0.0198	0.0181	0.0148	0.123786785187698
0.2037	0.207	0.0219	0.1152	0.0861	0.094	0.390338947469833
0.7886	0.7966	0.1778	0.6055	0.5455	0.5485	0.847437408490243
0.0628	0.058	0.0072	0.0306	0.025	0.0266	0.18659240345594
0.3951	0.4044	0.0517	0.2357	0.1955	0.1975	0.550146350561611
0.0072	0.0045	8e-04	0.0029	0.0028	0.0031	0.029243407239231
0.0645	0.0607	0.0075	0.0423	0.0311	0.0285	0.205803199983733
0.1106	0.1248	0.0107	0.0691	0.0487	0.0512	0.257495586398068
0.1106	0.1034	0.0114	0.0608	0.0556	0.0494	0.293437006869188
0.1632	0.1709	0.0191	0.1054	0.0798	0.0758	0.364004235992986
0.3405	0.3434	0.0386	0.2143	0.1607	0.1591	0.531995847633093
0.2235	0.2255	0.0215	0.1295	0.0926	0.1016	0.432770092798796
0.6807	0.6737	0.1149	0.4803	0.3888	0.4069	0.770358807483334
0.0178	0.0144	0.0017	0.0098	0.0079	0.0069	0.0804203672398369
0.196	0.1964	0.0184	0.119	0.0878	0.0908	0.386451868570209
0.0038	0.0033	6e-04	0.0038	0.0037	0.0035	0.0269003899765174
0.0121	0.0153	0.0011	0.0068	0.0057	0.006	0.0504197788818812
0.0191	0.0207	0.0026	0.0155	0.0082	0.012	0.0850993975281046
0.4482	0.4406	0.0629	0.2784	0.2147	0.2201	0.580004407761292
0.5266	0.5246	0.0712	0.3438	0.2723	0.2749	0.652951223347439
0.0103	0.0095	0.0025	0.0092	0.0056	0.0061	0.057029684986574
0.0908	0.0945	0.014	0.0545	0.0418	0.045	0.246440549351114
0.1111	0.1143	0.0092	0.0648	0.046	0.0529	0.274365047508527
0.2438	0.2526	0.0273	0.1411	0.1067	0.1043	0.429460935532985
0.0744	0.0668	0.01	0.0409	0.0352	0.0319	0.170989380228427
0.5685	0.5758	0.0775	0.3507	0.2846	0.2946	0.700844200697572
0.001	8e-04	3e-04	0.0013	9e-04	3e-04	0.00556284091230868
0.2517	0.2487	0.0222	0.1374	0.0976	0.1019	0.434720001484157
0.0437	0.0425	0.005	0.0288	0.0206	0.021	0.14991642024669
0.054	0.0521	0.008	0.034	0.0189	0.0214	0.18229231661568
8e-04	9e-04	1e-04	8e-04	8e-04	0.0013	0.00816197195516924
0.0162	0.0102	0.0016	0.0079	0.0069	0.0096	0.075913828252302
3e-04	2e-04	0	7e-04	1e-04	1e-04	0.00190814308597056
4e-04	9e-04	2e-04	8e-04	3e-04	5e-04	0.0066438973595756
0.0912	0.0903	0.0101	0.0563	0.0457	0.0406	0.230744981066313
0.0426	0.0474	0.0046	0.0274	0.022	0.0198	0.165560505302938
0.7048	0.709	0.1138	0.5018	0.4099	0.4227	0.80013569731702
0.0037	0.0033	3e-04	0.0022	0.0025	0.0019	0.0229822797848876
0.0671	0.0717	0.0079	0.0448	0.0302	0.0298	0.205855497741859
0.0028	0.0026	5e-04	0.0024	0.0017	0.0013	0.0170377772119576
0.0023	0.003	5e-04	9e-04	0.0015	0.0014	0.0138007052052962
0.4031	0.4027	0.0513	0.2346	0.194	0.2033	0.561515089661559
0.0082	0.0076	6e-04	0.0046	0.0047	0.0036	0.0405463922214683
0.6021	0.6015	0.0966	0.3995	0.3384	0.3471	0.700504365984464
0.3685	0.377	0.0461	0.225	0.1776	0.1852	0.545346423464407
0.6343	0.6341	0.0945	0.4214	0.36	0.3546	0.756117783609024
0.0313	0.0314	0.0039	0.02	0.0127	0.0162	0.114212250141292
0.0245	0.0235	0.0031	0.0152	0.0117	0.0117	0.0901437261268936
0.1553	0.1521	0.0143	0.0877	0.0694	0.0683	0.319614886305527
3e-04	6e-04	1e-04	2e-04	1e-04	0	0.00111964494776161
0.0208	0.0223	0.0018	0.0111	0.0137	0.0094	0.0779790344707233
0.0082	0.0103	0.0015	0.0066	0.0051	0.0055	0.0458331918135835
0.0226	0.0219	0.0034	0.0159	0.0137	0.0107	0.0900929984063682
0.091	0.0782	0.0072	0.0523	0.0359	0.0356	0.255405521518562
0.2934	0.2965	0.0321	0.1672	0.1273	0.1377	0.49598377508477
0.414	0.4136	0.05	0.2443	0.2043	0.1985	0.577093236683983
0.0276	0.0258	0.0048	0.0194	0.0135	0.0149	0.117665594554064
0.0118	0.0126	0.003	0.0101	0.008	0.0079	0.07019151944397
0.0515	0.0512	0.0061	0.0364	0.0228	0.0228	0.151906455970881
0.5385	0.5365	0.0575	0.3313	0.2671	0.2623	0.710713115458656
0.1872	0.1974	0.0207	0.1118	0.0797	0.0838	0.379718828700196
0.0341	0.0342	0.0052	0.02	0.0157	0.0191	0.133835214875658
0.0395	0.0365	0.0024	0.0227	0.0143	0.0161	0.138564577573625
0.7551	0.7415	0.1435	0.5639	0.4713	0.4687	0.823068231195557
0.0051	0.0048	0.001	0.0035	0.0038	0.0027	0.0327519981076223
0.1232	0.1271	0.0146	0.0813	0.0513	0.0581	0.320535188879752
0.0348	0.0365	0.0046	0.0224	0.0162	0.0174	0.132318231394217
0.0947	0.0988	0.0112	0.0603	0.0405	0.0447	0.25941689037466
0.164	0.1606	0.0158	0.0875	0.0696	0.068	0.320742794934646
0.1897	0.1934	0.0231	0.1113	0.0779	0.0888	0.367986937100488
0.0199	0.0177	0.0021	0.0109	0.0126	0.0081	0.0686887273652781
0.2038	0.2163	0.0207	0.1256	0.096	0.0885	0.419006154357432
0.0325	0.0346	0.0047	0.0227	0.0176	0.0184	0.130624480467566
0.0077	0.0063	8e-04	0.0054	0.0037	0.0063	0.0344893964793796
0.0098	0.008	0.0017	0.0078	0.004	0.004	0.0373982942688745
0.0601	0.0544	0.0078	0.0345	0.024	0.0276	0.180132845947094
0.1648	0.1614	0.0171	0.0941	0.0736	0.0729	0.312063243640253
0.2799	0.2809	0.0325	0.1587	0.1247	0.1375	0.454408907245198
0.401	0.4016	0.0559	0.2503	0.1965	0.2064	0.528794594559635
0.5208	0.5338	0.0575	0.3345	0.2569	0.2653	0.688992907711705
0.2967	0.2883	0.0329	0.1747	0.1411	0.1363	0.474892256270988
0.9366	0.9334	0.2789	0.8237	0.7701	0.7674	0.954456957132598
0.0078	0.0056	3e-04	0.0038	0.0026	0.0035	0.0314804206975597
0.0735	0.0678	0.0077	0.0453	0.0334	0.0336	0.190979785677301
0.0263	0.0253	0.0032	0.0176	0.0131	0.0131	0.111528491821155
0.0202	0.0226	0.0029	0.0146	0.011	0.0122	0.0871375543555154
0.0574	0.0554	0.007	0.0411	0.0255	0.0246	0.177567823067754
0.0062	0.011	0.0015	0.0068	0.0044	0.0053	0.0457793230765384
0.0426	0.0354	0.0047	0.0235	0.015	0.0167	0.124876035516286
0.7116	0.7206	0.1079	0.5012	0.4247	0.4181	0.811089482131686
0.2008	0.1991	0.0287	0.1216	0.0882	0.0924	0.36442534157412
0.5226	0.5306	0.0614	0.3302	0.2519	0.2657	0.707367307599228
0.4102	0.4072	0.0467	0.2337	0.1929	0.1869	0.580083704262344
0.0147	0.0133	0.002	0.0105	0.0089	0.0109	0.0765559982173679
0	0	0	0	0	0	5.51848597497769e-06
0.0902	0.0904	0.0098	0.0543	0.0428	0.0352	0.252797202430463
1e-04	0	0	1e-04	3e-04	0	0.00096030416786446
0.0016	0.0021	0	0.0015	4e-04	6e-04	0.0104033798386682
0.0296	0.0307	0.0032	0.0198	0.0122	0.0173	0.125675323446061
0.0519	0.0546	0.0078	0.035	0.0243	0.0233	0.1866213432864
0.0437	0.0403	0.0041	0.0247	0.0212	0.0171	0.134572583743967
0.1294	0.1235	0.0126	0.0791	0.0548	0.051	0.333346877228446
0.1651	0.1694	0.0163	0.0971	0.0714	0.0751	0.334324785782827
0.0038	0.0063	4e-04	0.0031	0.0018	0.0025	0.0256950634743967
0.5421	0.5425	0.0752	0.3444	0.2941	0.2829	0.678293472010125
0.0029	0.002	3e-04	0.0014	0.001	0.0012	0.0152011444632331
0.4943	0.5044	0.072	0.3244	0.2584	0.2602	0.623394321158807
0.0542	0.063	0.0053	0.0428	0.0301	0.028	0.213404942765036
0.1422	0.1402	0.0127	0.083	0.0593	0.0632	0.358939526310234
0.5976	0.5926	0.0998	0.3999	0.3358	0.348	0.696425993794478
0.7492	0.7548	0.1338	0.5562	0.4734	0.4781	0.822861006831776
0.0039	0.0032	4e-04	0.0019	0.0017	9e-04	0.019909592662703
0.0324	0.0352	0.0045	0.0211	0.02	0.0181	0.109841862999811
0.0088	0.0056	8e-04	0.0061	0.0048	0.0049	0.0464329433300916
0.018	0.0183	0.0017	0.0114	0.0087	0.0072	0.0733722901826087
0.3662	0.3818	0.047	0.2304	0.1731	0.1899	0.544021692094786
0.0895	0.1008	0.0124	0.0602	0.0418	0.0396	0.221091963342962
0.0929	0.106	0.0105	0.065	0.0416	0.0455	0.282612012392376
0.3931	0.3978	0.0461	0.2322	0.1905	0.1782	0.548881998801365
0.0279	0.0333	0.0032	0.0193	0.0168	0.0146	0.132251024548057
0.0267	0.0239	0.0033	0.0178	0.0141	0.0129	0.0974392638409572
0.1681	0.1885	0.0249	0.0963	0.0843	0.0788	0.344728153295062
0.0169	0.0135	0.0028	0.0121	0.0091	0.0076	0.0720122375834396
0.254	0.2435	0.0236	0.1472	0.1049	0.1172	0.438246671184629
9e-04	0.0017	4e-04	0.0012	0.0011	8e-04	0.0124548518276343
0.0226	0.0232	0.0032	0.018	0.0137	0.0119	0.0993477934947078
0.0133	0.0166	0.002	0.009	0.0088	0.007	0.0617304116304564
0.0019	0.0028	2e-04	0.0015	0.0011	0.0016	0.0150643835853453
0.1488	0.1459	0.0171	0.0855	0.0731	0.0738	0.296296729700615
0.0776	0.0661	0.0075	0.0406	0.0304	0.035	0.218674293216059
0.0122	0.0122	0.0017	0.0096	0.0052	0.0072	0.0481404104673807
0.1282	0.1217	0.012	0.0694	0.051	0.0542	0.307742933991902
0.0169	0.0161	0.002	0.0122	0.0067	0.0068	0.0662453705766685
0.678	0.6887	0.0961	0.4514	0.3721	0.3802	0.786780377993285
9e-04	0.0023	3e-04	0.0016	0.0011	0.0011	0.0134871590656374
2e-04	4e-04	1e-04	0	0	1e-04	0.00207479966864965
0.0043	0.0057	8e-04	0.0038	0.0019	0.0019	0.0258619681544057
0.0096	0.0084	0.0016	0.0063	0.0037	0.0023	0.0389117803935997
0.0105	0.0153	0.0019	0.0112	0.008	0.0081	0.0567682363306452
0.2432	0.2506	0.0244	0.1522	0.118	0.1147	0.456962300584533
0.0141	0.0106	0.001	0.0093	0.006	0.0063	0.0588088493725198
0.0554	0.0542	0.0062	0.0343	0.0264	0.024	0.176016554521097
0.0315	0.0306	0.0039	0.0178	0.0125	0.0131	0.121587564658172
0.0757	0.065	0.0081	0.0402	0.0335	0.0325	0.217335857115774
0.059	0.0533	0.0058	0.0363	0.0252	0.0279	0.20214335712263
0.889	0.8948	0.2003	0.7397	0.67	0.6603	0.925217060736219
0.0011	5e-04	3e-04	0.0013	4e-04	7e-04	0.00720913288229615
0.1175	0.1117	0.0125	0.0692	0.0475	0.0471	0.291377273032896
0.0045	0.0026	9e-04	0.0032	0.0022	0.0028	0.0224452534493069
0.0158	0.0167	0.0031	0.0113	0.0091	0.0078	0.0805719080755707
0.251	0.2575	0.0286	0.1363	0.1148	0.1215	0.433577595940595
0.0068	0.0057	9e-04	0.0052	0.0036	0.0029	0.0389535917826662
0.0223	0.0225	0.0047	0.0134	0.0114	0.0133	0.0940532081582047
0.1074	0.1048	0.0145	0.0719	0.0448	0.0527	0.252752445915623
0.0059	0.0092	0.0011	0.0038	0.0033	0.0037	0.0365371858647711
0.2373	0.2236	0.0233	0.1317	0.1011	0.0999	0.467839064893149
0.1633	0.1441	0.017	0.0915	0.0696	0.0741	0.348789878373199
0.0861	0.0768	0.0077	0.0438	0.0309	0.028	0.23687459674374
0.0041	0.0066	8e-04	0.0029	0.0026	0.0032	0.0322863801023308
0.136	0.1364	0.0143	0.0871	0.0587	0.0578	0.298526115968488
0.6054	0.6055	0.0865	0.3871	0.3281	0.318	0.730263839729774
0.0126	0.0145	0.0025	0.009	0.0064	0.0052	0.0684950231014054
8e-04	0.0019	0	9e-04	0.0012	1e-04	0.0087025693837423
0.0063	0.0057	3e-04	0.0032	0.0023	0.0035	0.0297120171724601
0.0903	0.0819	0.0083	0.0528	0.0353	0.0368	0.274296322819362
0.0281	0.0257	0.0039	0.0168	0.0157	0.0138	0.0893772256509392
0.2314	0.2329	0.0274	0.1389	0.1078	0.106	0.413560371989303
0.1416	0.1413	0.0161	0.0794	0.0602	0.0602	0.30033497329597
0.1923	0.185	0.0198	0.1003	0.0925	0.0848	0.377276286819099
0.4117	0.4164	0.0526	0.2493	0.1963	0.2082	0.576675112237624
0.0362	0.0336	0.0027	0.0211	0.017	0.0116	0.142354080291946
0.0043	0.0035	6e-04	0.0024	0.0021	0.0023	0.0283570495688371
0.6191	0.6374	0.0954	0.4131	0.345	0.3513	0.740091187441908
0.2138	0.2011	0.0201	0.1149	0.0787	0.0848	0.43359812650754
0.6976	0.7073	0.096	0.4744	0.3823	0.4031	0.800020850913382
0.047	0.0434	0.0063	0.0307	0.0202	0.0257	0.185419471648718
0.2741	0.2786	0.0356	0.1712	0.126	0.1355	0.464658956538547
0.397	0.3906	0.0496	0.2346	0.1845	0.1915	0.557957272947373
0.3922	0.3904	0.0489	0.2398	0.1935	0.1888	0.536392357970566
0.0518	0.0535	0.0048	0.0341	0.0254	0.0224	0.161958869749427
0.0246	0.0262	0.0017	0.0144	0.0095	0.0102	0.0959641849425038
0.0045	0.0042	4e-04	0.0035	0.0021	0.002	0.0241684760147522
0.4231	0.4301	0.0695	0.2686	0.2264	0.219	0.54772575517133
0.2783	0.2727	0.0375	0.1679	0.1301	0.1373	0.444473148384498
0.0395	0.0434	0.0044	0.0308	0.0188	0.0235	0.148535524854788
0.2234	0.2131	0.0219	0.1269	0.0923	0.0941	0.435676445948888
0.1564	0.1568	0.015	0.0935	0.0646	0.07	0.360123253429704
0.0093	0.0074	9e-04	0.0065	0.0043	0.0055	0.0469690254634612
0.3698	0.3736	0.0501	0.2168	0.1723	0.1834	0.526060036175512
0.165	0.1604	0.0227	0.0981	0.0759	0.0795	0.314262964594673
0.2302	0.2214	0.0268	0.1346	0.0949	0.1027	0.414307342804483
0.171	0.1788	0.0205	0.1037	0.0818	0.0777	0.341882517267239
0.0869	0.0864	0.0089	0.0541	0.0381	0.0398	0.270283841055873
0.0766	0.0741	0.0087	0.0412	0.0355	0.0347	0.226051560688846
2e-04	3e-04	0	2e-04	2e-04	0	0.00342854134077015
0.093	0.0969	0.01	0.0547	0.0417	0.0452	0.282167976896459
0.8737	0.8762	0.1851	0.6977	0.6331	0.6318	0.918803358666548
0.5118	0.5114	0.0628	0.3128	0.2505	0.2535	0.673452546316171
0.0103	0.0078	6e-04	0.0096	0.0052	0.0034	0.0500375829526511
0.7006	0.7235	0.098	0.4682	0.4046	0.4054	0.797751499748514
0.3781	0.395	0.0361	0.2082	0.1714	0.1644	0.596664880046082
0.0826	0.0837	0.0102	0.0508	0.0381	0.034	0.230792348389678
0.0073	0.0122	0.0019	0.0067	0.0049	0.0056	0.0568991003397498
0.4366	0.4355	0.0549	0.2733	0.2155	0.2126	0.60430200359335
0.1571	0.1691	0.0142	0.0868	0.0693	0.0719	0.363000196607465
0.1761	0.1893	0.0163	0.1046	0.083	0.0795	0.400113973648845
0.9806	0.981	0.3747	0.9326	0.9109	0.8951	0.987216285542994
0.3017	0.2991	0.0346	0.1803	0.1382	0.1461	0.477241943062309
0.1307	0.1413	0.0144	0.0835	0.0714	0.059	0.318111858199995
0.2174	0.2228	0.0172	0.1166	0.0867	0.093	0.435784187487602
0.4784	0.481	0.0528	0.2873	0.2302	0.2337	0.650686358554106
0.4483	0.4401	0.0541	0.2782	0.2111	0.2245	0.61355110643069
0.1687	0.1619	0.0154	0.0927	0.0635	0.0721	0.379858202870564
0.367	0.3617	0.048	0.219	0.1715	0.1785	0.517337901148445
0.2665	0.2634	0.0246	0.1559	0.1071	0.1181	0.488506296875826
0.0138	0.0134	0.0027	0.0094	0.0069	0.0067	0.077468837499004
0	1e-04	0	1e-04	0	1e-04	0.000345982630171571
0.0162	0.0159	0.0022	0.0114	0.0075	0.0085	0.0651542712128656
0.0395	0.0439	0.0062	0.0254	0.0193	0.0206	0.147962841558413
0.8645	0.8656	0.1677	0.6822	0.5978	0.6045	0.909349933177076
0.0084	0.0071	0.0013	0.0072	0.0046	0.0036	0.0467032649499157
0.7399	0.7439	0.1161	0.5261	0.4394	0.4431	0.817641899043265
0.1488	0.1483	0.016	0.079	0.0641	0.0694	0.338934466722863
0.0203	0.0238	0.0027	0.0141	0.0096	0.0109	0.100042910380159
0.0606	0.0576	0.0052	0.0318	0.0268	0.0258	0.213897731378363
0.1537	0.167	0.0204	0.0888	0.0644	0.0714	0.332955502207982
0.007	0.0076	0.0018	0.0061	0.0046	0.0054	0.0490867196887224
0.0125	0.0147	0.0024	0.0097	0.0045	0.008	0.0619739907615094
0.0208	0.0216	0.0028	0.0171	0.0099	0.0125	0.0952030852406944
0.1706	0.1661	0.0165	0.0955	0.0713	0.0737	0.366861991850584
0.003	0.0034	4e-04	0.003	0.0013	0.002	0.0224233521197441
0.2121	0.2108	0.0237	0.128	0.1011	0.0821	0.411885193514259
0.0049	0.0052	0.0012	0.0033	0.0028	0.0027	0.0344682132784362
0.0014	0.0028	4e-04	0.0025	5e-04	3e-04	0.0121321671614554
0.0075	0.0099	8e-04	0.0061	0.0047	0.0046	0.0418853270129477
0.0489	0.0416	0.005	0.0267	0.018	0.0187	0.141354499718355
0.4018	0.3884	0.0479	0.2358	0.1898	0.1832	0.557248336345859
0.0269	0.0285	0.0025	0.0146	0.0155	0.0122	0.0945941176438005
0.6263	0.6314	0.0934	0.4285	0.3575	0.3546	0.749034990557168
0.5475	0.5171	0.063	0.3231	0.2532	0.26	0.70075526509391
0.1965	0.211	0.0166	0.1183	0.0897	0.0914	0.428267381533255
0.044	0.04	0.0047	0.0249	0.0192	0.0203	0.160034165944659
0.354	0.3457	0.0432	0.1967	0.1599	0.1593	0.511228935737122
0.001	0.001	1e-04	9e-04	6e-04	7e-04	0.00554157512407014
0.2144	0.2195	0.0254	0.1255	0.0989	0.0947	0.381768323355055
0.3911	0.3895	0.0471	0.2275	0.1831	0.1876	0.563419640180506
0.0048	0.007	0.0015	0.0045	0.0027	0.0039	0.0408730710706276
0.0041	0.0029	0.001	0.0019	0.0013	0.0021	0.0192615420279674
0.33	0.3395	0.0339	0.1975	0.1463	0.1488	0.522672847257497
0.41	0.4054	0.0472	0.2516	0.1991	0.2002	0.594912453484351
0.0677	0.0718	0.0089	0.0394	0.0339	0.0284	0.195093845953246
0.0364	0.0364	0.0045	0.0204	0.0155	0.0203	0.129343567408841
0.5319	0.5334	0.0634	0.3323	0.2598	0.2685	0.674528187833465
0.0582	0.0598	0.008	0.0338	0.028	0.0284	0.171416279892563
0.8323	0.8364	0.1616	0.6511	0.5663	0.548	0.884665789938954
0.5189	0.5128	0.0649	0.304	0.2549	0.2445	0.664617012905084
0.489	0.4931	0.0599	0.2985	0.2349	0.2435	0.670557668748478
0.0014	0.0029	6e-04	0.0017	8e-04	0.0014	0.0146583780853525
0.3577	0.3632	0.0352	0.1967	0.1515	0.1569	0.558642583003981
0.0303	0.0267	0.003	0.0198	0.0115	0.0149	0.113229961182861
0.0702	0.0714	0.0067	0.0436	0.0396	0.0305	0.22334818454549
0.0627	0.0614	0.0065	0.0394	0.0323	0.0329	0.177124894305693
0.0029	0.0029	3e-04	0.0032	0.002	0.0022	0.0194052993861549
0.0234	0.0185	0.0032	0.016	0.0115	0.009	0.0878213900323531
0.157	0.1657	0.0162	0.094	0.0685	0.0692	0.338364229572156
0.6077	0.6022	0.0753	0.3799	0.3123	0.3202	0.742662700244493
0.006	0.0056	2e-04	0.005	0.0048	0.0033	0.037210724234822
0.0175	0.0145	0.0017	0.0092	0.0108	0.0107	0.0928376877623496
0.0085	0.0121	0.0014	0.0077	0.0061	0.0079	0.0524812759075725
0.1451	0.1365	0.0145	0.08	0.0593	0.0619	0.336695278488543
1e-04	1e-04	0	1e-04	1e-04	0	0.00214852816869621
0.1275	0.1267	0.0145	0.0711	0.0585	0.0584	0.316294074682058
0.0027	0.0034	5e-04	0.0014	0.0017	0.0014	0.0199258762473658
0.2026	0.1955	0.0231	0.1141	0.0842	0.0934	0.395233237596785
0.0299	0.0315	0.0027	0.0204	0.0144	0.0161	0.0973668719339633
0.0118	0.0134	0.0025	0.0097	0.0078	0.0058	0.0642315338863911
0.0077	0.0078	8e-04	0.0043	0.0028	0.0034	0.0321363248784657
0.0643	0.0645	0.0063	0.0359	0.0273	0.0287	0.200156547857383
0.0127	0.0136	0.0021	0.0086	0.0051	0.0062	0.0665652823940011
0	0	0	0	0	0	0.000271586430431409
0.1345	0.1334	0.0166	0.0813	0.0571	0.0593	0.27843268100476
0.0121	0.0106	0.0015	0.007	0.0058	0.0072	0.0661136307662396
0.0856	0.0862	0.0093	0.0538	0.0405	0.0451	0.231980370973175
0.0699	0.074	0.0088	0.0415	0.0327	0.0329	0.202403971810367
0.4216	0.4029	0.0585	0.2559	0.2044	0.2095	0.561917117157615
1e-04	7e-04	0	3e-04	7e-04	0	0.00226784281278122
0.0024	0.0012	3e-04	0.0014	0.0014	5e-04	0.012130752296788
0.0089	0.0072	0.0015	0.0074	0.0043	0.0043	0.0545491922894185
0.6364	0.6368	0.0874	0.4005	0.3389	0.3274	0.741126638428404
0.1572	0.1457	0.0137	0.09	0.0575	0.0661	0.364153168712401
0.0208	0.0204	0.0025	0.0119	0.0083	0.0096	0.0921498535183037
4e-04	4e-04	1e-04	3e-04	0	4e-04	0.00214736232102768
0.5044	0.4963	0.06	0.3	0.2523	0.2556	0.646215465626821
0.9937	0.9941	0.4548	0.9644	0.9397	0.9358	0.993935913847718
0.3399	0.3309	0.0424	0.2054	0.1552	0.1653	0.500929215643386
0.0069	0.0056	5e-04	0.0046	0.0039	0.0035	0.0349101373017377
0.0345	0.0332	0.0026	0.0217	0.013	0.0153	0.147402749343615
0.0623	0.0682	0.0071	0.0335	0.0289	0.0271	0.187955946647404
0.0246	0.0214	0.002	0.0124	0.0098	0.0108	0.111944260748431
0.0016	0.0025	8e-04	0.0018	9e-04	0.0014	0.0147232690079474
0.0044	0.0042	4e-04	0.0034	0.0021	0.0019	0.0264316926663511
0.1685	0.157	0.0186	0.0914	0.0712	0.0742	0.329403306168463
0.0387	0.0439	0.0039	0.0329	0.0234	0.0198	0.176906313466389
0.0345	0.0313	0.0022	0.0176	0.0127	0.0158	0.116716137902722
0.1142	0.1125	0.0102	0.0594	0.0492	0.0512	0.310369747883494
0.0993	0.0985	0.0096	0.0609	0.04	0.045	0.273951836154865
0.1997	0.2062	0.0232	0.116	0.092	0.0987	0.38380609301878
0.1412	0.1414	0.0147	0.081	0.062	0.0651	0.317575777834669
0.0114	0.008	0.0018	0.006	0.0043	0.0047	0.0425834053574589
0.0234	0.0234	0.0038	0.0172	0.0114	0.0096	0.105073177855542
0.7143	0.7117	0.1115	0.4981	0.4122	0.4344	0.803119331622712
0.1013	0.1088	0.01	0.0646	0.0532	0.0505	0.268100999183695
0.2657	0.26	0.0252	0.1492	0.1121	0.114	0.501220101666901
5e-04	5e-04	0	3e-04	3e-04	2e-04	0.00244370905924955
0.0056	0.0055	4e-04	0.0059	0.0024	0.0029	0.0283396274011559
0	2e-04	0	1e-04	0	0	0.0011333392344283
0.3031	0.306	0.0418	0.1764	0.1439	0.1458	0.438560755404193
0.0562	0.0607	0.0067	0.0363	0.0265	0.0286	0.183171168843664
0.0902	0.0908	0.0089	0.0503	0.0351	0.0457	0.262314952726312
0.5176	0.5193	0.0823	0.3362	0.2766	0.2745	0.644832377404819
8e-04	7e-04	1e-04	3e-04	3e-04	0	0.00298737535600569
0.0605	0.0681	0.0066	0.0439	0.0308	0.0305	0.19923869629354
0.9089	0.9105	0.2815	0.782	0.7217	0.7225	0.934157359212477
0.0116	0.0107	6e-04	0.0089	0.004	0.0061	0.0533449107369279
0.0189	0.0208	0.0024	0.0126	0.0122	0.0078	0.0875506767180295
0.4639	0.467	0.0537	0.2878	0.2192	0.227	0.623026175250245
0.8934	0.8961	0.1482	0.7063	0.6128	0.6146	0.937960689122878
0.3765	0.3924	0.0498	0.2282	0.1856	0.1815	0.546735585711398
0.0636	0.0644	0.009	0.0395	0.0308	0.0295	0.173136545247002
0.297	0.2957	0.0362	0.1732	0.1363	0.1365	0.459551518510307
0.384	0.3851	0.0431	0.2199	0.1707	0.1821	0.550485990650921
0.2923	0.2977	0.0289	0.1713	0.1289	0.1302	0.515024808140683
0.2845	0.2786	0.0335	0.1548	0.1337	0.1343	0.443265230042649
0.2707	0.2835	0.0302	0.1565	0.1226	0.1263	0.479925095642421
0.2644	0.2625	0.0293	0.1472	0.1248	0.1259	0.428964642915318
0.1296	0.1232	0.0145	0.0721	0.0492	0.0526	0.27591527847873
0.0171	0.012	0.0021	0.0114	0.0067	0.0073	0.0784247953791929
0.3277	0.3357	0.0371	0.1961	0.1459	0.146	0.518436854966675
0.0014	0.0021	2e-04	0.0016	6e-04	2e-04	0.0110171249184347
2e-04	2e-04	0	0	0	0	0.00114784180365159
0.01	0.0103	8e-04	0.0069	0.0045	0.0053	0.0465084636206043
3e-04	1e-04	1e-04	2e-04	1e-04	0	0.00106480740362558
0.1679	0.1652	0.0208	0.1039	0.0692	0.0745	0.354331945036421
0.0915	0.0922	0.0096	0.0518	0.0404	0.0435	0.2110193673376
0.1335	0.1324	0.0169	0.0778	0.0588	0.0626	0.335547032460519
0.0085	0.009	9e-04	0.0065	0.0024	0.0041	0.0494335757935115
0.339	0.3555	0.0333	0.1962	0.1581	0.1543	0.570967939465611
0.0033	0.0028	7e-04	0.0027	0.0021	0.0019	0.021238752734867
0.3353	0.3294	0.0381	0.1956	0.1543	0.154	0.522913133515351
0.1674	0.173	0.019	0.1048	0.077	0.0726	0.365840493920462
0.0146	0.0111	0.0017	0.0088	0.0068	0.0062	0.064649680059667
0.0551	0.0493	0.0063	0.0333	0.023	0.0284	0.176322575320374
0.0037	0.0052	8e-04	0.0032	0.0029	0.0023	0.0245479848663881
0.2035	0.2001	0.0249	0.1176	0.0916	0.0896	0.354818734807112
0.0101	0.0129	0.0013	0.0103	0.0053	0.0051	0.0570176745072656
0.2029	0.1993	0.0259	0.1174	0.095	0.0899	0.352725311023448
0.0043	0.0041	9e-04	0.0036	0.0019	0.0037	0.0244592918366229
0.2218	0.2258	0.0212	0.126	0.0884	0.0955	0.415580130630657
0.1791	0.1816	0.0185	0.0982	0.0793	0.0766	0.389148098502489
0.0133	0.0179	0.0016	0.012	0.0074	0.0075	0.0763760063269338
0.29	0.2676	0.0215	0.1447	0.1182	0.1138	0.523030283232851
0.0558	0.0537	0.0075	0.0338	0.0271	0.0225	0.188371967835994
0	5e-04	2e-04	1e-04	1e-04	4e-04	0.00197168270006147
5e-04	0.0011	0	2e-04	1e-04	0	0.00527061820179335
0.0377	0.0361	0.0035	0.0191	0.0157	0.0163	0.126607317080938
0.0024	0.0017	3e-04	0.0034	0.0027	0.0017	0.0175805250973415
0.2203	0.2224	0.0206	0.1301	0.0994	0.1009	0.438076944157574
0.0081	0.0108	0.0017	0.005	0.006	0.0041	0.0486556255936595
0.7733	0.7802	0.1256	0.5801	0.4885	0.495	0.862789838932268
0.0062	0.0085	8e-04	0.0048	0.005	0.0035	0.034179640144157
0.3626	0.3561	0.0482	0.2184	0.1644	0.1764	0.535490130555583
0.0027	0.0043	6e-04	0.0035	0.0017	0.0016	0.0240601339979121
0.266	0.2572	0.0252	0.1468	0.1168	0.1134	0.471253735024294
0.3453	0.3521	0.0361	0.197	0.1652	0.168	0.536424615856274
0.1993	0.1884	0.0149	0.1071	0.076	0.089	0.418347566762144
0.0435	0.0417	0.005	0.0247	0.0203	0.0218	0.158770954028057
0.1243	0.1245	0.0134	0.078	0.0611	0.0587	0.317222821102789
0.0015	0.0016	2e-04	6e-04	2e-04	3e-04	0.00696158045256413
0.0136	0.0167	0.0013	0.0098	0.0051	0.0068	0.0690424846825642
0.7471	0.7394	0.1583	0.5573	0.4835	0.4829	0.803195704468526
0.007	0.0087	0.0015	0.0043	0.0032	0.0043	0.0409263356714642
0.0823	0.0735	0.0106	0.0433	0.0374	0.035	0.190455876216748
0.0208	0.0228	0.0032	0.0196	0.012	0.0107	0.102056210808207
0.0122	0.0108	0.0017	0.0076	0.0047	0.0064	0.0631577651025201
0.02	0.0233	0.0035	0.0159	0.009	0.0115	0.0922176029902097
0.0276	0.0227	0.0038	0.0149	0.013	0.0123	0.0914466157048873
1e-04	5e-04	0	5e-04	1e-04	1e-04	0.00253956481640796
0.1344	0.148	0.0129	0.0854	0.0583	0.0632	0.326099126985458
2e-04	0	2e-04	1e-04	0	2e-04	0.000905525351664688
0.8669	0.8612	0.2035	0.6975	0.6247	0.6182	0.897165203636381
0.0327	0.0304	0.004	0.017	0.0159	0.0167	0.123595206629013
0.0863	0.0821	0.0087	0.0535	0.0386	0.0387	0.20244400249684
0.0152	0.0177	0.0028	0.0113	0.0072	0.0102	0.05207457753356
0.0679	0.0703	0.0071	0.0483	0.0386	0.0363	0.181730020511127
0.0429	0.042	0.0046	0.0289	0.0178	0.017	0.147755608345636
0.0967	0.1018	0.012	0.0627	0.0458	0.0518	0.256149160979371
0.307	0.2999	0.0361	0.1795	0.1288	0.1347	0.515040499503063
0.0082	0.0083	8e-04	0.0067	0.0041	0.0037	0.0394440522073598
0.1196	0.1159	0.0132	0.0642	0.0515	0.0543	0.272650212904867
0.4106	0.4069	0.0498	0.2532	0.1971	0.1938	0.572453621114037
0.248	0.2385	0.0255	0.1441	0.1182	0.1166	0.42896451004438
0.0869	0.0945	0.0121	0.0547	0.0385	0.0456	0.240698552852251
0.0019	0.0014	5e-04	0.0017	0.0015	9e-04	0.0129904067751731
0.2403	0.2383	0.0243	0.1362	0.1081	0.113	0.441177305780327
0.0547	0.055	0.0072	0.0321	0.0249	0.0231	0.175646977386136
4e-04	6e-04	1e-04	6e-04	7e-04	5e-04	0.00454749586539107
0.0212	0.0241	0.0025	0.0127	0.0123	0.0098	0.10082705264376
0.0258	0.0239	0.004	0.0156	0.0121	0.0122	0.100962891680971
0.0042	0.0038	4e-04	0.004	0.0024	0.0027	0.0293917070046212
0.2905	0.2882	0.0383	0.1743	0.135	0.1411	0.421992335780572
0.003	0.0045	3e-04	0.0025	0.0026	0.0014	0.0206821329280419
0.0147	0.0202	0.0025	0.0129	0.0081	0.0081	0.0857124575519417
0.5066	0.5082	0.0699	0.3195	0.2543	0.2484	0.660830130933051
0.0988	0.098	0.0139	0.0684	0.0454	0.0484	0.224870433109922
0.3622	0.3779	0.0455	0.2197	0.1751	0.1779	0.541047861826627
0.0128	0.0171	0.0018	0.0092	0.0077	0.0086	0.0628130093727457
0.0841	0.083	0.0095	0.0563	0.0384	0.0409	0.230505981595779
0.0876	0.0749	0.01	0.0476	0.0327	0.0343	0.241001636599727
0.0032	0.0032	3e-04	0.0015	0.0012	0.002	0.0211243311025184
0.0069	0.0061	0.001	0.0042	0.0036	0.0037	0.0441363025750646
0.0715	0.0689	0.0055	0.0402	0.0298	0.0317	0.232768375787131
0.0104	0.0119	0.0013	0.0079	0.006	0.0055	0.0631623354579317
0.3391	0.3439	0.0351	0.199	0.1558	0.1537	0.537230470008129
0.0498	0.0504	0.0067	0.0377	0.0228	0.0242	0.159992753468952
0.2846	0.2714	0.0333	0.1633	0.1251	0.1261	0.458459985114713
0	0	0	0	0	1e-04	0.000581890655814703
0.0132	0.0127	0.0017	0.0068	0.0048	0.0055	0.0565539900323864
0.0024	0.0041	2e-04	0.002	8e-04	0.0027	0.0197519849873782
0.0232	0.0219	0.0025	0.0146	0.011	0.0116	0.0850463433535865
0.0117	0.0153	0.0018	0.0087	0.0044	0.0062	0.0670529297956103
0	3e-04	1e-04	8e-04	1e-04	3e-04	0.00239621178060427
0.0063	0.0045	0.001	0.0029	0.0034	0.0024	0.03157695305462
0.0448	0.047	0.0044	0.0303	0.0222	0.0257	0.169948764055756
0.0662	0.0603	0.0096	0.039	0.0275	0.0309	0.178439222324976
0.1008	0.1037	0.0114	0.055	0.0443	0.0439	0.280848054789047
0.018	0.0183	0.0023	0.0113	0.0078	0.0104	0.053952916044273
0.0123	0.0124	0.0029	0.0099	0.008	0.0045	0.0597169800651383
0.3836	0.38	0.0379	0.2278	0.1693	0.1769	0.582650858714049
0.1069	0.0977	0.0103	0.0638	0.039	0.0426	0.262224550577811
0.9591	0.9612	0.3691	0.8895	0.8334	0.849	0.96982910034399
0.0919	0.0871	0.0088	0.0475	0.0374	0.0435	0.231678785702842
0.1056	0.1067	0.0104	0.0646	0.0447	0.0515	0.271096523222169
0.1639	0.1525	0.0129	0.0923	0.0687	0.0634	0.402764115248212
0.0319	0.0332	0.0046	0.0232	0.0184	0.0151	0.125139893500613
0.1175	0.1189	0.0099	0.063	0.0454	0.0448	0.302874287973669
0.8952	0.8925	0.2865	0.7673	0.7129	0.7165	0.91584335974458
0.0891	0.0986	0.0101	0.0633	0.0438	0.0422	0.230033182471086
0.0144	0.014	0.0016	0.0093	0.0055	0.0081	0.0733497001569529
0.0385	0.0364	0.0055	0.0225	0.0158	0.0194	0.148646352657594
0.0773	0.0763	0.0057	0.0432	0.031	0.0378	0.20613572031924
0.1034	0.1184	0.0085	0.0659	0.0422	0.0494	0.286942098739649
0.0042	0.0023	9e-04	0.002	0.0021	0.0014	0.0243953061813039
0.1292	0.1262	0.0125	0.0858	0.0579	0.0599	0.329491723830186
0.1518	0.1562	0.0179	0.0894	0.065	0.069	0.3214510722892
0.0083	0.0126	0.0025	0.0061	0.0059	0.0051	0.0555401869639826
0.016	0.0194	0.0023	0.0114	0.01	0.0118	0.0766000882653113
0.0144	0.0151	0.0013	0.0133	0.0093	0.0095	0.073132907839297
0.446	0.4513	0.0567	0.2785	0.2285	0.2307	0.615326690604941
0.1982	0.1995	0.0187	0.1128	0.0838	0.0929	0.418408948875729
0.7228	0.712	0.1319	0.5256	0.4513	0.4534	0.803008864329798
0.1905	0.1958	0.0214	0.1088	0.0908	0.0778	0.401766794860112
0	0	0	0	0	1e-04	0.000519107066635049
0.2234	0.2219	0.0213	0.1206	0.095	0.0955	0.432495226073029
0.0375	0.0273	0.0039	0.0153	0.018	0.0155	0.138587941369568
0.0474	0.0476	0.0054	0.029	0.0204	0.0192	0.139431223851379
0.1465	0.1437	0.0166	0.0865	0.0694	0.06	0.332768884015542
0.0035	0.0036	7e-04	0.0026	0.0013	0.0011	0.0214654431502618
0.0145	0.0179	0.002	0.0112	0.008	0.0103	0.0720853352355919
0.0361	0.037	0.0041	0.0211	0.0163	0.0159	0.154360343258959
0.0028	0.0041	7e-04	0.0021	0.0015	0.0025	0.0266963225003652
9e-04	4e-04	0	6e-04	4e-04	1e-04	0.00441089724684879
0.3946	0.399	0.0444	0.2349	0.1849	0.1763	0.579448190260567
0.3901	0.3911	0.0516	0.2334	0.1883	0.1998	0.534594056942545
0.2725	0.2816	0.0291	0.1599	0.1199	0.1275	0.467247549468185
0.1469	0.1561	0.0122	0.0832	0.0708	0.0609	0.367171160357311
0.0048	0.0047	5e-04	0.0036	0.0023	0.0027	0.0286067825702992
0.0014	0.0021	0	0.0017	0.0012	0.0022	0.0168861073180095
0.0584	0.0596	0.0077	0.0413	0.0251	0.0281	0.18355384832926
0.6651	0.6621	0.1146	0.452	0.3828	0.3799	0.750132518218585
0.7956	0.7882	0.1523	0.5877	0.5141	0.5234	0.85085411024288
0.0046	0.0038	9e-04	0.0055	0.0023	0.0035	0.030845035955477
0.468	0.461	0.0714	0.2962	0.2427	0.2538	0.598686293642679
0.1225	0.1262	0.01	0.0719	0.0478	0.0501	0.342035827689358
0.5729	0.5768	0.0687	0.3822	0.2989	0.3166	0.712116393383683
0.0079	0.0087	0.0011	0.0055	0.0039	0.0039	0.0427380735947929
0.4159	0.4233	0.0458	0.2463	0.1833	0.193	0.623693462629159
0.0079	0.0073	0.001	0.0056	0.0038	0.0042	0.0367403580041859
0.007	0.0052	0.0015	0.006	0.0037	0.0045	0.0418907286745923
0.0138	0.0176	0.0013	0.0118	0.0057	0.0041	0.0766449749915872
0.127	0.1159	0.014	0.0742	0.0548	0.0465	0.273265454840714
8e-04	0.0011	0	6e-04	2e-04	4e-04	0.00583191300099459
0.0401	0.0384	0.0049	0.0245	0.017	0.0177	0.140362607810989
0.0663	0.0685	0.0079	0.0477	0.0294	0.0353	0.192542630648755
0.1	0.0998	0.0124	0.0518	0.0432	0.04	0.250003535392833
0.0343	0.0348	0.0047	0.0198	0.0157	0.016	0.130232649950302
0.0047	0.0029	4e-04	0.0033	0.002	0.0029	0.0286866986234578
0.3374	0.3269	0.0378	0.1984	0.1525	0.1539	0.513767606661963
0.056	0.0453	0.0045	0.0316	0.0261	0.0206	0.155187885322727
0.5571	0.5403	0.0802	0.3489	0.2924	0.3033	0.662328560653889
0.0125	0.0158	0.0019	0.0125	0.006	0.0062	0.0757857660272418
0.3693	0.3707	0.0315	0.2117	0.1473	0.159	0.609079643396561
0.267	0.2671	0.0297	0.1521	0.1166	0.1151	0.441614927726667
0.5384	0.5149	0.0839	0.342	0.2835	0.294	0.640623808213373
0.0135	0.0183	0.0014	0.0112	0.0064	0.0076	0.0704666497581609
0.2299	0.2238	0.0324	0.1326	0.104	0.1088	0.376341338966797
0.128	0.127	0.0138	0.0793	0.0605	0.0564	0.268748834362905
0.004	0.0048	8e-04	0.0036	0.0047	0.0038	0.0365698758849466
0.1312	0.1279	0.014	0.0735	0.0546	0.0555	0.266003270334561
0.0705	0.0729	0.0098	0.0452	0.0345	0.0327	0.191082180308062
0.3271	0.3331	0.0313	0.18	0.137	0.1528	0.520676011519915
0.0103	0.0121	0.0011	0.0078	0.0079	0.0052	0.0631194628770257
0.0567	0.0579	0.0055	0.0375	0.0281	0.0233	0.179629968426671
0.0869	0.0866	0.0117	0.054	0.0364	0.0368	0.247585906503667
0.0077	0.0075	0.0011	0.006	0.005	0.0036	0.047509509247385
0.0103	0.011	0.0015	0.0096	0.0063	0.0054	0.0566973570865994
0.0311	0.0332	0.0027	0.0183	0.0128	0.0133	0.132908503180758
0.1353	0.1286	0.0148	0.079	0.056	0.0519	0.291567065868099
0.0051	0.0042	0.0015	0.0021	0.0018	0.0034	0.0325497764370619
0.0118	0.0097	0.0014	0.0094	0.0046	0.0057	0.0658097781724629
0.0957	0.095	0.0104	0.0637	0.0407	0.0504	0.255514364413979
0.4392	0.427	0.0548	0.2493	0.2114	0.1996	0.611024723085508
0.0378	0.0284	0.0049	0.0209	0.0157	0.0174	0.122386754157701
0.0011	6e-04	4e-04	2e-04	3e-04	3e-04	0.00415179427096233
0.2831	0.2836	0.0376	0.1689	0.136	0.1249	0.44893352208774
0.0014	0.0012	0	6e-04	3e-04	0.0011	0.00737850793796515
0.0616	0.0604	0.0082	0.0372	0.0275	0.0315	0.146953931336162
0.4935	0.491	0.072	0.3086	0.2522	0.2418	0.614102223611434
0.1131	0.1088	0.0158	0.0704	0.0552	0.0535	0.268094592520725
0.0199	0.0235	0.0035	0.0114	0.0078	0.0096	0.0922386350501182
0.1069	0.1073	0.0131	0.0694	0.0556	0.0513	0.276773366525738
0.4869	0.4833	0.0581	0.2931	0.2265	0.2392	0.639093196038592
0.1019	0.0884	0.0092	0.0624	0.0396	0.0471	0.260441517038894
0.0034	0.0033	6e-04	0.0013	0.0016	0.001	0.0160731633651623
0.0818	0.0811	0.0095	0.0532	0.0407	0.0306	0.243324225766605
0.1451	0.155	0.0121	0.0875	0.066	0.0638	0.365843654292693
0.1472	0.143	0.0157	0.074	0.066	0.0692	0.314410913858202
0.0135	0.0083	0.0012	0.0064	0.0065	0.0048	0.0673841839499665
0.2501	0.2651	0.0234	0.1388	0.1137	0.1139	0.460124035034788
0.8353	0.8308	0.2524	0.6819	0.6209	0.6275	0.869098835719113
0.2333	0.233	0.027	0.1416	0.1074	0.1084	0.419635123890872
0.7304	0.728	0.1206	0.5116	0.4188	0.4414	0.817630858074438
0.0461	0.0373	0.005	0.0246	0.0185	0.0219	0.164037264616755
0.5828	0.5817	0.0842	0.3628	0.3129	0.3137	0.697957779047293
0.1572	0.1621	0.0175	0.0966	0.0746	0.0719	0.369473301272603
0.084	0.0778	0.0092	0.0549	0.0357	0.035	0.232798290517086
0.0471	0.0511	0.004	0.0346	0.0217	0.021	0.183062732967711
0.0398	0.0453	0.0045	0.0294	0.0214	0.0229	0.160785969793313
0.0122	0.0103	0.0023	0.0054	0.0057	0.0051	0.0487600779068349
0.0186	0.024	0.0027	0.0153	0.0088	0.0116	0.0843729582842399
0.0208	0.0172	0.0027	0.0118	0.0114	0.01	0.0844554607331425
0.0794	0.0815	0.0068	0.0509	0.035	0.0344	0.241564967828796
3e-04	3e-04	0	0	0	1e-04	0.00244848761669281
0.1589	0.1491	0.0172	0.086	0.0689	0.0731	0.307688554462139
8e-04	7e-04	3e-04	6e-04	5e-04	9e-04	0.00622164861510573
0.3119	0.3047	0.0398	0.1775	0.1444	0.1454	0.459424395338698
0.1299	0.1175	0.0126	0.0678	0.0537	0.0523	0.320733305629905
0.0034	0.0025	8e-04	0.0024	0.0022	0.0018	0.0205383431097697
0.3637	0.3843	0.0484	0.2341	0.1749	0.1801	0.53055468827946
8e-04	8e-04	4e-04	5e-04	0.0014	6e-04	0.00898628257260429
0.0219	0.0235	0.0031	0.0142	0.0098	0.0122	0.0786655636669952
0.2429	0.249	0.0257	0.1427	0.105	0.1131	0.443292293010642
0.0045	0.005	6e-04	0.0024	0.0017	0.0014	0.025823796531411
0.1016	0.1149	0.0115	0.0608	0.0405	0.0458	0.266377070327809
0.6142	0.6155	0.0856	0.4041	0.3365	0.3314	0.732173534981763
0.0048	0.004	8e-04	0.0025	0.002	0.0022	0.0256100247722509
0.0891	0.0973	0.0103	0.0585	0.043	0.0384	0.222541200788121
3e-04	6e-04	2e-04	1e-04	1e-04	4e-04	0.00221800574115606
0.0104	0.0119	0.0017	0.0077	0.0045	0.0072	0.0544811655897081
0.0062	0.0076	7e-04	0.0072	0.005	0.0034	0.0416344246173429
0.0199	0.014	0.003	0.0097	0.0079	0.0086	0.0776337297421818
0.0067	0.0048	8e-04	0.0067	0.0043	0.0043	0.0424297823067281
0.0023	0.0029	3e-04	0.0018	0.0021	0.0015	0.0224789827415843
0.0252	0.0258	0.0023	0.0151	0.0137	0.0128	0.0929299840615382
0.0127	0.0131	0.0015	0.0109	0.0081	0.0054	0.0675412174191823
0.0732	0.0711	0.0068	0.0504	0.0364	0.036	0.220651044337967
0.0244	0.026	0.0026	0.0142	0.0124	0.0123	0.119321939360192
0.0428	0.0374	0.0058	0.027	0.0194	0.0157	0.144822119676595
0.0016	0.0018	0	0.0013	6e-04	6e-04	0.0113169837726665
0.6639	0.6694	0.1109	0.4577	0.3899	0.3939	0.756082560818577
0.5146	0.5163	0.0582	0.3128	0.2464	0.2478	0.681512394800012
0.0689	0.0721	0.0081	0.0389	0.0263	0.0285	0.20081051844693
0.8089	0.8044	0.1937	0.6146	0.5596	0.5684	0.850690799965286
0.3552	0.37	0.0451	0.2133	0.1739	0.1834	0.533906118145064
0.1006	0.1136	0.01	0.0617	0.0448	0.0477	0.280553629222036
0.3914	0.4162	0.0525	0.2323	0.1877	0.1957	0.560680468305917
0.0226	0.0208	0.0022	0.0098	0.0093	0.0077	0.0887803998183715
0.0093	0.0106	6e-04	0.0053	0.0047	0.0052	0.0501400919796331
0.0012	2e-04	5e-04	8e-04	4e-04	4e-04	0.00868082965207235
0.0027	0.0021	0.0011	0.0018	0.0017	0.0021	0.0186477765222694
0.4839	0.4991	0.081	0.323	0.2719	0.2692	0.596086388364608
0.8604	0.8609	0.1884	0.6935	0.6108	0.6109	0.900932721602695
0.1375	0.1294	0.0143	0.0822	0.0641	0.059	0.331857114454957
6e-04	3e-04	0	4e-04	7e-04	3e-04	0.00543229308920765
0.2537	0.2439	0.0218	0.1523	0.1056	0.1123	0.462073463527752
8e-04	6e-04	2e-04	5e-04	6e-04	7e-04	0.00455303969218968
0.0656	0.0615	0.0069	0.0391	0.0249	0.029	0.183130902916467
0.3942	0.381	0.0353	0.2155	0.1646	0.168	0.604498257017781
0.0017	0.002	7e-04	0.001	0.0014	0.001	0.0141088912470457
0.0018	0.0014	1e-04	9e-04	0.001	5e-04	0.0114719605388792
0.0334	0.0326	0.0058	0.0205	0.0168	0.0168	0.119148067777859
0.0934	0.1017	0.0131	0.0631	0.0486	0.0508	0.230473314719526
8e-04	1e-04	1e-04	5e-04	3e-04	1e-04	0.00288560409332823
0.0544	0.0533	0.0052	0.0312	0.0264	0.0257	0.189250836067021
0.0628	0.0596	0.0099	0.0356	0.0299	0.0298	0.169307529908453
0.3515	0.3529	0.0298	0.1939	0.153	0.1511	0.54752758678575
0.0867	0.0781	0.0076	0.0445	0.0367	0.0379	0.233057665235093
0.0016	0.002	2e-04	0.0015	0.0016	0.0012	0.0138635032082099
0	3e-04	0	3e-04	0	0	0.00238375229802172
0.0337	0.0366	0.0044	0.0226	0.0139	0.0161	0.118581561173899
0.0347	0.0323	0.0043	0.0187	0.0176	0.0173	0.150016469190123
0.0126	0.0083	0.0012	0.008	0.0041	0.0055	0.0519664170824618
0.0987	0.096	0.0093	0.0573	0.0414	0.0473	0.250719107961788
3e-04	4e-04	0	0	0	1e-04	0.00164223021263915
0.0038	0.0051	6e-04	0.0036	0.0019	0.0025	0.0259560576048776
0.6693	0.6651	0.1283	0.4801	0.3973	0.4053	0.7529803279552
0.0545	0.0477	0.0055	0.0374	0.0252	0.0281	0.192579879384002
0.1941	0.174	0.0194	0.1029	0.0826	0.0883	0.36334471389501
0.0137	0.0143	0.0014	0.0104	0.0079	0.0091	0.0705684693978901
0.1103	0.1169	0.015	0.0643	0.0525	0.053	0.27697513505731
4e-04	6e-04	0	3e-04	2e-04	2e-04	0.00384015354194806
0.0068	0.003	5e-04	0.0031	0.0026	0.0023	0.0233716773292066
0.1769	0.1715	0.0186	0.0982	0.0772	0.0802	0.364189418483643
0.0013	0.0017	7e-04	0.001	3e-04	9e-04	0.0111355520972367
0.1284	0.1368	0.0123	0.0669	0.0492	0.0598	0.292042503049001
0.0306	0.0369	0.0028	0.0234	0.0163	0.0139	0.127951780926154
0.1306	0.1216	0.0186	0.0828	0.0576	0.0559	0.288978099680172
0.2539	0.2473	0.0257	0.1435	0.1107	0.1175	0.428622012671847
0.6474	0.6346	0.0864	0.4216	0.3327	0.3362	0.763181612668458
0.4237	0.4223	0.0621	0.2653	0.2094	0.2218	0.552140681020381
0.0295	0.0313	0.0034	0.0192	0.0143	0.0166	0.11344965048881
0.3605	0.3549	0.0435	0.2071	0.1811	0.1782	0.512053150220949
0.5547	0.5512	0.0697	0.3399	0.2819	0.2817	0.693434910479222
0.0607	0.0589	0.0076	0.0409	0.0291	0.0265	0.176169655110975
0.0521	0.0547	0.0048	0.0342	0.0262	0.0246	0.178781085764697
0.2051	0.2007	0.0205	0.1252	0.0941	0.0917	0.412819586076364
0.0663	0.0624	0.0057	0.0412	0.0298	0.0284	0.204309434652817
0.0467	0.0445	0.004	0.0255	0.0184	0.0198	0.146255496004293
0.0527	0.0572	0.0076	0.0355	0.023	0.0292	0.175021802664038
0.6225	0.6206	0.0727	0.4086	0.3274	0.3243	0.746610401770609
0.2313	0.2376	0.0216	0.1361	0.0996	0.1058	0.450215684418244
0.151	0.1472	0.0171	0.0907	0.063	0.0704	0.310415905410426
0.0654	0.0676	0.0072	0.0416	0.027	0.03	0.193379153069855
0.0536	0.0533	0.0057	0.0365	0.024	0.0294	0.189718415532339
0.0282	0.0277	0.003	0.0177	0.0134	0.0129	0.110182044849157
0.006	0.0039	0.0016	0.0048	0.0041	0.0027	0.0311914713565626
0.0224	0.0206	0.0027	0.0159	0.0106	0.0095	0.0883197693142183
0.0314	0.0319	0.0035	0.0215	0.0135	0.0154	0.107821249716815
2e-04	3e-04	1e-04	0	2e-04	2e-04	0.00367227252084289
0.0442	0.042	0.0052	0.0302	0.0264	0.0224	0.153986893287722
0.0226	0.0188	0.0014	0.0117	0.0089	0.0098	0.082665750270763
0.0302	0.0356	0.0036	0.0202	0.0143	0.0181	0.119173119124577
0.0133	0.0167	0.0013	0.0096	0.0066	0.0065	0.0719915968107411
0.1271	0.1257	0.0132	0.0741	0.0597	0.0555	0.309996237503848
0.0653	0.0685	0.0068	0.0377	0.0272	0.0305	0.206681989310643
0	0	1e-04	0	0	3e-04	0.000706559484729394
0.0221	0.0225	0.0046	0.0191	0.014	0.0158	0.102848102108357
0.0109	0.0112	0.0015	0.007	0.0056	0.0056	0.0583833721744176
0.128	0.1278	0.0113	0.073	0.0603	0.0513	0.327071220264999
0.0061	0.0042	7e-04	0.0041	0.0016	0.0023	0.0286515704960222
0.04	0.0418	0.0045	0.0268	0.0164	0.0204	0.139821832577391
0.5204	0.5305	0.0672	0.3243	0.2611	0.2627	0.663619257480678
0.2654	0.2703	0.0252	0.1526	0.1126	0.1267	0.492435133986113
1e-04	0	0	2e-04	0	2e-04	0.000672881016829356
0.0657	0.0669	0.0062	0.0397	0.033	0.0275	0.214602418307715
0.6216	0.6231	0.1059	0.4128	0.3517	0.353	0.720836559258536
0.0067	0.0063	0.0017	0.0046	0.0038	0.0039	0.0409050381916087
0.628	0.6192	0.0834	0.4114	0.3266	0.3452	0.753787287990947
0.0967	0.1016	0.0125	0.0586	0.0436	0.0461	0.252053425729968
0.3766	0.38	0.0504	0.2241	0.1761	0.1742	0.520450956340752
0.2566	0.2613	0.0254	0.1379	0.1023	0.1095	0.475134931690713
0.1477	0.146	0.0152	0.0867	0.0678	0.0646	0.340654874879139
0.026	0.0283	0.003	0.0186	0.0119	0.0111	0.105788288927172
0.0045	0.0037	7e-04	0.0032	0.0033	0.002	0.0269866809357396
0.006	0.0077	0.0011	0.0044	0.0044	0.0053	0.0357470261184467
0.0611	0.0595	0.0058	0.0363	0.0269	0.0287	0.166311068255752
0.0032	0.0012	5e-04	0.0013	0.0015	0.0012	0.0175163001897608
0.0027	0.0034	0	0.0025	9e-04	0.0011	0.0175976780949836
0.0177	0.0182	0.0029	0.0121	0.0097	0.0084	0.0936982199937994
0.2102	0.2226	0.0228	0.123	0.0963	0.0925	0.419593892932313
0.1366	0.1504	0.0148	0.0852	0.0634	0.064	0.326021966093906
0.071	0.0817	0.0104	0.0475	0.0388	0.0363	0.195772542066481
4e-04	6e-04	0	0	1e-04	1e-04	0.00237912725147492
0.3813	0.362	0.0303	0.2115	0.1609	0.167	0.596318781170342
0.2844	0.2956	0.0343	0.1661	0.1294	0.1269	0.447115962344278
0.0207	0.0192	0.0022	0.0108	0.0093	0.0084	0.0884756762452374
0.0203	0.0203	0.0018	0.0103	0.0077	0.0099	0.0798227334198285
0.491	0.4917	0.0581	0.2893	0.2355	0.2459	0.65483075847545
0.0059	0.0041	4e-04	0.0042	0.0029	0.0018	0.0292331769114624
0.1513	0.1401	0.0179	0.0905	0.0616	0.0661	0.285415208973306
0.1108	0.0965	0.0103	0.0559	0.0407	0.0431	0.278688201743162
0.376	0.3999	0.0417	0.2204	0.181	0.1813	0.582717519231788
0.0069	0.0037	0.0012	0.0043	0.0042	0.0027	0.0432545855207499
0.002	0.003	1e-04	0.002	0.0013	0.0021	0.0179968605900931
0.3186	0.3161	0.0405	0.1849	0.149	0.1561	0.478405277375025
0	3e-04	0	0	0	0	0.00158208174667992
0.0322	0.0307	0.0035	0.0173	0.017	0.0159	0.120997838888779
0.0014	4e-04	4e-04	8e-04	6e-04	7e-04	0.00729415390614948
0.0967	0.085	0.0101	0.05	0.04	0.039	0.233815170274317
0.2958	0.3045	0.037	0.1898	0.1427	0.1404	0.463227425299865
3e-04	8e-04	0	1e-04	1e-04	5e-04	0.00441098497654355
0.2874	0.2995	0.0327	0.1732	0.1439	0.1357	0.485283907352283
0.6332	0.6513	0.0758	0.4015	0.3231	0.3335	0.771466794706929
0.033	0.0324	0.0045	0.0212	0.0173	0.0174	0.103477474709983
0.0022	0.0022	4e-04	0.0023	0.0014	0.0021	0.0223476777433313
0.0235	0.0219	0.002	0.0144	0.0089	0.009	0.0866249169683159
0.0419	0.0396	0.0046	0.0239	0.0204	0.02	0.148971148551067
0.0288	0.0317	0.0039	0.0182	0.0172	0.0147	0.109152382522155
0.0043	0.006	4e-04	0.0038	0.002	0.0038	0.0303369572016822
0.1106	0.1095	0.0113	0.0602	0.0481	0.0518	0.283561752237555
0.0165	0.0158	0.0014	0.01	0.0084	0.0092	0.0648772195698622
0.0322	0.0353	0.0054	0.0239	0.0179	0.0163	0.137953075198808
0.0119	0.0106	0.0021	0.0095	0.0042	0.0061	0.0619647750435946
0.9132	0.9144	0.2958	0.7969	0.7335	0.7449	0.938159139150804
0.0263	0.0216	0.003	0.0164	0.0104	0.0108	0.103380492486341
0.3096	0.3012	0.0298	0.1733	0.1366	0.1403	0.509015218119312
1e-04	4e-04	1e-04	7e-04	0	0	0.00176171856598881
0.3872	0.4004	0.0478	0.2263	0.1945	0.1934	0.54608143353051
0.3141	0.3111	0.0361	0.1821	0.145	0.1342	0.478244183411199
0.0394	0.0365	0.0049	0.0285	0.0186	0.0194	0.142745835062686
0.1383	0.1385	0.0147	0.0923	0.0611	0.0653	0.318780113679385
0.2363	0.2301	0.0285	0.1378	0.1098	0.1052	0.389589652711936
0.0122	0.013	0.0036	0.0094	0.0048	0.0066	0.0723186403465859
0.5945	0.5978	0.0633	0.3644	0.295	0.3015	0.751891053284686
0.0192	0.0159	0.0016	0.0109	0.0076	0.0065	0.0861299808319365
0.0777	0.0794	0.0081	0.0492	0.0329	0.033	0.233385342227236
0.0353	0.0379	0.0052	0.024	0.0167	0.0172	0.137523958191776
0.006	0.0058	8e-04	0.0048	0.004	0.0029	0.0369100537552609
0.0901	0.0929	0.0111	0.0517	0.0364	0.0363	0.239691544961947
0.0122	0.0105	0.002	0.0076	0.0074	0.0054	0.0608675836254246
3e-04	3e-04	0	1e-04	2e-04	1e-04	0.00221339843958698
0.0024	0.0028	0.0012	0.0026	0.0026	0.002	0.0238762543386707
0	0	0	0	0	0	3.95206556156961e-06
0.0027	0.0025	2e-04	0.0024	0.002	0.0017	0.0178437794615334
0.0531	0.057	0.0062	0.0352	0.0256	0.0244	0.178340335981283
0.1056	0.1008	0.0121	0.063	0.0503	0.0438	0.285332539539684
0.0325	0.0275	0.0032	0.0204	0.0149	0.0156	0.130024361076406
0.005	0.0053	2e-04	0.0061	0.0028	0.0031	0.0360066634382839
0.0013	7e-04	1e-04	9e-04	4e-04	0.0016	0.00800113821936635
0.0011	0.0011	1e-04	0.0014	0.0013	0.001	0.0126125666155473
0.0355	0.0385	0.0054	0.0267	0.0177	0.0201	0.145776950363305
1e-04	3e-04	0	0	0	1e-04	0.000948187267550986
0.2488	0.2487	0.0289	0.1407	0.1178	0.1122	0.425439310094269
0.0097	0.0096	0.0017	0.0088	0.0066	0.0059	0.056146517752639
0.0228	0.0253	0.0025	0.0124	0.0102	0.0133	0.107667511684956
0.0994	0.0932	0.0104	0.0592	0.0426	0.0399	0.245195063149253
0.0109	0.0138	0.0015	0.0073	0.0056	0.0053	0.0526035699327847
0.0012	0.001	0	0.0014	8e-04	9e-04	0.00734642236544752
0.3124	0.3155	0.0339	0.1886	0.1433	0.1473	0.484753494966992
0.0136	0.014	0.0012	0.0083	0.0074	0.0062	0.0679715864384095
0.0588	0.0544	0.007	0.0349	0.0244	0.0281	0.170256217522181
0.0077	0.0045	0.0012	0.0025	0.0031	0.002	0.0298987826014532
0.2423	0.2323	0.0289	0.1352	0.1077	0.1062	0.424657805630911
0.0399	0.041	0.0039	0.0261	0.0167	0.0176	0.138542741711979
0.8619	0.8674	0.2152	0.7004	0.6364	0.6324	0.897848830055133
0.3398	0.3448	0.0358	0.2039	0.1578	0.1654	0.525409768047586
0.4337	0.4345	0.068	0.2634	0.2304	0.2201	0.54113660560895
5e-04	4e-04	0	4e-04	4e-04	3e-04	0.00429698263579765
0.0423	0.0416	0.0055	0.0267	0.0214	0.0188	0.171937405703184
0.1378	0.1415	0.0123	0.0766	0.0667	0.0594	0.353148822046132
0.0213	0.0197	0.0022	0.0106	0.0101	0.0157	0.104318818135636
0.0013	0.002	4e-04	8e-04	7e-04	4e-04	0.0117007936835947
0.1065	0.0958	0.0124	0.0614	0.0409	0.0474	0.232926960123743
0.1521	0.1529	0.0148	0.0901	0.0646	0.0605	0.352108466950111
0.6624	0.6713	0.0914	0.4563	0.3721	0.3708	0.767733332595839
0.0804	0.0764	0.0079	0.0468	0.0308	0.0339	0.235634903819752
0.1063	0.1152	0.0109	0.0607	0.0476	0.0506	0.300394503639516
0.604	0.601	0.0841	0.3831	0.3243	0.3137	0.722656679993291
9e-04	0.0012	3e-04	6e-04	3e-04	5e-04	0.00875281491827826
0.4699	0.4705	0.0534	0.2945	0.2297	0.2238	0.639012055764877
0.0064	0.0081	0.001	0.0063	0.0027	0.0071	0.0476068403951265
0.0482	0.0499	0.0046	0.0255	0.0259	0.0246	0.172872298465404
0.0562	0.0535	0.0079	0.0356	0.0266	0.0219	0.179397558018829
0.0013	9e-04	3e-04	4e-04	5e-04	4e-04	0.00653526784498789
0.0054	0.0046	0.001	0.0034	0.0024	0.0044	0.0295285953925406
0.1731	0.1628	0.0196	0.0922	0.075	0.0759	0.34749736997148
0.5809	0.5836	0.0734	0.3591	0.2928	0.2898	0.725811004349402
0.1053	0.104	0.0142	0.0651	0.0494	0.0493	0.246515081788848
0.0173	0.0162	0.0024	0.0124	0.0093	0.007	0.0754274637417057
0.0189	0.0204	0.0031	0.0115	0.0108	0.0116	0.0952328202132527
0.2981	0.2949	0.0295	0.1704	0.1206	0.1194	0.517968835891766
0.0265	0.0238	0.0025	0.0174	0.0128	0.0133	0.119176390572295
0.0967	0.0987	0.0097	0.0594	0.0438	0.0424	0.254161691553764
0.0057	0.0055	7e-04	0.0044	0.0034	0.0024	0.0349376092184247
0.0228	0.0191	0.0019	0.0173	0.0084	0.0128	0.095565909105843
0.1006	0.0959	0.0148	0.0613	0.0442	0.0449	0.24051083394827
0.0598	0.0639	0.0073	0.0408	0.0276	0.0303	0.181782759088677
0.0041	0.0031	3e-04	0.0029	0.0029	0.0019	0.025724433857061
0.2827	0.2914	0.0276	0.1722	0.1251	0.1363	0.509233314920523
0.0024	8e-04	6e-04	0.0018	0.0011	0.0021	0.0118967548351164
0.7992	0.7857	0.1449	0.5848	0.4991	0.5111	0.857516749657445
0.0985	0.0916	0.0099	0.0604	0.0402	0.0363	0.256552264729613
0.0821	0.0817	0.0103	0.0482	0.036	0.0423	0.176096316208001
0.0018	3e-04	2e-04	9e-04	5e-04	4e-04	0.00711905707766875
0.5771	0.5568	0.0747	0.3572	0.2997	0.307	0.702889282160683
0.0048	0.0055	3e-04	0.0029	0.0017	0.0028	0.026942323248271
0.0806	0.0857	0.0095	0.0543	0.0403	0.0391	0.228700296999298
0.0462	0.0467	0.0063	0.0293	0.02	0.0223	0.13948095928363
0.0032	0.0025	4e-04	0.0028	0.0013	0.001	0.0217478642321513
0.3825	0.3851	0.0596	0.2397	0.2091	0.1915	0.514080236810395
1e-04	0	0	0	1e-04	0	0.000275126198066627
0.0344	0.0339	0.0045	0.0243	0.0168	0.017	0.133481315893702
0.0252	0.0232	0.0023	0.0185	0.0124	0.0113	0.102000253428041
0.0606	0.0636	0.0086	0.0334	0.0299	0.0297	0.185184071015693
0.0133	0.0135	0.002	0.0079	0.005	0.0067	0.0619430750376374
0.1729	0.1616	0.0168	0.0833	0.0752	0.0737	0.358113793226507
0.5452	0.5622	0.0669	0.3556	0.2701	0.2859	0.69258966587716
0.0087	0.01	0.0013	0.0089	0.0052	0.0037	0.052329363945502
0.1349	0.1509	0.0134	0.0841	0.0623	0.0539	0.34526789413527
0.5266	0.5214	0.0654	0.3241	0.2581	0.2635	0.665678775522819
0.0877	0.082	0.0105	0.0483	0.0342	0.0439	0.238158226141397
0	1e-04	0	3e-04	1e-04	3e-04	0.00123522313942982
0.0061	0.0062	0.0011	0.0043	0.0025	0.0041	0.03771346936188
0.0328	0.0405	0.0072	0.028	0.0154	0.0168	0.13417288606514
6e-04	0.0014	2e-04	2e-04	5e-04	7e-04	0.00468702702354029
0.0141	0.0142	0.0013	0.0093	0.0069	0.0074	0.0648568457228675
0.3614	0.3592	0.0383	0.2141	0.1696	0.1688	0.557401939741179
0.0652	0.0671	0.0107	0.0435	0.03	0.034	0.158103805033755
0.0674	0.0716	0.0074	0.041	0.033	0.0307	0.213760793483285
0.4294	0.4338	0.0439	0.2663	0.195	0.1882	0.627898040285554
0.001	9e-04	1e-04	0.0014	7e-04	7e-04	0.00846563340507411
0.0465	0.0447	0.0036	0.0264	0.018	0.0195	0.15463477221
0.0019	0.002	4e-04	0.004	0.0015	8e-04	0.0180002307279541
0.0036	0.0037	4e-04	0.0035	0.0016	0.0014	0.0206365731007736
0.177	0.1867	0.0198	0.1201	0.0807	0.0906	0.35813638805503
0.7631	0.7658	0.1416	0.5644	0.4943	0.4904	0.832276298786198
0.0661	0.0583	0.0071	0.0345	0.0243	0.0263	0.195443612039313
0.3889	0.3782	0.0463	0.2176	0.1934	0.1751	0.543654653810882
0.0431	0.0439	0.0051	0.0267	0.0176	0.0208	0.149780104867327
0.0828	0.0818	0.0078	0.0494	0.0329	0.0356	0.216679852551641
0.1751	0.1685	0.0215	0.1043	0.0811	0.0871	0.326424971293331
0.6427	0.6414	0.088	0.4149	0.3478	0.3527	0.754707335081945
0.1146	0.114	0.0104	0.0759	0.0483	0.0518	0.29620676788841
0.007	0.0086	0.001	0.0051	0.0025	0.0036	0.0459124184266406
1e-04	1e-04	0	0	0	0	0.000638493777106654
0.0817	0.0752	0.0102	0.0483	0.0409	0.0397	0.186355132944095
0.0896	0.0877	0.0117	0.0526	0.0374	0.0471	0.236197465781531
0.0685	0.075	0.0066	0.0438	0.0354	0.0293	0.223652800614495
0.3075	0.2973	0.0395	0.1844	0.1473	0.14	0.464745026818795
0.0059	0.0067	0.0011	0.0056	0.0048	0.0026	0.0428514344105322
0.0016	0.002	1e-04	0.0014	9e-04	8e-04	0.0107085777534128
0.0215	0.02	0.0029	0.0187	0.0102	0.0098	0.096811558075013
0.435	0.4392	0.0451	0.2546	0.1917	0.1982	0.650512588689713
0.7779	0.7765	0.1099	0.5519	0.4636	0.4723	0.854278016146557
0.0071	0.0045	0.001	0.0033	0.0029	0.0028	0.0313317877147395
1e-04	0	1e-04	1e-04	0	0	0.00258504382918021
0.1929	0.1969	0.0235	0.1185	0.0869	0.0924	0.366069212642982
0.0027	0.0033	1e-04	0.0034	0.0025	8e-04	0.0254644527340755
0.0033	0.0026	5e-04	0.0017	0.0013	0.0013	0.0179177364402612
0.0028	0.0028	3e-04	0.0023	0.0014	0.0014	0.0196023741246086
0.3695	0.3768	0.0473	0.23	0.1803	0.1782	0.519683564628398
0.3559	0.349	0.0382	0.2039	0.1597	0.1546	0.55634534636456
0.1819	0.1718	0.0179	0.1076	0.0792	0.0853	0.352320286386419
0.0032	0.0049	3e-04	0.0038	0.0015	0.0013	0.024578579740292
0.3645	0.3605	0.053	0.2254	0.1714	0.1731	0.498764141521166
0.0092	0.0095	0.0011	0.0043	0.0022	0.0048	0.0499151499460565
0.0018	0.0018	4e-04	7e-04	7e-04	8e-04	0.00968120928657356
0.1844	0.1835	0.0172	0.106	0.0795	0.0825	0.35383093893536
0.0904	0.089	0.0116	0.054	0.0414	0.0448	0.269549628460189
0.1079	0.1052	0.0136	0.0633	0.0499	0.0495	0.2435273883208
0.0259	0.0236	0.0031	0.0135	0.012	0.0127	0.101001612151074
0.7096	0.7131	0.1371	0.5082	0.4418	0.4466	0.78287475349619
0.1366	0.1253	0.0142	0.0749	0.0577	0.0585	0.294247966120349
0.1706	0.1789	0.0184	0.1022	0.0761	0.081	0.388425227814735
0.0017	0.0024	3e-04	7e-04	0.001	0.0013	0.0138772921971921
0.0229	0.0243	0.0027	0.0167	0.0124	0.0125	0.106009146946658
0.0534	0.0535	0.0048	0.0326	0.022	0.025	0.16360204251557
0.0707	0.0668	0.0097	0.0408	0.0321	0.0272	0.179861599298699
0.0012	0.0016	1e-04	0.0018	7e-04	9e-04	0.0129193154176701
0.3153	0.3141	0.0324	0.1821	0.14	0.1444	0.50525224730039
0.0343	0.0301	0.004	0.0216	0.0145	0.0155	0.115139904832893
0.5125	0.5165	0.0674	0.3302	0.2835	0.2722	0.65613259182389
0.1093	0.1085	0.0132	0.0741	0.0465	0.0502	0.285495711627613
0.0396	0.0392	0.0066	0.0228	0.0195	0.0179	0.126486171028173
0.8456	0.8372	0.2405	0.679	0.6163	0.631	0.872588149607231
0.9357	0.9359	0.2674	0.8122	0.7607	0.7602	0.955097210375087
0.6036	0.6035	0.0821	0.385	0.3195	0.3148	0.723284991735674
0.4038	0.4002	0.0563	0.2466	0.1926	0.1961	0.539907609020207
0.075	0.0807	0.0077	0.05	0.0358	0.0347	0.259676847128846
0.9826	0.9812	0.422	0.9331	0.9051	0.9082	0.985922077408442
0.0421	0.05	0.0045	0.0281	0.0211	0.0193	0.178002186491037
0.0073	0.0055	6e-04	0.0066	0.0032	0.0044	0.0404828616784769
0.5013	0.5016	0.0696	0.3165	0.2539	0.2603	0.634106593074198
5e-04	2e-04	0	2e-04	3e-04	1e-04	0.00216055127632504
0.3469	0.3498	0.0406	0.2117	0.1651	0.1696	0.529733334723689
0.2223	0.2232	0.0259	0.1252	0.0986	0.0977	0.370561564155671
0.0449	0.0506	0.0053	0.0377	0.0226	0.0197	0.15547572437401
0.2216	0.2174	0.0206	0.1272	0.0926	0.0947	0.422745520995118
0.5775	0.5605	0.0699	0.3661	0.2982	0.2975	0.713872045106401
0.0403	0.0368	0.0056	0.0248	0.0184	0.0183	0.138817057872658
