FMP	RMP	FPP	UPP	ANPP	NPP	ANCOVA
0.6539	0.6337	0.1902	0.6769	0.5188	0.5161	0.881222122843933
0.9753	0.9729	0.2665	0.9342	0.8533	0.8638	0.984817124569293
0.4515	0.4469	0.0877	0.4828	0.314	0.3134	0.713147141039899
1	0.9999	0.8907	0.9996	0.9987	0.9988	0.999879984140913
0.1358	0.1345	0.0162	0.1497	0.0859	0.0905	0.31265482360659
0.152	0.1544	0.0442	0.2615	0.1498	0.1564	0.557779474293151
0.1147	0.0989	0.0802	0.3051	0.2003	0.1929	0.69457791381655
0.4172	0.4359	0.0469	0.4334	0.2607	0.2609	0.684722026655043
0.0329	0.0355	0.0015	0.0395	0.0195	0.0189	0.0945823445781718
0.2225	0.2349	0.0902	0.4098	0.2633	0.2556	0.767029205957292
0.032	0.0327	0.0113	0.097	0.0508	0.0515	0.302563672983941
0.4131	0.4254	0.0409	0.3672	0.231	0.2197	0.572158065666612
0.3765	0.396	0.1473	0.5578	0.3856	0.3765	0.853618547317772
0.0031	0.003	8e-04	0.0067	0.0034	0.004	0.0195540347071505
0.0217	0.0221	0.0233	0.1143	0.0556	0.0632	0.485435430198523
0.0391	0.0383	0.0227	0.1237	0.0688	0.0664	0.424990196801773
0.1296	0.1148	0.034	0.2331	0.1173	0.1224	0.535801590710574
0.2564	0.2638	0.0563	0.3765	0.2228	0.2253	0.677949911698843
0.2434	0.255	0.0658	0.3269	0.2153	0.2266	0.616559026634099
0.0158	0.0178	0.0051	0.0432	0.0209	0.0254	0.140253223183261
0.0178	0.0192	0.0132	0.0735	0.0407	0.0373	0.345703634634711
0.0115	0.0111	6e-04	0.0155	0.0085	0.008	0.0523860725815577
0.0219	0.0257	0.0256	0.0999	0.0538	0.0586	0.362973636612517
0.0586	0.0553	0.0191	0.1208	0.0601	0.0705	0.375754871730606
0.0031	0.0033	0.0058	0.0219	0.0115	0.0106	0.153925807477256
0	0	0	1e-04	0	1e-04	0.00124836971498325
0.0242	0.0235	0.0146	0.0943	0.0424	0.0491	0.380833072398756
0.7484	0.7431	0.2066	0.769	0.5979	0.5935	0.947613926944329
0.0166	0.0218	0.0026	0.0476	0.0201	0.0168	0.156531650760481
1e-04	1e-04	1e-04	6e-04	3e-04	2e-04	0.0112474813398337
0.2703	0.2799	0.049	0.3397	0.1954	0.208	0.596795744359914
0.0468	0.0475	0.0131	0.1195	0.0549	0.0545	0.338359734776313
0.9176	0.8956	0.2404	0.8875	0.7411	0.7416	0.978718190627296
0.5661	0.5482	0.1515	0.6123	0.4449	0.4451	0.850209198890657
0.6099	0.6001	0.1138	0.6148	0.429	0.4372	0.835140330029682
0.0655	0.0707	0.0068	0.0836	0.0487	0.0419	0.232690495621294
0.0213	0.0237	0.0015	0.0208	0.0075	0.0096	0.0495684271040399
0.0362	0.029	0.0029	0.0439	0.0248	0.0239	0.122189979865387
4e-04	2e-04	0	1e-04	0	0	0.00123512087338526
0.079	0.0882	0.0194	0.1266	0.0827	0.0797	0.284316257315457
0.2411	0.2388	0.0298	0.3029	0.1563	0.1625	0.52874908594053
0.0471	0.0387	0.0103	0.1068	0.052	0.0533	0.32131538091837
0.2687	0.2733	0.0475	0.3303	0.1964	0.189	0.585321534885786
0.0871	0.0748	0.0231	0.1852	0.0953	0.0979	0.517172127120859
0.4456	0.457	0.0764	0.4994	0.306	0.318	0.791220625697677
9e-04	3e-04	1e-04	0.0019	0.001	0.0014	0.010882601354858
0.0127	0.0163	0.0025	0.0256	0.0186	0.0141	0.099467142965629
0.0579	0.0503	0.0143	0.1209	0.0603	0.0622	0.318978338728603
2e-04	4e-04	0	4e-04	1e-04	2e-04	0.00292208992831262
0.9066	0.8822	0.123	0.8303	0.6602	0.6472	0.936132012199838
0.8503	0.8603	0.182	0.7827	0.6312	0.6202	0.901212056058104
0.0367	0.0355	0.0045	0.0596	0.0286	0.0267	0.176041842454296
0	0	0	0	0	0	4.8837859950162e-06
0.0016	0.001	0.0013	0.0109	0.0042	0.005	0.0762471644772329
0.1877	0.1785	0.0264	0.2119	0.1214	0.1278	0.382914619492473
0.0317	0.0363	0.0026	0.0394	0.0225	0.0177	0.100936090051585
0.0027	0.0022	0.0045	0.0159	0.0086	0.0098	0.133898083141494
0.0183	0.0165	0.011	0.0548	0.0345	0.0321	0.191294047700617
0.3106	0.3055	0.0495	0.3873	0.2348	0.2253	0.690328909874259
0.0197	0.0179	0.0107	0.0733	0.0381	0.0378	0.302262415758031
0.1857	0.1937	0.0759	0.343	0.2124	0.2084	0.676841616806721
0.0037	0.0043	0.0073	0.0221	0.0149	0.0146	0.177661232201065
0.0754	0.0822	0.0193	0.1706	0.0836	0.0837	0.449183706828211
0.0043	0.005	0.0021	0.0159	0.0078	0.0046	0.0662682726870242
0.3229	0.3213	0.0448	0.296	0.1934	0.1816	0.463634626303718
0.0126	0.0074	0.0024	0.0308	0.0174	0.0152	0.176308345011593
0	3e-04	3e-04	2e-04	3e-04	0	0.00827696136937543
0.3826	0.3826	0.1117	0.4921	0.3381	0.3315	0.778651814564412
0.0268	0.0253	0.0167	0.1106	0.0586	0.0554	0.447747608636985
0.3503	0.3342	0.0434	0.3503	0.214	0.2191	0.587315481576603
0.0138	0.0106	0.0013	0.0139	0.0071	0.0077	0.0340025103331283
0.1306	0.1375	0.0183	0.1836	0.1029	0.1044	0.413371597019534
0.0019	0.0018	0.0047	0.017	0.0079	0.0074	0.127089142349108
0.0075	0.0066	6e-04	0.011	0.0049	0.0043	0.046880988849498
0.163	0.1674	0.0176	0.204	0.0976	0.105	0.461510939450467
0.0979	0.0945	0.0049	0.1003	0.0431	0.0466	0.234898954864892
0.014	0.0139	0.013	0.0627	0.0335	0.036	0.343669409633759
9e-04	0.0028	5e-04	0.0049	0.0042	0.0029	0.0336361720124783
0.0157	0.0147	0.0133	0.062	0.034	0.0401	0.302236874444134
0.0223	0.031	0.0042	0.0524	0.0221	0.0265	0.165434796837445
0.0175	0.0159	0.011	0.0559	0.0321	0.0322	0.220241911641055
0.0401	0.0452	0.0309	0.1533	0.0888	0.0844	0.522270053193712
0.048	0.0477	0.0085	0.1006	0.0453	0.0463	0.262087277666487
0.0329	0.036	0.0051	0.0715	0.0349	0.0374	0.222708482265166
0.1416	0.1358	0.0143	0.1796	0.0851	0.0949	0.411581900924869
0.0228	0.0207	0.0158	0.0788	0.0452	0.0405	0.314039879771235
0.2128	0.2106	0.0168	0.2098	0.1139	0.1135	0.382226182430604
0.517	0.5367	0.0482	0.4346	0.2958	0.2927	0.625438893585287
0.0411	0.048	0.0375	0.1467	0.0908	0.1018	0.477750297293029
0.3043	0.3168	0.0345	0.2588	0.1753	0.1727	0.385312434380414
0.0024	0.0028	0.0022	0.0103	0.006	0.007	0.148721025407929
0.0037	0.0039	0.0041	0.0199	0.0101	0.0087	0.122288864433082
0.3927	0.386	0.1091	0.4884	0.3428	0.3285	0.771784365611939
0.0068	0.0089	8e-04	0.011	0.0062	0.0081	0.0313099063333612
0.3462	0.3452	0.0194	0.2716	0.175	0.168	0.404659196032473
0.3814	0.3777	0.0374	0.3435	0.2185	0.2164	0.55004106520471
0.0445	0.048	0.0221	0.1175	0.0623	0.0655	0.389812955235834
0.0115	0.0056	0.0051	0.0406	0.0206	0.0218	0.202463161877447
0.0039	0.0042	0.0028	0.022	0.0122	0.0094	0.125291259139657
0.6301	0.6409	0.1153	0.6156	0.4416	0.4383	0.827179699420438
0.1876	0.1953	0.0107	0.1546	0.0844	0.0967	0.280796000741867
0.808	0.7987	0.1573	0.7499	0.6008	0.5866	0.90559231284824
0.6863	0.6915	0.1016	0.6103	0.5003	0.4919	0.720008383717141
0.2173	0.238	0.0427	0.2852	0.1838	0.1741	0.539982741318102
0.0813	0.0987	0.0274	0.1885	0.1008	0.1032	0.488078617154768
0.4997	0.51	0.0544	0.4329	0.2927	0.2859	0.622390537343951
0.7848	0.7717	0.1119	0.7051	0.5174	0.518	0.874387036985178
0.5873	0.5905	0.0483	0.4942	0.3677	0.3737	0.619234556099244
0.6459	0.6437	0.0781	0.5574	0.3967	0.3969	0.723325653538277
0.7268	0.7189	0.0959	0.6313	0.5368	0.5403	0.742719877249016
0.1701	0.1705	0.0311	0.2544	0.1466	0.1399	0.511703637205176
0.6089	0.6343	0.0596	0.506	0.3774	0.3722	0.672439530216231
0.1604	0.1643	0.0353	0.2747	0.1587	0.1608	0.594034546935223
0.0018	8e-04	7e-04	0.0099	0.006	0.0032	0.0564815851380596
0.0049	0.0054	0.0028	0.0211	0.0078	0.0088	0.140221327483119
0.0012	8e-04	3e-04	0.004	0.0013	8e-04	0.0152587389747861
0.168	0.1655	0.0115	0.1903	0.0912	0.098	0.377544336907674
0.1199	0.1215	0.0224	0.1719	0.1016	0.1005	0.350221187744848
0.0415	0.0426	0.0121	0.1002	0.0491	0.0496	0.3349145061146
0.0706	0.0642	0.0528	0.2256	0.1222	0.134	0.614049020596284
0.5607	0.587	0.045	0.523	0.3258	0.337	0.772424414019967
0.8981	0.8841	0.1646	0.8247	0.7006	0.6982	0.914803973368963
0.2872	0.2862	0.016	0.2247	0.1381	0.14	0.346107349900912
0.5901	0.6164	0.0947	0.5716	0.3835	0.3931	0.811371595862076
0.0636	0.0734	0.0087	0.0875	0.049	0.0469	0.210791751494197
0.1298	0.1379	0.034	0.2338	0.1329	0.1358	0.542404989537287
0.9686	0.9675	0.3626	0.9478	0.9029	0.9046	0.974019208512084
0.2842	0.2778	0.028	0.2502	0.1614	0.1579	0.437021618272654
0.3416	0.3687	0.0934	0.496	0.3077	0.312	0.832241615687257
0.0125	0.0129	0.0124	0.066	0.0411	0.0382	0.320942976182113
3e-04	0.0011	9e-04	0.0036	0.003	0.0024	0.0402329849432361
0.0442	0.0452	0.0197	0.1134	0.055	0.0633	0.342471223090419
0.0193	0.0173	0.021	0.0816	0.0454	0.0444	0.395807877305297
0.0037	0.0037	0.0027	0.0162	0.0067	0.0072	0.0991999176160815
0.3233	0.3176	0.0969	0.4903	0.311	0.3071	0.844345091349223
0.0717	0.0622	0.0197	0.1559	0.0793	0.0818	0.506850503383641
0.1998	0.1841	0.0482	0.2796	0.1762	0.1735	0.515805088899849
0.0378	0.0422	0.0371	0.1692	0.1061	0.1022	0.602755267342771
0.012	0.0119	0.0083	0.0459	0.0239	0.0246	0.202865779530778
0.0365	0.0291	0.0074	0.0736	0.0421	0.0405	0.251460197087564
0.0486	0.0604	0.01	0.113	0.059	0.0582	0.375225574680047
0.3107	0.2891	0.0453	0.4152	0.2297	0.2236	0.733458853204067
0.1412	0.1488	0.0813	0.342	0.2099	0.2254	0.741549727745016
0.0037	0.0057	0.0027	0.0228	0.0117	0.0115	0.137297339350487
0.1022	0.0971	0.0192	0.1706	0.0946	0.0838	0.425962872323762
0.0782	0.078	0.0033	0.0753	0.0376	0.0336	0.151042796485727
0.25	0.2391	0.0159	0.2377	0.1231	0.1399	0.418177001143601
0.182	0.1725	0.0124	0.1724	0.0898	0.0874	0.342599430157655
0.1694	0.1739	0.0368	0.3246	0.1555	0.17	0.674875566606714
0.0085	0.0113	0.0082	0.0444	0.0274	0.025	0.260932682946904
0.7196	0.7135	0.1967	0.7144	0.5451	0.5658	0.905246908837821
0.0364	0.0283	0.0081	0.0605	0.0257	0.0313	0.247860124233565
0.0219	0.0231	0.0244	0.119	0.0652	0.0658	0.468638368808924
0.0596	0.0623	0.0113	0.1183	0.0559	0.0593	0.325288083858751
0.1986	0.1842	0.0194	0.233	0.1261	0.1219	0.511046340212579
0.2372	0.2255	0.0111	0.221	0.1067	0.1068	0.431102578566816
0.0143	0.0171	0.0232	0.0868	0.0509	0.0557	0.410019129022389
0.9541	0.9555	0.2838	0.914	0.8402	0.8426	0.961963741070022
0.0235	0.0234	0.0079	0.0601	0.0303	0.0302	0.199886112285974
0.0819	0.0873	0.0109	0.1175	0.0561	0.0595	0.276451050196363
0.2437	0.2311	0.0439	0.3466	0.1962	0.1848	0.65539136321407
0.8237	0.8238	0.1047	0.7372	0.6254	0.6264	0.842594888354914
0.001	0.0013	0.001	0.0047	0.0023	0.0024	0.0587218644142087
0.0012	0.0015	0.0022	0.0136	0.0095	0.01	0.153455694982596
0.7722	0.759	0.1442	0.7116	0.5307	0.5295	0.874806639196478
0.3993	0.3676	0.0468	0.4354	0.2479	0.2591	0.73823303894528
0.2767	0.2658	0.0707	0.4294	0.2449	0.2571	0.780023695677718
0.1296	0.1447	0.0276	0.1998	0.1182	0.1195	0.408850041616834
0.0805	0.0861	0.0071	0.1204	0.0483	0.047	0.277164415109875
0.0216	0.0178	0.003	0.0424	0.0174	0.0158	0.138268824097975
0.0862	0.086	0.018	0.1357	0.0773	0.0747	0.351582812503679
0.0307	0.0255	0.0131	0.09	0.0505	0.0494	0.342134997950829
0.0123	0.01	0.0077	0.0467	0.0232	0.0234	0.171653276104109
0.1111	0.1169	0.0399	0.2382	0.1387	0.1346	0.599454233699263
0.0015	3e-04	6e-04	0.0022	7e-04	8e-04	0.0113378018128696
0.0803	0.0807	0.0133	0.1161	0.0661	0.0644	0.297389013667513
0.0043	0.0046	0.0023	0.0189	0.0105	0.0088	0.100781246838458
0.1238	0.126	0.0779	0.3108	0.2054	0.1991	0.680656927969462
0.0343	0.0374	0.0082	0.0727	0.0387	0.036	0.213341935471186
0.3003	0.3064	0.1267	0.4643	0.3227	0.3269	0.766802338882004
0.3896	0.3667	0.0201	0.3281	0.1819	0.1821	0.530564831431088
0.5255	0.5537	0.1232	0.6447	0.4315	0.4363	0.898885239042422
0.8824	0.8756	0.1898	0.8128	0.6718	0.6769	0.92176740835243
0.0353	0.0396	0.0157	0.1031	0.0473	0.0512	0.3427286116611
0.0098	0.0114	0.0045	0.0311	0.0151	0.0201	0.179294427600646
0.0091	0.0117	0.0056	0.0398	0.0176	0.0189	0.180023203109038
2e-04	2e-04	4e-04	2e-04	2e-04	3e-04	0.00137715955284087
0.0032	0.0045	0.0013	0.011	0.006	0.0065	0.051909814670603
3e-04	0.0016	0	0.001	0.0014	7e-04	0.00280749166339951
0.0983	0.1063	0.0248	0.1811	0.1079	0.113	0.416279644358008
0.0065	0.0065	0.0068	0.0322	0.0132	0.0165	0.202020108489351
0.0207	0.0173	6e-04	0.0268	0.0102	0.0145	0.0839952274088231
0.0521	0.0568	0.0093	0.0821	0.0393	0.0431	0.20245686283228
0.0118	0.0116	0.0062	0.0355	0.0207	0.0224	0.188551860202998
0.1368	0.1406	0.0337	0.2401	0.1192	0.1231	0.549606485456171
0.007	0.0035	0.0038	0.0267	0.0147	0.016	0.157465938829634
0.0495	0.0467	0.0307	0.1623	0.0926	0.0901	0.537039524454878
0	5e-04	0.0024	0.008	0.0039	0.0049	0.0987310304231775
0.011	0.0089	0.0034	0.0228	0.0118	0.0156	0.0954259698891101
0.5033	0.4821	0.0616	0.4276	0.2984	0.2992	0.633826091081359
0.0017	0.0031	0.0029	0.0149	0.0085	0.0106	0.15181456284275
0.8001	0.7892	0.1698	0.741	0.5809	0.5864	0.900951102966022
0.2633	0.2631	0.0426	0.348	0.189	0.1892	0.639399213377486
0.6623	0.6753	0.0872	0.5929	0.4273	0.416	0.767384064964649
0.44	0.4336	0.0259	0.3677	0.2247	0.2415	0.509219598287688
0.0029	0.0044	0.0017	0.0177	0.0087	0.0103	0.128293627205744
0.5481	0.5687	0.1034	0.5665	0.3863	0.3834	0.816461964958847
0.3936	0.3783	0.0238	0.3351	0.2647	0.2675	0.405114896534032
0.0396	0.045	0.0263	0.14	0.0733	0.0727	0.490048656246318
0.0057	0.0063	0.0042	0.0271	0.0102	0.0142	0.166305402741748
2e-04	8e-04	2e-04	0.0022	3e-04	1e-04	0.0123290790964844
0.0176	0.0204	0.0121	0.0729	0.0392	0.036	0.276483267107882
0.0105	0.0082	0.0015	0.02	0.0079	0.01	0.0856466441534794
0.315	0.3285	0.0778	0.4236	0.2669	0.2768	0.740938979624842
0.0076	0.0072	5e-04	0.0078	0.0036	0.003	0.0365957285292052
0.1334	0.1275	0.0722	0.292	0.1763	0.1826	0.651581220404233
0.0205	0.0231	0.0158	0.097	0.0504	0.0538	0.415503899854052
0.003	0.0041	0.0043	0.0181	0.0094	0.0108	0.10976450379917
0.0336	0.0362	0.0278	0.1279	0.0675	0.0775	0.489785770019894
6e-04	0.001	8e-04	0.0034	0.0014	0.0013	0.0181955388719309
0.0436	0.0487	0.0167	0.1385	0.0704	0.0699	0.454670968067569
0.3256	0.3219	0.0245	0.2973	0.1745	0.1779	0.49033472230115
0.0203	0.0231	0.0049	0.0523	0.0243	0.0254	0.199579011754972
0.0508	0.0543	0.0046	0.0821	0.0378	0.0326	0.213758108556289
0.0437	0.0381	0.029	0.1299	0.0781	0.0719	0.443238963633985
0.0114	0.0098	0.001	0.0217	0.0118	0.0102	0.103114518987338
0.2025	0.2055	0.0253	0.2476	0.1316	0.1425	0.488281838850331
0.1123	0.1172	0.0143	0.1474	0.0713	0.0732	0.31614698503697
0.4799	0.4757	0.0377	0.3959	0.2815	0.2732	0.530171528415613
0.2062	0.212	0.019	0.204	0.1253	0.1172	0.384843916998256
0.0224	0.0168	0.0075	0.059	0.0322	0.026	0.253151100834915
1e-04	1e-04	3e-04	5e-04	4e-04	9e-04	0.00896796403808074
0.0138	0.0193	0.0118	0.0704	0.0414	0.0365	0.32193444228063
0.0457	0.0424	0.0066	0.0666	0.0352	0.0373	0.198779963243491
0.0085	0.0075	0.0017	0.0202	0.0116	0.0103	0.0724463222745087
0.0539	0.0559	0.0092	0.1046	0.0438	0.045	0.31238400045975
0.2461	0.263	0.0202	0.2332	0.1343	0.1383	0.430094517660612
0.1777	0.1824	0.0474	0.252	0.1557	0.1522	0.458060299569451
0.3255	0.3188	0.0565	0.436	0.2555	0.2478	0.744456582591404
0.1118	0.0979	0.0298	0.2437	0.1095	0.1187	0.611040517450481
0.0041	0.0038	0.0029	0.0107	0.0057	0.0035	0.0469423085700661
1e-04	2e-04	5e-04	4e-04	5e-04	0	0.00768819087265122
0.0021	0.002	0.0027	0.0109	0.0057	0.0072	0.0780642678517741
0.0082	0.0086	0.0013	0.0136	0.0091	0.0055	0.0406091180513461
0.0418	0.045	0.0281	0.1201	0.0739	0.0701	0.330998429739603
0.0797	0.0925	0.0151	0.1198	0.0701	0.0705	0.272138019063218
0.027	0.0308	0.0187	0.1118	0.059	0.0529	0.434548373161925
0.006	0.0068	0.0038	0.0257	0.0115	0.0143	0.124995908291796
0.0292	0.0284	0.0135	0.0911	0.0495	0.0478	0.294108611766932
0.2511	0.2262	0.1205	0.4556	0.3029	0.2989	0.810517529259893
0.0454	0.0375	0.03	0.1381	0.0808	0.0834	0.431529418013286
0.0138	0.0146	0.0047	0.0405	0.0165	0.0218	0.149856213680148
0.0522	0.0586	0.0017	0.0372	0.019	0.0238	0.0775278206215887
0.5912	0.5868	0.0848	0.5017	0.3647	0.3723	0.697987669113684
6e-04	0.0017	2e-04	0.0044	0.0019	0.0021	0.0218099492687906
0	0	0	2e-04	0	4e-04	0.00125424943840744
0.2542	0.2502	0.0166	0.227	0.1324	0.1268	0.395270423617312
0.0014	8e-04	5e-04	0.0018	9e-04	0.0021	0.0230256399617965
0.0033	0.0059	0.0026	0.0154	0.0077	0.0058	0.0860032811077466
0.6099	0.6103	0.0538	0.5107	0.3547	0.3419	0.714742697778664
0	2e-04	5e-04	8e-04	1e-04	2e-04	0.0102306486343409
0.1099	0.1062	0.0206	0.1745	0.0979	0.099	0.46444324570273
0.3467	0.3431	0.034	0.3631	0.2058	0.206	0.658110989986079
0.9153	0.9352	0.2468	0.8697	0.7443	0.7443	0.956693751073934
0.0321	0.0286	0.0149	0.0984	0.0532	0.0457	0.393226912197496
0.0104	0.0106	0.0021	0.0326	0.0115	0.013	0.148046553266203
0.2322	0.2349	0.0223	0.2326	0.1283	0.1398	0.433347327312815
8e-04	0.001	0	0.0031	7e-04	9e-04	0.00705885595773369
0.0464	0.0387	0.018	0.1149	0.0592	0.065	0.370273985185743
0.7649	0.8081	0.1797	0.7945	0.6045	0.6001	0.956163191779097
0.0173	0.0171	0.004	0.0455	0.0222	0.0248	0.217193878301031
0.0076	0.0061	0.002	0.0225	0.0115	0.0117	0.0944548708994971
0.1977	0.1887	0.0614	0.2988	0.1938	0.1958	0.548558790449026
0.4338	0.4413	0.0417	0.3781	0.2414	0.2411	0.569146390007389
0.0128	0.0103	0.0086	0.0459	0.0241	0.0283	0.253000514401458
0.3759	0.3721	0.0747	0.4272	0.2751	0.2733	0.688447715962144
0.3137	0.3012	0.0161	0.2441	0.1448	0.1467	0.389238073726871
0.0015	0.002	0.0024	0.0135	0.0077	0.0103	0.127631398065702
2e-04	1e-04	5e-04	0.0015	6e-04	5e-04	0.016667999943042
0.5321	0.536	0.0875	0.5301	0.3507	0.3598	0.774937052428552
0.2292	0.2269	0.0622	0.3953	0.2364	0.2395	0.750274089460486
0.0228	0.0215	0.0049	0.0542	0.0208	0.0215	0.151515824667098
0.5555	0.557	0.0789	0.5489	0.3572	0.3732	0.797262750731084
5e-04	4e-04	7e-04	0.0018	0.0013	0.0011	0.0313187670571596
0.025	0.0228	0.0053	0.0478	0.0243	0.0263	0.204352836563709
0.0011	0.0012	6e-04	0.0048	0.0026	0.0018	0.0237962637150366
0.0076	0.0043	0.0017	0.0166	0.0073	0.0096	0.0731163998616663
0.0445	0.0403	0.0346	0.1632	0.0912	0.0933	0.571678652765996
0.1014	0.0957	0.0082	0.1201	0.0632	0.0575	0.300691069419408
0.0015	7e-04	5e-04	0.0041	0.0019	0.0025	0.0115598305455603
0.0019	8e-04	0.0017	0.0109	0.0041	0.0054	0.0626291809550268
0.0688	0.081	0.008	0.1184	0.0507	0.0536	0.317419874842567
0.1841	0.1846	0.0803	0.3786	0.2206	0.2384	0.77568866405724
0.5173	0.5051	0.0638	0.451	0.2956	0.3045	0.660223634969381
0.0802	0.0784	0.0417	0.2144	0.1207	0.1275	0.576744803865745
0.0365	0.0359	0.0217	0.1074	0.0627	0.0621	0.345562418135759
0.6543	0.6412	0.086	0.5686	0.4428	0.4436	0.675256393998106
0.0624	0.0662	0.0231	0.1582	0.0842	0.0953	0.440682577079069
0.0239	0.0264	0.015	0.0984	0.0484	0.046	0.369817894311148
0.0032	0.0019	0.0011	0.0086	0.0051	0.0039	0.0426203700704273
0.0019	0.003	0.0028	0.0154	0.0053	0.0094	0.144752612607155
9e-04	0.002	3e-04	0.0052	0.0015	0.0023	0.0290849245181491
0.2058	0.2112	0.0077	0.1723	0.1196	0.124	0.220899725559467
0.014	0.016	0.0049	0.0398	0.0238	0.0213	0.168345256590604
0	0	1e-04	1e-04	0	1e-04	0.00205934928201844
0	5e-04	9e-04	0.0028	0.0013	9e-04	0.0333548849094067
0.0129	0.0146	0.0014	0.0214	0.0083	0.0097	0.0692506059613369
0.0544	0.0601	0.0185	0.1204	0.0711	0.0752	0.311623050699164
0.0754	0.074	0.0384	0.205	0.1244	0.1044	0.547547256179847
0.0165	0.0156	0.0068	0.0592	0.0299	0.0265	0.223732347536798
2e-04	2e-04	8e-04	0.0014	0.0016	0.0014	0.0319638016629382
0.0078	0.0057	0.0055	0.0311	0.0124	0.0165	0.16848207109636
0.0669	0.0791	0.0335	0.2016	0.1112	0.108	0.528637420429236
0.027	0.0263	0.0056	0.0517	0.0256	0.0303	0.166192899554283
0.0074	0.0068	0.0077	0.0335	0.0204	0.0222	0.239198155784246
0.7326	0.7365	0.1457	0.6761	0.5073	0.5177	0.835914331762883
1e-04	0	7e-04	0.0013	4e-04	0.0014	0.0201840953559879
0.4658	0.4663	0.0212	0.3774	0.2588	0.2564	0.505476089286027
0.0205	0.0209	0.0029	0.0374	0.0193	0.0211	0.141577091829009
0	0	1e-04	5e-04	5e-04	6e-04	0.00993340794051857
0.9126	0.9026	0.2429	0.8547	0.7623	0.7578	0.934365214266586
0.0869	0.0826	0.0083	0.0911	0.0458	0.0484	0.192592305493721
0.0039	0.0045	3e-04	0.0094	0.0047	0.0051	0.0491080577709941
0.1444	0.1431	0.0344	0.2568	0.1421	0.1483	0.576406090067406
0.3855	0.3884	0.0421	0.3481	0.2231	0.221	0.549002191522579
0.6274	0.6047	0.125	0.612	0.4266	0.4324	0.809878439587945
0.9056	0.9169	0.2765	0.8571	0.7517	0.7631	0.942101548834463
0.0682	0.0642	0.0084	0.1201	0.064	0.0573	0.289355050760947
0.0235	0.03	0.007	0.0746	0.0386	0.0381	0.26780565732911
0.0691	0.0709	0.0368	0.2006	0.1167	0.1167	0.549175822532615
0.4526	0.439	0.0247	0.3494	0.2112	0.2182	0.543621853892256
0.077	0.0739	0.022	0.15	0.0858	0.0853	0.4139864187455
0.1635	0.1584	0.0389	0.2789	0.1557	0.1545	0.60463991298173
0.1707	0.1705	0.0134	0.1898	0.1001	0.0996	0.408906842554634
0.0051	0.0036	0.0043	0.0177	0.0079	0.0094	0.120771756579076
0.577	0.5797	0.0964	0.5444	0.3844	0.3801	0.76696169960165
0.043	0.0541	0.0383	0.1705	0.0923	0.0949	0.5355313454405
0.1103	0.1001	0.0385	0.2232	0.1311	0.1375	0.555723637915393
0.006	0.0083	0.0011	0.0168	0.0082	0.0062	0.0771600599718569
0.0046	0.0073	0.0016	0.0206	0.0086	0.0105	0.104825198348389
1e-04	1e-04	0	2e-04	0	1e-04	0.00172390051068959
0	0	1e-04	0.0016	7e-04	0.001	0.0158837521656666
0.0856	0.0913	0.0054	0.08	0.0447	0.0407	0.1490063515658
0.1399	0.1316	0.0579	0.3183	0.2028	0.1893	0.711711600771043
0.3792	0.3983	0.0977	0.4807	0.3073	0.334	0.764853136905312
0.1101	0.1092	0.0225	0.1636	0.1023	0.0985	0.357481025357506
2e-04	2e-04	1e-04	0.0015	0.001	5e-04	0.012701603909918
0.0505	0.0543	0.01	0.0866	0.0401	0.0535	0.232736163918132
0.0087	0.0118	0.0063	0.0449	0.0267	0.0276	0.215971321923056
8e-04	6e-04	9e-04	0.0033	0.0024	0.0013	0.0504084719192836
0.1636	0.173	0.0437	0.2785	0.1576	0.161	0.564427433537552
0.0029	0.0023	0.0017	0.0127	0.0069	0.008	0.0891198492430931
0.0155	0.0144	0.0062	0.0414	0.0193	0.0189	0.168388717275124
0.3139	0.3056	0.109	0.4771	0.3258	0.3277	0.809834288803191
0.208	0.2067	0.0233	0.1624	0.1111	0.1019	0.228422667476044
0.0034	0.0051	0.0043	0.0243	0.0108	0.0092	0.123428649277108
0.0062	0.0057	0.0057	0.0329	0.0147	0.0172	0.19625785434244
0.0142	0.0143	0.0134	0.0646	0.0323	0.0411	0.319268989754106
0.0038	0.0021	0.001	0.0088	0.0041	0.0042	0.0342842357582914
0.0183	0.0256	0.0057	0.0564	0.0248	0.0248	0.193585506942607
0.0049	0.0044	0.002	0.0174	0.0058	0.0106	0.0891906431316955
0.0031	0.0021	6e-04	0.0099	0.0051	0.0047	0.0545992684039846
0.0325	0.0308	0.0065	0.0745	0.0343	0.0331	0.215014558936504
0.6261	0.6155	0.168	0.676	0.5019	0.5002	0.891959844002577
0.1431	0.145	0.0347	0.2189	0.1255	0.1306	0.457376856149125
0.5936	0.5644	0.0868	0.5385	0.3707	0.3727	0.720486184914817
0.109	0.1034	0.0069	0.1231	0.0555	0.058	0.282164559806925
0.0698	0.0729	0.0119	0.1288	0.0638	0.0605	0.335761823200495
0.0122	0.0082	0.0021	0.0195	0.0121	0.0127	0.0655313781843696
8e-04	4e-04	0	0.0022	6e-04	0.0014	0.00941489299447954
0.0875	0.0774	0.0395	0.2079	0.1254	0.1241	0.566248218073978
0.0169	0.0191	0.005	0.0617	0.0266	0.0247	0.29686353449707
8e-04	8e-04	3e-04	0.0031	8e-04	0.0012	0.0177950792710528
0.0397	0.0412	0.0175	0.128	0.06	0.0703	0.396346093562442
6e-04	2e-04	0	0.001	9e-04	3e-04	0.00874127794211555
0.029	0.03	0.0026	0.0509	0.0238	0.0225	0.137560106952828
0.0049	0.0041	0.0012	0.0068	0.0039	0.0037	0.0402426788575265
0.0446	0.0592	0.0164	0.1298	0.0663	0.0695	0.367736232745578
0.0048	0.0053	0.0034	0.0208	0.0112	0.0106	0.160781146493663
0.1272	0.1214	0.04	0.2549	0.1428	0.1437	0.622007595762503
0.1184	0.1298	0.0284	0.2302	0.1262	0.1218	0.532715583971964
0.0062	0.0052	0.0088	0.0314	0.0216	0.0221	0.248211071116666
0.0042	0.0059	3e-04	0.0081	0.0046	0.0038	0.0223905098225832
0.0268	0.0243	0.0114	0.097	0.045	0.0442	0.386655964524626
0.0081	0.0077	0.0016	0.0214	0.0089	0.0083	0.0942677389961926
5e-04	1e-04	0	6e-04	0	4e-04	0.00179013384241601
0.0463	0.04	0.0186	0.1335	0.0758	0.0769	0.432464421980745
0.9311	0.9272	0.15	0.8792	0.7824	0.7669	0.940333203676281
0.824	0.8057	0.1116	0.7357	0.5594	0.5569	0.902509016200754
0.0397	0.0444	0.0263	0.1238	0.0676	0.0732	0.357021304500329
0.0075	0.0088	0.0116	0.0467	0.0268	0.0306	0.25885176223863
0.0113	0.0135	0.0065	0.0357	0.0231	0.0223	0.17334990415071
0.3829	0.3823	0.0739	0.4632	0.3035	0.3045	0.784404991621788
0.2099	0.2063	0.0284	0.2127	0.1284	0.1233	0.404111621943501
0.0222	0.0203	0.0249	0.0909	0.0617	0.0545	0.412731874728341
0.0253	0.0306	0.0263	0.1201	0.0636	0.0715	0.439448068951496
0.0525	0.0528	0.0038	0.0561	0.0281	0.0316	0.13354121637278
0.3853	0.3863	0.0276	0.3269	0.1969	0.1983	0.532725422189517
0.1351	0.1322	0.01	0.1164	0.0699	0.0712	0.221571830194412
0.0163	0.0144	0.0074	0.0501	0.0302	0.0278	0.224326419574608
0.0099	0.0071	0.0023	0.0272	0.011	0.0109	0.12266977581985
0.0018	0.0013	0.0014	0.0086	0.0046	0.0034	0.0716902083490232
0.2234	0.2253	0.0514	0.3094	0.1822	0.1827	0.578516109282166
0.1092	0.1075	0.0467	0.2321	0.1339	0.1284	0.569801716386412
0.4955	0.514	0.1342	0.5986	0.4022	0.4183	0.835120070855013
0	0	0	0	0	0	0.000543304268264804
0.363	0.3594	0.0704	0.4579	0.2939	0.2777	0.760081737960477
5e-04	2e-04	6e-04	0.0029	8e-04	0.0016	0.0146260432636678
0.5843	0.5941	0.0741	0.4944	0.3602	0.3571	0.670565792065775
0.002	9e-04	0.0041	0.0128	0.0077	0.0077	0.141116060079963
0.0451	0.0453	0.0117	0.0651	0.0394	0.0352	0.153988437616686
0.0058	0.0053	0.0012	0.0108	0.0091	0.0062	0.0538006774807143
0.0097	0.0088	0.0031	0.0264	0.0138	0.0118	0.129081963511505
0.015	0.0192	0.0247	0.0982	0.0532	0.0558	0.446889834469713
0.3838	0.3999	0.1347	0.5015	0.3784	0.3683	0.797220321013862
0.5232	0.4844	0.0718	0.5459	0.3441	0.3262	0.805069873055819
0.0103	0.0084	0.0038	0.0243	0.0085	0.0123	0.0886718525101622
9e-04	3e-04	7e-04	0.0036	0.0016	0.0029	0.0354984293869315
0.0016	3e-04	3e-04	0.0037	0.0027	0.0017	0.0207414072937772
0.1208	0.1088	0.0361	0.209	0.1213	0.11	0.534865838207302
0.5854	0.5602	0.3067	0.7155	0.5787	0.5681	0.910261658412837
0.0121	0.0126	0.016	0.0587	0.0345	0.0305	0.265596483438004
0.0717	0.0735	0.0027	0.063	0.0365	0.0353	0.134118745917374
0.0013	9e-04	3e-04	0.004	0.0028	0.0026	0.0351500844203958
0.6244	0.6115	0.0526	0.5163	0.3709	0.3642	0.68721975938014
0.0452	0.0474	0.0226	0.1348	0.0625	0.0726	0.419367416914732
0.825	0.8266	0.1336	0.7741	0.5657	0.5834	0.931978620415767
0.1624	0.1577	0.0136	0.1696	0.0974	0.0901	0.363668544592923
0.0708	0.0633	0.0121	0.1109	0.0586	0.057	0.275652890154453
0.2822	0.2895	0.0208	0.23	0.1402	0.141	0.371934470046945
0.006	0.0075	0.0025	0.022	0.0097	0.0093	0.0948245636837292
0.2306	0.236	0.0964	0.4512	0.2866	0.2754	0.858333353570817
0.0795	0.0869	0.0539	0.2091	0.1376	0.1359	0.557004803845673
0.0353	0.0241	0.0262	0.1314	0.0729	0.0693	0.500367909748788
0.6609	0.655	0.0746	0.5666	0.3998	0.4243	0.759449947212179
0.2286	0.2351	0.0182	0.2298	0.1211	0.1378	0.418549624199998
0.0766	0.0838	0.0301	0.1788	0.0985	0.1109	0.426299744228832
0.0709	0.0647	0.0249	0.1548	0.0792	0.0858	0.446598086044224
0.451	0.4617	0.0512	0.4569	0.2814	0.2785	0.708734588113243
0.0057	0.005	0.0035	0.0208	0.0091	0.0103	0.099609879205322
0.0104	0.0107	0.002	0.0236	0.0117	0.0086	0.0697086496398549
0.4177	0.402	0.0344	0.3624	0.2159	0.2152	0.554980216740386
0.6886	0.6864	0.0865	0.5916	0.4495	0.4477	0.743657410363246
2e-04	4e-04	1e-04	4e-04	6e-04	3e-04	0.0127553427459678
0.0136	0.0157	0.0031	0.0338	0.0204	0.0183	0.145546338557273
0.1612	0.1659	0.0088	0.1345	0.0755	0.0783	0.22372392764709
0.0414	0.0308	0.0156	0.1173	0.0594	0.0527	0.424065922710028
0.3554	0.3484	0.0475	0.3915	0.2173	0.2388	0.669093659289624
0.1494	0.1473	0.0457	0.2678	0.1561	0.1526	0.574828627837341
0.1516	0.1553	0.0243	0.1934	0.112	0.1075	0.411060886668009
0.0062	0.007	0.0041	0.0268	0.0157	0.0109	0.127210028416746
0.9022	0.901	0.2142	0.8476	0.7137	0.7278	0.92854463163637
0.0133	0.0142	0.0061	0.0407	0.0219	0.0229	0.127622292545938
0.0158	0.0153	0.0058	0.049	0.0231	0.0233	0.242997194964552
0.0351	0.032	0.0061	0.0629	0.0277	0.0315	0.209377022911431
0.1916	0.19	0.0517	0.3125	0.198	0.1876	0.64896675839758
0.0132	0.0171	9e-04	0.0123	0.0085	0.0074	0.0390739629628087
0.2371	0.2435	0.0139	0.178	0.115	0.1195	0.302575045722342
0.0241	0.0208	0.0055	0.0499	0.0313	0.0244	0.163806438758098
0.1328	0.1212	0.0188	0.1852	0.0992	0.0954	0.419990068881104
0.0267	0.0255	0.0118	0.0783	0.0382	0.0399	0.321898883411476
0.0188	0.0214	0.0013	0.0239	0.0118	0.0105	0.0699147115575349
0.0536	0.0528	0.0187	0.1609	0.0832	0.0827	0.522708074409623
0.0014	9e-04	5e-04	0.0082	0.003	0.0023	0.0360418226546551
0.016	0.0131	0.0054	0.0509	0.0276	0.0247	0.270701157016975
0.0181	0.0142	0.0055	0.0346	0.0145	0.0193	0.127687553860051
0.4292	0.4462	0.0584	0.4076	0.2632	0.2559	0.625226283952289
1e-04	0.0013	0.0022	0.0069	0.0032	0.0039	0.0823906495005763
0.7095	0.7107	0.0969	0.6217	0.4701	0.4602	0.78221783778366
0.0773	0.0718	0.0149	0.1397	0.0664	0.0712	0.366268834044526
0.0625	0.0631	0.0091	0.0905	0.0477	0.0533	0.259409529947139
0.2227	0.2182	0.0272	0.2554	0.1397	0.1414	0.486810997670514
0.2567	0.2561	0.0201	0.2703	0.1389	0.1419	0.492621792418751
0.0213	0.0266	0.0211	0.1022	0.0542	0.0575	0.377888952657878
8e-04	0.0011	0	0.0022	7e-04	0.0011	0.0102238005679474
0.1029	0.111	0.0143	0.1595	0.0756	0.0762	0.402116632463613
0.0051	0.0035	0.005	0.0191	0.0113	0.0105	0.177326697371615
0.0496	0.0469	0.03	0.1757	0.0848	0.0985	0.571435362686513
0.0333	0.0366	0.026	0.109	0.0589	0.0628	0.341153929855829
0.087	0.1009	0.01	0.1428	0.068	0.0697	0.382544178021304
0.0018	0.0023	9e-04	0.0052	0.0027	0.0021	0.0400955359583745
0.0079	0.0091	4e-04	0.0118	0.0051	0.0049	0.0397120993159745
0.4631	0.4791	0.0465	0.3904	0.2591	0.27	0.566677005743604
0.8506	0.8421	0.1734	0.7696	0.6576	0.6632	0.867218232111495
0.163	0.1649	0.0275	0.2528	0.1444	0.1425	0.564650430358415
0.0309	0.035	0.0334	0.152	0.0882	0.0856	0.528436492003291
0.0479	0.0514	0.02	0.1294	0.0715	0.0686	0.376468315169137
0.1255	0.1302	0.0173	0.1429	0.0845	0.0779	0.31061279098824
0.0048	0.005	3e-04	0.0069	0.0027	0.0055	0.0235933678950935
7e-04	0.0023	0.0035	0.0134	0.0075	0.0087	0.124237551314894
0.3412	0.3466	0.0378	0.305	0.1928	0.1981	0.5233062054763
0.0676	0.0475	0.0248	0.1497	0.0789	0.081	0.458848407345369
0.7332	0.7395	0.078	0.6369	0.485	0.4657	0.806785914550071
0.5377	0.5428	0.0437	0.4508	0.3366	0.3367	0.575593231252303
0.2573	0.2554	0.0426	0.3362	0.186	0.198	0.631886918874307
0.0391	0.0432	0.0053	0.0632	0.0358	0.0341	0.174384270055387
0.1975	0.1889	0.0202	0.2516	0.119	0.1334	0.512879357402857
0.4243	0.4133	0.0523	0.3803	0.2497	0.2492	0.568881725806105
3e-04	2e-04	0.0014	0.005	0.0027	0.0036	0.06090637357182
0.0017	0.0013	0.0041	0.0147	0.0084	0.0092	0.165612408290673
0.018	0.0114	0.0072	0.0479	0.0253	0.0241	0.22063759052499
0.0288	0.0227	0.0155	0.0788	0.0418	0.0396	0.28038053868787
0.0107	0.0127	0.0053	0.032	0.0186	0.0182	0.116564064198031
0.0029	0.0036	0.0057	0.0246	0.0124	0.0108	0.135909265884544
0.001	0.0018	2e-04	0.0012	8e-04	5e-04	0.00655887456630006
0.0017	0.0017	0.001	0.0067	0.004	0.0042	0.0526244704782019
0.0854	0.0944	0.0053	0.0777	0.0417	0.0419	0.147752004169094
0.0399	0.0403	0.0083	0.0854	0.0387	0.0437	0.274478002750616
0.0183	0.0203	0.0092	0.0795	0.0364	0.0365	0.293119414185885
0.0946	0.0972	0.0373	0.2073	0.1133	0.1205	0.519531188139666
0.0558	0.0529	0.0245	0.134	0.0835	0.0773	0.42354990648304
0.0083	0.0087	0.0017	0.0194	0.0082	0.0104	0.0762896593521512
0.0478	0.0372	0.018	0.1442	0.0733	0.073	0.492701125324954
0.2992	0.2972	0.0373	0.2965	0.1826	0.1852	0.475348960674026
0.0018	0.004	5e-04	0.0055	0.0031	0.0025	0.0242519190535017
0.0548	0.0611	0.01	0.0708	0.0416	0.0423	0.186675595874408
0.0305	0.0215	0.0135	0.082	0.0501	0.0426	0.296974427705348
0.0041	0.0057	0.003	0.0206	0.0121	0.0113	0.130012319230932
0.4438	0.4662	0.0843	0.5317	0.3438	0.3452	0.825547765506126
0.7502	0.7509	0.1192	0.6459	0.5278	0.5375	0.787327253119365
0.0395	0.0472	0.0081	0.088	0.044	0.0448	0.243675431812342
0.2978	0.3062	0.1167	0.5024	0.3283	0.3433	0.858692130752262
0.1911	0.1836	0.0524	0.2931	0.1694	0.1806	0.577592756937425
0.0334	0.0337	0.0228	0.1301	0.0704	0.075	0.437449532062132
0.0146	0.0164	0.0013	0.0182	0.0074	0.0106	0.0544636501034095
0.3289	0.3187	0.0762	0.3868	0.2603	0.2488	0.634799617124703
0.0152	0.0173	0.003	0.035	0.0183	0.0191	0.119787538244414
0.0018	0.002	0.0024	0.012	0.0091	0.0069	0.131666710072722
0.8935	0.8989	0.1663	0.83	0.6796	0.6836	0.932303629746032
0.0047	0.0055	0.0026	0.0237	0.0122	0.014	0.112401643902269
0.0629	0.0662	0.0085	0.0934	0.0406	0.0375	0.24713440347458
0.4834	0.4814	0.1185	0.4794	0.3492	0.3497	0.694891731454819
0.1295	0.1107	0.0555	0.2626	0.1567	0.1494	0.635972039142706
0.0214	0.0199	0.006	0.0559	0.0256	0.0287	0.193234946025652
0.0165	0.0205	0.0053	0.0417	0.0214	0.0205	0.141840237504157
0.0031	0.004	0.003	0.0196	0.0117	0.0095	0.127624461664439
0.1455	0.1569	0.0452	0.2808	0.1661	0.1635	0.659414978586709
1e-04	2e-04	1e-04	0.0015	6e-04	0.001	0.0135229050145288
0.6075	0.6162	0.1584	0.6302	0.4616	0.463	0.85511780893179
0.0347	0.0383	0.019	0.1336	0.0631	0.0693	0.463580899640763
0.1327	0.1284	0.0302	0.1934	0.1065	0.1119	0.427284639049869
0.0248	0.0233	0.0098	0.0775	0.0396	0.0372	0.29336464894942
0.1668	0.1644	0.1066	0.3772	0.2481	0.2461	0.730109059454144
0.0893	0.1129	0.0386	0.258	0.1239	0.1298	0.668036283874713
0.2572	0.2591	0.0861	0.411	0.2579	0.2614	0.760641184269363
0.0055	0.0042	0.0039	0.0226	0.0109	0.012	0.114245996412654
0.7717	0.7564	0.1819	0.7632	0.5892	0.5898	0.937609729247302
0	2e-04	0	3e-04	2e-04	0	0.0029598356483571
0.1406	0.1337	0.0054	0.1224	0.0635	0.0655	0.232515301098827
0.0563	0.0687	0.0252	0.1574	0.0963	0.0951	0.463463648699723
0.1563	0.1603	0.0351	0.2151	0.1203	0.1378	0.438118333054807
0.0398	0.035	0.0015	0.0336	0.0139	0.0126	0.0665206780499293
0.0518	0.0526	0.0321	0.1644	0.0893	0.091	0.461189801485811
0.0325	0.037	0.0093	0.0727	0.0351	0.0363	0.217560291397855
0.0299	0.0276	0.0011	0.0286	0.0171	0.0146	0.0763849787056677
0.027	0.027	0.0118	0.0797	0.0417	0.0435	0.26502776179107
0.0065	0.0059	0.0079	0.0379	0.0203	0.0186	0.213657709042052
0.0371	0.0398	0.0026	0.0418	0.021	0.0189	0.0802569065495894
0.8912	0.8667	0.2936	0.8547	0.7243	0.7155	0.967045917656612
0.0174	0.0153	0.0079	0.0585	0.0267	0.0268	0.232341934677637
0.032	0.0308	0.0061	0.0805	0.035	0.0334	0.272598745388673
0.0792	0.081	0.0249	0.182	0.0913	0.0937	0.503680681291683
0.8476	0.8651	0.1583	0.8158	0.6109	0.6317	0.932923636184443
0.0212	0.0227	0.0288	0.108	0.0614	0.0602	0.430767793275721
0.7704	0.7942	0.2194	0.7881	0.6176	0.618	0.940613330597435
0.1442	0.131	0.0592	0.265	0.1657	0.1675	0.547666771336174
0.0272	0.0291	0.0025	0.0316	0.0168	0.0155	0.0796875103678795
0.7411	0.7211	0.15	0.7111	0.541	0.5191	0.887464371402639
0.3943	0.3816	0.0346	0.3726	0.2316	0.2203	0.574079645984355
0.7911	0.8073	0.203	0.7674	0.6181	0.613	0.908793727839653
0.034	0.0276	0.0124	0.0941	0.0415	0.0481	0.29934434877331
0.0523	0.0561	0.004	0.0692	0.0328	0.032	0.15825827410078
0.0056	0.0053	0.0011	0.0129	0.006	0.0061	0.0335713149005885
0.0169	0.0236	0.0193	0.0975	0.0489	0.0568	0.476286703049481
0.0034	0.0042	0.0042	0.0206	0.0119	0.01	0.144865132721957
0.0965	0.1029	0.0063	0.1267	0.0549	0.0555	0.285619856428842
0.516	0.5146	0.1211	0.5817	0.4027	0.385	0.836436412342847
0.0401	0.0512	0.0175	0.1183	0.0636	0.066	0.362962853298786
0.002	0.001	3e-04	0.0042	0.0022	0.0017	0.0355790247431989
1e-04	7e-04	3e-04	0.0041	6e-04	0.0017	0.0210264221920696
0.1069	0.115	0.0199	0.181	0.0973	0.0911	0.453746687955882
0.1332	0.1394	0.0123	0.1725	0.0925	0.0868	0.402898051510451
0.0012	0.0033	0.0038	0.0141	0.0095	0.0085	0.146329417118924
0.0774	0.0732	0.0327	0.178	0.0962	0.1037	0.528785423537092
0.732	0.7232	0.0516	0.6305	0.4732	0.4809	0.767051219283083
0.0977	0.094	0.0331	0.1853	0.1167	0.114	0.459798427692447
0.0082	0.0078	0.0016	0.0162	0.0067	0.0067	0.0403595435554467
0.0171	0.0191	0.0035	0.0276	0.0134	0.0133	0.0759545292892875
0.0231	0.0263	0.0022	0.0297	0.0131	0.0108	0.0645666632595832
0.5583	0.58	0.0641	0.4759	0.3344	0.327	0.649998266103629
0.0228	0.0168	0.0046	0.0548	0.0283	0.0257	0.238434462923518
0.0146	0.0118	0.0102	0.0624	0.0343	0.0355	0.282063224150282
0.0487	0.0419	0.026	0.1446	0.0777	0.0794	0.431704397633247
0.0528	0.0648	0.0257	0.1521	0.0862	0.0887	0.448899928167064
0.0022	0.0016	0.0012	0.0096	0.0046	0.0036	0.0649625479907027
0.0633	0.0564	0.0079	0.0768	0.0365	0.0382	0.209646076734012
0.6593	0.6541	0.1062	0.6113	0.428	0.4319	0.803748734953054
0.0888	0.0945	0.0526	0.2439	0.1509	0.1549	0.635876927959634
1e-04	2e-04	0	8e-04	4e-04	7e-04	0.00863112828704647
0.1282	0.1164	0.0036	0.0917	0.0534	0.0479	0.164578231024318
0	0	0	1e-04	0	3e-04	0.00102677786432233
0.0794	0.0809	0.0315	0.1861	0.1	0.0994	0.47489002873925
8e-04	0.0011	0.0015	0.0061	0.0015	0.0037	0.045296616367247
0.0093	0.0103	0.0105	0.0359	0.0222	0.0236	0.174348149892192
0.0114	0.0111	0.0102	0.0544	0.0291	0.0315	0.237577982916854
0.0779	0.0729	0.0299	0.1775	0.0933	0.1037	0.468044055758459
0	0	3e-04	8e-04	1e-04	1e-04	0.00811868655583595
0.0695	0.064	0.0053	0.0776	0.0419	0.0376	0.198915960870148
0.0643	0.0617	0.0119	0.1092	0.0525	0.0557	0.30487532526855
0.0117	0.0094	0.0095	0.0601	0.0323	0.0314	0.347007521783194
0.4822	0.4804	0.0708	0.4833	0.3134	0.316	0.703391681019173
1e-04	1e-04	4e-04	9e-04	6e-04	1e-04	0.0108309095300639
4e-04	3e-04	2e-04	0.0031	0.0023	0.001	0.0137777466822669
0.081	0.0901	0.0623	0.2434	0.1603	0.1488	0.621736483101504
0.9073	0.922	0.2229	0.8737	0.7323	0.7446	0.957865651913098
0.2503	0.2467	0.0201	0.1896	0.1239	0.1294	0.303825639991191
0.1673	0.1877	0.0855	0.3441	0.227	0.2283	0.697034946132338
0.1831	0.1886	0.0503	0.2912	0.1818	0.1778	0.630637394407169
0.1343	0.1383	0.0137	0.1774	0.0842	0.0843	0.38111158053577
0.1182	0.1111	0.0176	0.153	0.0867	0.0814	0.355363366489671
0	5e-04	0	3e-04	1e-04	0	0.00510993104406568
0.1791	0.1675	0.0376	0.2101	0.1429	0.1348	0.405980132813563
0.0093	0.0109	2e-04	0.013	0.0054	0.0061	0.037731858066578
0.0012	0.001	0.0013	0.0053	0.0039	0.0041	0.0721796631403957
0.0366	0.0401	0.0032	0.0496	0.0268	0.0258	0.135546284766549
0.0442	0.0435	0.0026	0.045	0.0168	0.0177	0.102023733086083
0.5688	0.5635	0.0457	0.4604	0.3655	0.378	0.58228855786056
0.0978	0.0904	0.0034	0.0775	0.0474	0.0443	0.168988124765197
0.8619	0.8696	0.1244	0.7855	0.6547	0.6517	0.892127830931694
0.0168	0.0169	0.0023	0.03	0.0128	0.0128	0.0857264316877179
0.3728	0.3812	0.0803	0.4553	0.2824	0.3005	0.7238521192964
0.2161	0.2051	0.029	0.2697	0.1458	0.1557	0.533209851811785
7e-04	6e-04	0	0.0013	7e-04	0.001	0.00820561227295255
0.8408	0.8433	0.1582	0.7967	0.6344	0.6115	0.935169056790036
0.524	0.5177	0.0813	0.4524	0.3232	0.3285	0.650865949834822
0.0036	0.0028	0.0044	0.0199	0.0125	0.0113	0.118753716934992
0	3e-04	0.0011	0.0043	0.0024	0.0013	0.0509663208576717
0.0048	0.0033	5e-04	0.01	0.0052	0.0056	0.0445773512076558
0.5328	0.5261	0.0611	0.4877	0.316	0.3218	0.691931655697161
0.1011	0.0881	0.0359	0.2116	0.1154	0.125	0.500839506234997
0.3127	0.3142	0.0566	0.3653	0.2219	0.2295	0.611112804159281
0.0018	0.0014	4e-04	0.0055	0.0026	0.0017	0.0313510022297833
0.0081	0.0085	0.0046	0.0349	0.011	0.0148	0.159883925769984
0.5323	0.5128	0.1189	0.5852	0.4091	0.4009	0.831517280726588
0.1848	0.179	0.0436	0.2842	0.1739	0.1712	0.568594244811603
0.8323	0.8268	0.1871	0.77	0.6557	0.6626	0.853517733302461
0.0317	0.023	0.0194	0.0989	0.0593	0.0611	0.402862977748039
0.1401	0.1437	0.0274	0.2115	0.1154	0.1204	0.443253093069726
0.0019	0.0015	2e-04	0.0035	0.0012	0.0018	0.00840843398340921
0.0046	0.0085	0.0043	0.0274	0.0183	0.0113	0.167390670504728
0.0016	0.0026	0	0.0013	9e-04	0.0012	0.00517819223888527
0.2831	0.2801	0.0507	0.3498	0.2089	0.2021	0.636078570995702
0.4686	0.4675	0.0812	0.5136	0.3205	0.3294	0.781221923051576
0.0072	0.0053	0.0062	0.0335	0.0215	0.0225	0.177865055002258
0.0092	0.0109	0.0064	0.0327	0.0199	0.0204	0.159560460491241
0.9686	0.9709	0.3089	0.94	0.8684	0.8742	0.97965944737322
0.0989	0.0992	0.0224	0.1813	0.0971	0.1034	0.44036559676276
0.0167	0.0143	0.0112	0.072	0.0356	0.041	0.338206792723458
0.0045	0.0066	4e-04	0.0103	0.0034	0.0042	0.0381407537400163
0.0673	0.0606	0.0302	0.1569	0.0895	0.097	0.420314617782773
0.0016	0.0012	0.0023	0.0138	0.0076	0.0079	0.141879797163408
0.0112	0.0119	0.0041	0.0353	0.0149	0.0175	0.176831539637762
0.0351	0.034	0.031	0.1444	0.0779	0.0835	0.46423651831725
0.113	0.1002	0.0225	0.1988	0.1074	0.0993	0.487934315766387
0.016	0.0151	0.002	0.0149	0.0093	0.0093	0.0383044587634619
8e-04	5e-04	2e-04	0.0048	0.0024	0.0017	0.0289515294068098
0.2505	0.24	0.0061	0.1757	0.1188	0.1251	0.269394973395509
0.109	0.1009	0.0078	0.1154	0.0625	0.0648	0.251995466012386
3e-04	9e-04	3e-04	0.0052	0.0011	0.0016	0.0375334354626467
0.1904	0.209	0.0187	0.2166	0.1139	0.1141	0.404094794420481
5e-04	7e-04	1e-04	6e-04	7e-04	8e-04	0.00337763427095688
0.6032	0.5829	0.0754	0.5195	0.3732	0.3701	0.737464318186774
0.3472	0.3365	0.021	0.2931	0.168	0.1738	0.483467702206838
0.0012	9e-04	0.0019	0.0057	0.0038	0.0047	0.0505885398927167
0.0447	0.0407	0.0053	0.0644	0.0371	0.0311	0.172300254816408
4e-04	3e-04	1e-04	2e-04	6e-04	7e-04	0.00743434588841673
0.0063	0.0068	0.0039	0.0277	0.014	0.0153	0.157769246686797
0.4824	0.4806	0.0344	0.401	0.2514	0.2635	0.590366535974439
8e-04	5e-04	1e-04	0.0018	4e-04	8e-04	0.0129441424078194
0.9112	0.9037	0.2472	0.8591	0.7317	0.7438	0.948099093359234
0.3213	0.3294	0.0349	0.282	0.179	0.1712	0.456258846784867
0.7052	0.7084	0.1025	0.6385	0.4671	0.4638	0.814333354510815
0.0106	0.0104	0.0025	0.0317	0.0134	0.0135	0.125935533646652
0.0214	0.0186	0.0114	0.0547	0.0295	0.0299	0.224021532758344
0.7749	0.7786	0.1588	0.7662	0.57	0.5896	0.915492122942044
0.0275	0.024	0.0089	0.0643	0.0328	0.032	0.242611208679202
0.3587	0.357	0.0399	0.3532	0.2023	0.1952	0.596825159676695
0.4289	0.4066	0.0321	0.3503	0.2219	0.2164	0.532618633321407
0.8363	0.8303	0.1003	0.7434	0.5799	0.584	0.878808581538226
0.0313	0.0295	0.0111	0.0774	0.0362	0.0414	0.246028636403407
0.0076	0.0088	0.0032	0.0234	0.0124	0.0118	0.114197622259666
0.5844	0.581	0.1371	0.5972	0.4401	0.4315	0.826130316112602
7e-04	7e-04	0.0012	0.0031	0.0014	9e-04	0.033101468949589
0.0072	0.0076	0.0025	0.0262	0.0108	0.0098	0.148025147086366
7e-04	5e-04	0.0012	0.0061	0.0037	0.0034	0.0645648099999494
0.0207	0.0229	0.029	0.1198	0.0712	0.0737	0.463211285460459
0.0011	8e-04	5e-04	0.0046	0.0022	0.0032	0.0354097282712341
0.0044	0.0036	6e-04	0.01	0.0052	0.0047	0.0346281006473363
0.0237	0.0295	0.0074	0.0569	0.0344	0.03	0.164228552900518
0.0215	0.0165	0.0027	0.0309	0.0146	0.016	0.0931752877275394
0.0089	0.0104	0.0139	0.0515	0.0298	0.0318	0.327524036517511
0.0361	0.0298	0.0214	0.1208	0.0679	0.0721	0.438621980494237
0.0018	0.0014	0.0013	0.0039	0.0033	0.0015	0.0280454615947542
0.3155	0.3283	0.0479	0.4094	0.2366	0.2318	0.709329639357962
0.0563	0.0586	0.0044	0.0517	0.0252	0.0302	0.121439306461516
0.0267	0.0249	0.0366	0.11	0.0683	0.0696	0.460992196495053
0.4914	0.5021	0.0987	0.5149	0.3554	0.3488	0.75243587981284
0.6823	0.6589	0.1522	0.6474	0.4841	0.4789	0.82533081596618
0.006	0.0048	0.0071	0.0335	0.0165	0.0159	0.216851815788146
0.0127	0.0094	0.0044	0.0399	0.0219	0.0179	0.178516178524348
0.2525	0.2495	0.0358	0.3182	0.1803	0.1821	0.587765732436824
0.9603	0.9728	0.3021	0.9375	0.8769	0.868	0.974759913508744
0.0674	0.0595	0.0187	0.1609	0.0875	0.0908	0.491485333519573
0.2259	0.2301	0.046	0.3014	0.1946	0.1936	0.567529801819439
0.0024	0.0023	0.0016	0.0106	0.0058	0.005	0.0528067135754568
0.0213	0.0159	0.0078	0.0495	0.0239	0.0242	0.173478125561433
0.2897	0.2991	0.012	0.2396	0.1403	0.1393	0.404523963340705
0.4232	0.438	0.0987	0.5228	0.344	0.3409	0.823306304210956
0.1306	0.1339	0.051	0.2836	0.17	0.1635	0.618852315092202
4e-04	4e-04	0.0018	0.004	0.0032	0.0029	0.062685533010691
0.9933	0.9916	0.3087	0.9804	0.9581	0.9597	0.993252811940733
0.1456	0.1448	0.0126	0.1378	0.0762	0.0765	0.267411414608833
9e-04	9e-04	0.0021	0.0066	0.0048	0.0063	0.0740485877383479
0.0141	0.0143	0.0067	0.0459	0.0299	0.0238	0.206387444864488
0.032	0.0358	0.011	0.0913	0.044	0.0525	0.347009536425951
0.0014	0.0015	6e-04	0.004	0.0012	0.0017	0.0181438394181315
0.0119	0.0157	0.007	0.0432	0.022	0.0255	0.190864404573981
0.8521	0.8379	0.2207	0.7721	0.6324	0.6429	0.889055767222585
0.2026	0.2067	0.0142	0.1592	0.1188	0.1131	0.21959785827694
0.0258	0.0261	0.002	0.0277	0.0142	0.0152	0.0715350759575279
0.4733	0.4943	0.038	0.4448	0.2702	0.2751	0.680794331625886
0.1113	0.1102	0.0296	0.1865	0.1054	0.1131	0.382967882605977
0.1167	0.1232	0.0316	0.2075	0.1154	0.1268	0.467241454464198
0.0546	0.04	0.0171	0.122	0.0665	0.0575	0.374295183406866
0.8357	0.8426	0.2493	0.7958	0.6667	0.6465	0.921998828320226
0.1966	0.2087	0.0279	0.232	0.1296	0.1301	0.450873263561557
0.6087	0.6359	0.0809	0.6013	0.4067	0.4018	0.814864028514206
0.8873	0.8958	0.148	0.8233	0.6574	0.6662	0.924382582462553
0.4569	0.4394	0.0428	0.4164	0.2456	0.2532	0.630150081668263
0.0776	0.0702	0.0339	0.1998	0.1075	0.1236	0.565113452031736
0.1988	0.2055	0.0654	0.3444	0.2125	0.2107	0.617852987190695
0.005	0.0078	0.0079	0.0299	0.0157	0.0146	0.195643583461403
0.1165	0.0973	0.0579	0.2549	0.1482	0.1454	0.594331481698844
0.7551	0.7668	0.147	0.6672	0.5651	0.5572	0.778834266556419
0.0118	0.0103	0.001	0.0226	0.0078	0.0078	0.0605842216963045
0	0	1e-04	3e-04	0	1e-04	0.000947105917655072
0.042	0.039	0.0038	0.0631	0.0283	0.0292	0.187979157077981
0.1066	0.1056	0.0285	0.2073	0.1171	0.1158	0.531100713224422
0.0807	0.0795	0.0044	0.0745	0.032	0.0343	0.157447738462326
0.05	0.0438	0.0046	0.0637	0.0236	0.0295	0.167741666239643
6e-04	0.0017	9e-04	0.0076	0.003	0.0043	0.0451820445030356
0.1056	0.1119	0.0095	0.1152	0.0624	0.0633	0.250041332499075
7e-04	9e-04	9e-04	0.0027	0.0018	0.0019	0.0352735167730392
0.2498	0.2485	0.0579	0.3108	0.2063	0.1971	0.564601985879677
7e-04	0.001	5e-04	0.0016	0.0012	0.001	0.0084747285298862
0.0242	0.0276	0.0235	0.1095	0.0658	0.0619	0.469794823580435
0.6277	0.6273	0.1005	0.6111	0.4285	0.4174	0.829117149086529
0.0994	0.0907	0.0471	0.2487	0.145	0.1438	0.613991888068701
0.402	0.3913	0.0279	0.3481	0.2007	0.2122	0.557713776033504
0.0756	0.0724	0.0209	0.1431	0.0695	0.0732	0.39603650154115
0.0012	0.002	5e-04	0.0061	0.0015	0.0025	0.0277710841745805
0.0497	0.0519	0.0025	0.0446	0.0237	0.023	0.0880141876074164
0.1194	0.1315	0.0152	0.1532	0.0803	0.0816	0.28686994875357
0.0425	0.0425	0.0027	0.0706	0.0297	0.0304	0.195575364510915
0.4517	0.4527	0.0242	0.3506	0.2184	0.2235	0.539205094082772
0.0129	0.0128	9e-04	0.016	0.0092	0.0089	0.0547589481887748
0.0017	0.0027	3e-04	0.0057	0.0021	0.0042	0.0481983123082344
0.0018	0.0016	9e-04	0.0085	0.0044	0.0029	0.0597396010362785
0.0128	0.0093	3e-04	0.0215	0.0055	0.0085	0.0707643477696826
0.0632	0.0505	0.0176	0.14	0.0703	0.0725	0.406018760120674
0.0104	0.0084	0.0015	0.0199	0.0099	0.0094	0.0804567361363625
0.1827	0.1713	0.0167	0.1982	0.1089	0.1094	0.382658536946451
0.0251	0.025	0.0284	0.119	0.0712	0.0632	0.480989677870123
0.0267	0.0226	0.0124	0.0795	0.0402	0.0411	0.322827698116985
0.173	0.1737	0.0088	0.1521	0.0734	0.0831	0.275774809266342
0.0028	0.0038	0.0066	0.0231	0.0119	0.0151	0.142695204994153
0.0098	0.0115	0.0032	0.034	0.0139	0.0148	0.16538261734928
0.0816	0.0742	0.0599	0.2329	0.1424	0.1468	0.59434460914044
0.0092	0.0122	0.0048	0.034	0.0168	0.0152	0.154845753432757
0.022	0.0176	0.0044	0.0401	0.0205	0.0195	0.162187216395853
0.8749	0.8718	0.2348	0.8179	0.6889	0.6865	0.934802482168274
0.0264	0.0287	0.0055	0.0489	0.0255	0.0264	0.166974907508736
0.8006	0.8005	0.1401	0.7537	0.5653	0.5794	0.90247494589868
0.0069	0.0051	0.0072	0.0288	0.0152	0.0191	0.171996555161418
0.002	0.0046	0.0074	0.0215	0.0101	0.0126	0.169119564730742
0.0314	0.0228	0.0075	0.0608	0.0294	0.0272	0.218030234302923
0.9918	0.9932	0.4811	0.9819	0.9419	0.9426	0.997046964329663
0.1243	0.1171	0.013	0.106	0.0628	0.0604	0.200805412910237
0.0716	0.0808	0.0406	0.2005	0.12	0.1123	0.563140099922324
0.0326	0.0324	0.0258	0.1426	0.0775	0.0889	0.533121030633113
0.0229	0.0274	0.0141	0.0875	0.0422	0.0461	0.334621287415295
0.8105	0.8207	0.1408	0.7225	0.5584	0.5662	0.871047589800508
0.5063	0.5087	0.0691	0.4614	0.3095	0.3229	0.651989587194391
0	0	1e-04	2e-04	5e-04	0	0.00578260414913056
0.6751	0.6949	0.1266	0.6801	0.4859	0.4887	0.888125668094227
0.0372	0.0364	0.021	0.1254	0.0678	0.065	0.444010532330166
0.2104	0.2001	0.0636	0.3336	0.2082	0.2	0.663097374110911
0.1307	0.1309	0.0351	0.2194	0.1323	0.1423	0.462556436982001
0.017	0.0149	0.025	0.0832	0.0472	0.0528	0.343693432869683
0.0951	0.0952	0.0039	0.0791	0.0384	0.0432	0.147896602291229
0.2624	0.2592	0.0354	0.2947	0.1812	0.1778	0.545582805861268
0.1786	0.1881	0.0844	0.4023	0.2499	0.2418	0.772860728461295
0.0106	0.0104	0.0033	0.0274	0.0092	0.0162	0.115631618508894
0.0088	0.0069	0.0011	0.0156	0.005	0.0051	0.0429268616561827
0.3009	0.3102	0.0598	0.3436	0.222	0.2231	0.58825284023213
0.0065	0.0057	0.0033	0.0277	0.0148	0.0141	0.168715062862759
1e-04	1e-04	3e-04	0.0026	0.0011	0.0016	0.0394512261719798
0.1687	0.1721	0.0372	0.2674	0.1521	0.1587	0.553557434600008
0.0025	0.0017	0.001	0.0098	0.0061	0.006	0.0839504874506984
0.2168	0.2213	0.0199	0.2016	0.1247	0.1229	0.33408160498744
0.3619	0.3475	0.0304	0.3231	0.2104	0.2016	0.513640451173114
0.0419	0.0434	0.0401	0.1839	0.1115	0.1037	0.544793074212307
0.0251	0.0265	0.0114	0.089	0.0439	0.0429	0.328529041122865
0.2654	0.2594	0.0725	0.4185	0.2559	0.2674	0.776918307908844
0.0026	0.0042	0.0046	0.0216	0.0097	0.0096	0.149297793635933
0.0023	0.0021	0.0058	0.0234	0.0128	0.0121	0.130517687552752
0.0368	0.0414	0.0056	0.056	0.0299	0.0295	0.125867820844233
0.0229	0.0246	0.0056	0.0502	0.0235	0.0286	0.178145142046395
0.0348	0.0348	0.0059	0.0593	0.0252	0.027	0.208419999655512
0.0024	0.0011	5e-04	0.0034	0.003	0.0017	0.0176493423966465
0.6141	0.6256	0.0951	0.5612	0.3946	0.4143	0.765882574256448
0.3146	0.3163	0.0514	0.4086	0.2324	0.2494	0.739075789531165
0.8678	0.8758	0.2067	0.8064	0.6806	0.6769	0.914021967923224
0.0011	0.0033	3e-04	0.0058	0.0037	0.0052	0.0389582688924577
0.036	0.0274	0.0196	0.1003	0.058	0.0582	0.415109555273508
0.0178	0.0145	0.015	0.0756	0.0454	0.0386	0.325797766860837
0.1034	0.1064	0.0281	0.1988	0.1052	0.1045	0.46576153892791
0.0329	0.0289	0.0118	0.0832	0.0406	0.0398	0.294198812156179
0	1e-04	2e-04	4e-04	3e-04	0.0016	0.0135980911432542
0.1153	0.111	0.0054	0.0872	0.0509	0.0518	0.163910808699564
0.2793	0.2807	0.0564	0.343	0.2099	0.2277	0.594333209278923
0.0018	0.0019	0.0015	0.008	0.0039	0.0047	0.0763451199833933
0.046	0.0464	0.027	0.1466	0.0875	0.0933	0.464905418479382
0.4842	0.4968	0.0616	0.4965	0.3167	0.3223	0.730796798015028
0.0031	0.0052	4e-04	0.0064	0.0017	0.0023	0.018621025011406
0.0081	0.0084	0.0035	0.0282	0.0131	0.016	0.139118818757143
3e-04	0	4e-04	0.0012	0.0014	8e-04	0.0204121966409547
0.0752	0.0765	0.0465	0.2012	0.1237	0.1342	0.539408018766725
0.0042	0.0046	0.0018	0.0139	0.0085	0.0077	0.0776010889298522
0.42	0.406	0.0311	0.3461	0.2267	0.2199	0.514415955536373
0.7677	0.7745	0.1685	0.7549	0.5942	0.5719	0.917138588514387
7e-04	3e-04	0.0016	0.0033	0.0016	0.0015	0.032103079485509
0.0666	0.0668	0.0028	0.0525	0.0262	0.0251	0.116191263886316
0.0027	0.002	0	0.0025	7e-04	0.0015	0.00801116479029963
0.0883	0.083	0.0118	0.1287	0.0652	0.0655	0.30714963533811
0.001	0	1e-04	0.0012	0.0014	3e-04	0.0121529035072381
0.0219	0.0168	0.0085	0.0558	0.0267	0.0242	0.201549587913022
0.0572	0.0551	0.015	0.1107	0.0628	0.0569	0.343161340228806
0.2667	0.2709	0.0277	0.2974	0.1668	0.1657	0.551772992252027
0.0053	0.0029	0.0024	0.0169	0.0067	0.0089	0.0941312092232515
0.0145	0.0222	0.0093	0.0675	0.0309	0.0382	0.312360247767763
0.0755	0.0816	0.0093	0.094	0.0445	0.0538	0.228676845000676
0.0231	0.0244	0.0255	0.1081	0.0649	0.0564	0.497929086480826
0.0599	0.062	0.0078	0.0834	0.046	0.0445	0.189636043337569
9e-04	1e-04	6e-04	0.0039	0.002	0.0015	0.045255354651735
0.0459	0.0468	0.0176	0.1353	0.0729	0.0709	0.437164681896917
0.2784	0.3103	0.0795	0.4715	0.2935	0.293	0.814429025367129
0.4039	0.4259	0.0384	0.3678	0.2234	0.2433	0.625705635866116
0.3389	0.3293	0.0635	0.3609	0.2301	0.2356	0.577800186820883
0.7863	0.7677	0.0609	0.6892	0.5454	0.5482	0.810603359351388
0.0167	0.0166	0.0041	0.0452	0.0194	0.021	0.181029561801364
0.0063	0.0071	0.0022	0.0148	0.0064	0.0054	0.053682401952076
0.1793	0.1762	0.0153	0.2041	0.1099	0.1099	0.421722893553063
0.0027	0.0019	0.0014	0.0122	0.0049	0.0053	0.0529363657657209
0.2587	0.2727	0.0409	0.2896	0.1769	0.1775	0.534951480593348
0.0422	0.0388	0.0021	0.0398	0.0168	0.0183	0.0875716807904464
0.6056	0.5974	0.0504	0.5355	0.3439	0.3586	0.728045447233346
0.011	0.0149	5e-04	0.0244	0.0073	0.0088	0.0744820771930973
0.012	0.0122	0.0017	0.0278	0.0116	0.0096	0.0947019662036011
0.0254	0.0254	0.0132	0.0847	0.0463	0.0469	0.34721950017021
0.2905	0.2897	0.034	0.3229	0.1969	0.1784	0.577562102711001
1e-04	2e-04	0	4e-04	1e-04	2e-04	0.00331967947401066
0.0622	0.0716	0.0163	0.152	0.07	0.0775	0.420144265138451
0.4052	0.3736	0.0917	0.527	0.3414	0.3356	0.846424401069519
0.0069	0.0054	0.0019	0.0201	0.008	0.008	0.101024465207166
0.0887	0.1174	0.0367	0.2176	0.1193	0.1227	0.50825998048197
0.0585	0.0518	0.0339	0.2137	0.1134	0.1168	0.64769465146019
0.3521	0.3564	0.1103	0.5046	0.338	0.3394	0.824893187742965
0.0059	0.0058	0.0054	0.0272	0.0137	0.0153	0.185133034426351
0.415	0.393	0.13	0.5327	0.3729	0.3662	0.795077781107942
0.883	0.8862	0.214	0.8462	0.702	0.6843	0.94635643277183
0.7797	0.797	0.1113	0.73	0.5379	0.536	0.884425756259292
0.007	0.0064	0.0049	0.0304	0.0162	0.0204	0.161102781441256
0.0325	0.0337	0.0012	0.021	0.0141	0.0122	0.0399062423123036
0	1e-04	1e-04	6e-04	0	9e-04	0.0150402593212666
0.1459	0.1354	0.0033	0.1033	0.0592	0.0611	0.188879368163782
5e-04	4e-04	0.001	0.0051	0.0026	0.004	0.0368541278334966
0.0532	0.0487	0.0157	0.1172	0.0692	0.0566	0.340379086815372
0.118	0.1224	0.0052	0.0938	0.0583	0.0486	0.148773912265259
0.0054	0.006	0.0112	0.041	0.0252	0.0224	0.249516558205034
9e-04	2e-04	4e-04	0.0035	0.0023	0.0012	0.0400946755958727
0.2675	0.304	0.0357	0.36	0.192	0.2007	0.697206723336299
0.0565	0.0546	0.0325	0.1717	0.0954	0.0932	0.60074762853277
0.688	0.6911	0.132	0.6925	0.5109	0.5113	0.902105020681659
0.1689	0.175	0.008	0.1292	0.087	0.0872	0.186294594036257
0.0285	0.0252	0.0137	0.092	0.0469	0.0465	0.362494145072082
0.2947	0.2921	0.0303	0.3003	0.1733	0.1721	0.530098176556878
2e-04	0	0	1e-04	0	3e-04	0.00263967981222881
0.5527	0.5515	0.2352	0.6615	0.5194	0.504	0.893730862273159
0.0179	0.017	0.0083	0.0489	0.0247	0.0284	0.23361849875465
0.0855	0.0793	0.0044	0.0683	0.0357	0.0328	0.119196989208599
0.8837	0.8984	0.2601	0.8492	0.7437	0.7199	0.949252268358097
0.4057	0.384	0.0423	0.3583	0.2237	0.2282	0.567315886706359
0.0524	0.0465	0.0098	0.0834	0.0408	0.0415	0.232453706315541
0.02	0.0179	0.0026	0.0416	0.0185	0.0162	0.177576741474721
0.0276	0.0244	0.0041	0.054	0.0201	0.0289	0.162657666489401
0.1605	0.1392	0.0142	0.142	0.0836	0.0879	0.268006787146017
0.0035	7e-04	0.0018	0.0116	0.0041	0.0065	0.0781516271319265
1e-04	2e-04	2e-04	0.0015	0.0013	5e-04	0.0241273186081734
0.0024	0.0031	3e-04	0.0038	0.0032	0.0029	0.0311308421255427
0.021	0.0186	0.0038	0.0457	0.0223	0.0242	0.196565975573381
0.318	0.3212	0.041	0.334	0.2006	0.1982	0.571897521127358
0.1033	0.1089	0.0028	0.0773	0.0379	0.0434	0.135453978986556
0.0732	0.0649	0.0038	0.0759	0.0398	0.0449	0.1834368383322
0.2694	0.2745	0.0608	0.3765	0.2308	0.2283	0.634255199825695
0.0405	0.0396	0.0038	0.0402	0.0229	0.0229	0.102666941955256
8e-04	8e-04	0.0022	0.0077	0.004	0.0047	0.0696732599146823
0.4953	0.4806	0.0431	0.3898	0.2707	0.2807	0.556085871409967
0.4277	0.4279	0.047	0.3925	0.256	0.2526	0.616652120921014
0.6878	0.6823	0.0764	0.6067	0.4348	0.427	0.767096958155126
0.1057	0.1218	0.0136	0.1564	0.0752	0.0873	0.359944506725803
0.1832	0.201	0.0335	0.3095	0.1725	0.1795	0.664337144491404
0.0947	0.0982	0.0196	0.1886	0.0982	0.0925	0.496279265005025
0.0114	0.0133	0.006	0.0497	0.0218	0.0262	0.236732830821395
0.263	0.2442	0.0783	0.3766	0.2412	0.2396	0.673832922358564
0.1918	0.1642	0.058	0.3449	0.2057	0.2101	0.711375448243007
0.0031	0.0023	0.0017	0.0096	0.0042	0.0057	0.0764705312405687
0.0023	0.0039	5e-04	0.0103	0.0045	0.0045	0.0603492045068433
0.0065	0.0071	0.0075	0.0451	0.0193	0.0255	0.269033240604262
0.028	0.0256	0.0123	0.0766	0.0409	0.0451	0.250136471543024
0.5336	0.5326	0.133	0.6266	0.43	0.4383	0.898220132619988
0.2572	0.2514	0.0323	0.26	0.1494	0.1519	0.4634812983824
0.1061	0.1168	0.0672	0.2839	0.1831	0.1771	0.633367006209755
0.0271	0.0252	0.0039	0.0499	0.0214	0.0222	0.167620282737816
0.2599	0.2667	0.0858	0.3885	0.2545	0.2596	0.679024300905651
0.799	0.794	0.2531	0.7619	0.6314	0.6384	0.909384923371927
0.0142	0.0159	0.0034	0.0356	0.0175	0.0204	0.14952881907762
0.0232	0.0251	0.0146	0.0896	0.0477	0.0471	0.405322007519589
0.1425	0.1424	0.0402	0.2469	0.1527	0.1503	0.558803705549315
0.0037	0.0057	0.0036	0.0235	0.0101	0.0124	0.157906915996904
0.757	0.744	0.1198	0.6689	0.5256	0.5399	0.813919643615695
0.1553	0.1617	0.0064	0.1289	0.0639	0.0715	0.238998604816317
0.839	0.829	0.3998	0.8722	0.7568	0.7449	0.969147886513835
0.0223	0.019	0.0041	0.0623	0.0289	0.0318	0.200492127846844
0.038	0.0391	0.0256	0.1414	0.0779	0.0752	0.517666557572302
0.4486	0.4575	0.0577	0.3838	0.2723	0.2634	0.56280204643104
0.5317	0.4974	0.0802	0.5396	0.3505	0.3595	0.801736591721756
0.0119	0.0088	0.0048	0.0321	0.0137	0.0192	0.180642909260404
0.0822	0.0868	0.0121	0.1395	0.0808	0.075	0.344969159982214
0.1199	0.1246	0.029	0.2352	0.127	0.1342	0.559548255279631
0.0242	0.0268	6e-04	0.0186	0.0081	0.0067	0.0410066000455169
0.6099	0.6106	0.0804	0.543	0.3886	0.3951	0.720237570551752
0.0066	0.0064	0.0084	0.0448	0.027	0.0234	0.292031026952779
0.0533	0.0527	0.0079	0.0913	0.042	0.0386	0.246681051350338
0.003	0.0031	0.002	0.0134	0.0068	0.0076	0.0690572386851329
0.0306	0.028	0.0045	0.0478	0.0238	0.0217	0.161266386622014
0.0034	0.0048	3e-04	0.0078	0.0051	0.0024	0.0347410817566667
7e-04	0.0012	8e-04	0.0027	9e-04	0.0016	0.0141617917859981
0.0196	0.0196	0.0068	0.0505	0.0341	0.0283	0.188518387098298
0.0719	0.063	0.0131	0.1268	0.0624	0.056	0.32273443495199
0.1368	0.1421	0.0329	0.2357	0.1314	0.1188	0.524991896451556
0.0068	0.0062	0.0016	0.0151	0.0096	0.0072	0.0836919296364289
0.0022	0.0037	0.0011	0.0119	0.0051	0.0036	0.0674741568601795
0.7611	0.7643	0.1002	0.6836	0.5225	0.5065	0.832725889217865
0.1317	0.1378	0.0103	0.1117	0.0632	0.0613	0.195587628581068
0.023	0.0195	0.0013	0.0227	0.0137	0.0117	0.056608166639678
0.2656	0.3107	0.0228	0.3015	0.1705	0.1648	0.554642792620923
0.0493	0.0568	0.0029	0.0555	0.0253	0.0269	0.152188852455254
0.0435	0.038	0.0064	0.0661	0.0351	0.0326	0.188438956226325
0.0084	0.0088	0.0028	0.025	0.0097	0.0106	0.134672366305606
0.0513	0.0476	0.0097	0.1046	0.0564	0.0521	0.272884059134627
0.0162	0.0153	8e-04	0.0294	0.0118	0.0095	0.0888238223344098
0.3584	0.3541	0.1356	0.5126	0.3532	0.3456	0.81477822683151
0.3168	0.3158	0.0201	0.2527	0.1942	0.1922	0.327942461130018
0.042	0.0463	0.0362	0.1662	0.1049	0.1033	0.533868342149255
0.4712	0.4876	0.1122	0.5569	0.3701	0.3786	0.803334586768678
0.0035	0.0048	0.0026	0.0205	0.0081	0.0093	0.0860109856834869
0.0402	0.0388	0.0189	0.1273	0.0632	0.0701	0.459623085944315
0.4577	0.4615	0.0853	0.4513	0.305	0.3133	0.667073925070261
0.8923	0.8954	0.1616	0.8222	0.7143	0.7125	0.911896727792949
0.0356	0.0321	0.0266	0.1307	0.073	0.0773	0.47776256092508
0.3284	0.3236	0.0261	0.2736	0.1633	0.1772	0.457315393762536
0.0097	0.012	4e-04	0.0086	0.003	0.0048	0.0253045316651664
0.073	0.0666	0.0026	0.0503	0.025	0.0245	0.0993687188988284
0.0316	0.0298	0.0056	0.0637	0.0321	0.0301	0.241044365394395
0.0039	0.0056	0.0026	0.016	0.0066	0.0072	0.153305292653513
0.0754	0.0759	0.0045	0.0852	0.0426	0.0446	0.234996665380327
0.045	0.0532	0.0073	0.0827	0.0436	0.0458	0.233283016740159
0.1049	0.0986	0.022	0.1839	0.0974	0.1116	0.469231112622455
0.1362	0.1428	0.0239	0.2022	0.1163	0.1223	0.456104224575486
0.0016	0.0023	0.0024	0.0094	0.0051	0.0069	0.0718141931730787
0.4297	0.4506	0.0762	0.4739	0.3022	0.2957	0.733644253644615
0.0056	0.0053	2e-04	0.0032	0.0024	0.0025	0.00644684779490762
0.0017	0.0011	6e-04	0.0073	0.0039	0.0039	0.0396057740991329
0.0144	0.0122	0.0049	0.0308	0.0146	0.0161	0.117108394838024
0.0242	0.0201	0.0029	0.0383	0.021	0.0209	0.132290825836306
0.0015	8e-04	8e-04	0.007	0.004	0.0044	0.0427864035747338
0.0033	0.0035	0.0019	0.0148	0.0078	0.0079	0.0847491896644741
0.3272	0.3408	0.0605	0.4323	0.2535	0.2643	0.769232607117734
0.0051	0.0043	0.0015	0.0134	0.0073	0.006	0.066221184293662
