FMP	RMP	FPP	UPP	ANPP	NPP	ANCOVA
4e-04	0.0011	5e-04	0.0051	0.0017	0.0026	0.0648329169016158
0	0	0	0	0	0	7.73843634849954e-08
0	0	0	0	0	0	0.00138506347875337
0	0	0	0	0	0	1.52061547999223e-05
0	0	0	0	0	0	2.42432365956997e-06
1e-04	0	0	0	0	0	0.000652701067107023
0	0	0	0	0	0	5.31046540427853e-05
0	0	0	0	0	0	3.12574963386643e-06
0	0	0	0	0	0	4.10206094706433e-06
0	0	0	0	0	0	0.0010717442985527
0	0	0	0	0	0	1.56099073277177e-06
0	0	0	0	0	0	8.23017318315659e-05
0	0	0	0	0	0	3.43468114513752e-05
0	0	0	0	0	0	0.000637366360377415
0	0	0	0	0	0	0.00167142934141538
0	0	0	0	0	0	0.000203947766180663
0	0	2e-04	0.0015	1e-04	1e-04	0.0208393457292419
0	0	0	4e-04	0	0	0.00222170085398399
0.0035	0.0025	0.0012	0.0119	0.0053	0.0052	0.113782064977794
0	0	0	0	0	0	1.5370638679236e-07
0	0	0	0	0	0	5.6423332108199e-06
0	0	0	0	0	0	0.000353328282705315
0	0	0	0	0	0	3.6004538974608e-05
0	4e-04	1e-04	3e-04	2e-04	0	0.0205124846604857
0	0	0	0	0	0	0.00171132952444456
4e-04	6e-04	0	0.0018	8e-04	0.0014	0.023919837402368
1e-04	1e-04	0	7e-04	2e-04	2e-04	0.0155112560247997
0	0	0	0	0	0	0.00128899267250778
0	0	0	0	0	0	7.67244323995052e-05
0	0	0	0	0	0	0.000261070856718801
0	0	0	0	0	0	0.000849491868693357
1e-04	3e-04	0	0.0024	4e-04	5e-04	0.0340508642549531
0	0	0	0	0	0	0.00122480316698057
0.0015	0.0033	3e-04	0.0075	0.0023	0.0039	0.073589591717755
0	0	0	0	0	0	3.46798858763681e-05
0	0	1e-04	1e-04	0	0	0.000445640674954762
0	0	0	0	0	0	7.02116567463682e-06
6e-04	3e-04	1e-04	0.0025	0.0021	7e-04	0.0380921430118584
0	0	0	0	0	0	1.92050424686563e-08
0	0	0	0	0	0	5.37686977133154e-05
0	0	0	0	0	0	0.000215131955447781
0	0	0	0	0	2e-04	0.000146046119051932
6e-04	2e-04	1e-04	0.0015	5e-04	5e-04	0.0259644078072034
0	0	0	0	0	0	6.0216893585081e-05
0	0	0	0	0	0	0.00105254899160714
0	0	0	0	0	0	0.000744060433258341
0	0	0	0	0	0	6.1213668475735e-06
0	0	0	0	0	0	0.000596601065462208
1e-04	5e-04	1e-04	0.0011	8e-04	0.001	0.0241119062948491
2e-04	0	0	3e-04	2e-04	4e-04	0.00928384905451746
4e-04	3e-04	0	0.0014	6e-04	4e-04	0.0144116325155013
0	0	0	0	0	1e-04	0.000538043147562363
0	0	2e-04	4e-04	3e-04	1e-04	0.0100085352829941
0	0	0	0	0	0	0.000284798142519429
1e-04	0	1e-04	0.0022	6e-04	0.0013	0.0258101927596189
0	0	0	0	0	0	5.36017410828135e-05
1e-04	0	0	0	1e-04	0	0.00355062644933229
0	0	0	0	0	1e-04	0.00153709525930382
0	0	0	2e-04	1e-04	0	0.00303017040633429
0	0	0	0	0	0	0.000397767294823785
1e-04	0	0	1e-04	4e-04	0	0.00128587847439433
0	0	0	0	0	0	7.69143487004368e-05
3e-04	7e-04	1e-04	4e-04	5e-04	1e-04	0.00993325480753372
2e-04	1e-04	0	0.0012	5e-04	3e-04	0.00611530232229032
0	0	0	0	1e-04	1e-04	0.000838312237126891
0.0045	0.0049	1e-04	0.0067	0.0043	0.004	0.0532620650621645
0	0	0	0	0	0	1.76771540975389e-05
0	0	0	0	0	0	0.0010270326513996
0	0	0	0	0	0	9.84813521569255e-07
0	0	0	0	0	0	0.0001923620773574
0	0	0	0	0	0	0.000240511136431405
0	0	0	0	0	0	0.000196945991640531
0	0	0	0	0	0	0.00407448361902624
0.0034	0.0029	6e-04	0.011	0.0065	0.0046	0.0989582894599565
9e-04	8e-04	0	0.002	0.0015	0.001	0.0437124258028755
0	0	0	0	0	0	3.18092261041777e-05
0	0	0	0	0	0	6.8621662395084e-05
0	0	0	0	0	0	8.45759693271047e-07
0.0104	0.0114	0.0011	0.0206	0.0102	0.0092	0.119609531161517
0	0	0	0	0	0	6.17536754583775e-05
1e-04	1e-04	0	9e-04	1e-04	4e-04	0.00556390829728246
0	0	0	0	0	0	3.453377825166e-05
0	0	0	0	0	0	3.57062822030443e-06
0	0	0	0	0	0	0.00141071926595811
0	0	0	0	0	0	0.00133139137030411
0	0	0	0	0	0	5.31524547106937e-06
0	0	0	0	0	0	0.0013482070294166
0	0	0	0	0	0	2.88286955692966e-05
0	0	0	0	0	0	0.0012835284458892
0	0	0	0	0	0	7.7351832291279e-07
0	0	0	0	0	0	0.00015014658641987
0	0	0	5e-04	1e-04	2e-04	0.0149825899152614
5e-04	0.001	5e-04	0.0019	9e-04	0.0014	0.0316286856224961
0	4e-04	0	0	0	0	0.00501616436534045
0	0	0	0	0	4e-04	0.000670492439873004
0.0021	0.0012	3e-04	0.0056	0.0027	0.0031	0.0599014429203975
0	4e-04	0	5e-04	0	3e-04	0.00741826896788778
0	0	0	2e-04	3e-04	4e-04	0.0161556239936887
0	0	0	1e-04	0	0	0.00157628897480422
0.001	8e-04	1e-04	0.0015	5e-04	1e-04	0.0133947000285875
0	0	0	0	0	0	0.000301702085651216
0	0	0	0	0	0	0.00062685082070999
0	0	0	0	0	0	0.00128415734066032
0	0	0	0	0	0	0.000210504851863761
0	0	0	0	0	0	2.71656038267926e-06
0	0	0	0	0	0	0.000169677651875169
0	0	0	0	0	0	0.000237973402918663
0	0	0	0	0	0	9.18646114534343e-06
0	0	0	0	0	0	0.000790805139413601
0	0	0	1e-04	0	0	0.00365166507436552
0	0	0	3e-04	0	0	0.00294315740995159
0	0	0	0	0	0	0.000290603530929718
0	0	0	0	0	0	4.7880107561232e-06
0	0	0	0	0	0	0.00137675221676607
0	0	0	0	0	0	0.00014813915645966
0.0062	0.0053	5e-04	0.0151	0.0063	0.0092	0.154697639084636
0	1e-04	0	1e-04	5e-04	1e-04	0.00397389012652331
4e-04	6e-04	1e-04	0.0017	5e-04	0.001	0.0486843513513684
0	0	0	0	0	0	3.24820884029498e-05
0	0	0	0	0	0	1.34170504723597e-05
0	0	0	2e-04	1e-04	0	0.00131300235663066
0	1e-04	0	1e-04	0	0	0.00265868685851449
0	0	0	0	0	4e-04	0.00514229830680755
0	0	0	0	0	0	3.64179548009354e-06
0	0	0	0	0	0	0.000821202343367401
3e-04	0	0	4e-04	4e-04	0	0.0112538516940679
0	0	0	0	0	0	3.74206006922201e-05
9e-04	0.0012	2e-04	0.0071	0.0032	0.0039	0.0788882764424696
0	0	0	0	0	0	0.000535620175802546
1e-04	0	0	9e-04	3e-04	3e-04	0.0211781486911084
1e-04	0	0	0	0	0	0.00300290389784308
0	0	0	0	0	0	0.000231063878662804
0	0	0	0	0	0	8.98289975153113e-07
0	0	0	0	0	0	3.59729009109662e-06
1e-04	1e-04	0	4e-04	4e-04	2e-04	0.0113311203031791
0.0011	0	0	6e-04	1e-04	5e-04	0.0101639843270642
0	0	0	2e-04	0	0	0.00148709872661336
0.002	9e-04	0	0.0037	0.0012	0.0029	0.0388082089256672
0	0	0	0	0	0	0.000584080586232914
0	0	0	0	0	0	1.18219442916064e-06
0	0	0	4e-04	0	0	0.00108217861632473
0.002	0.0019	2e-04	0.0045	0.0029	0.0014	0.0409530537131337
0	0	0	4e-04	0	1e-04	0.00310029301471545
0	0	0	2e-04	0	0	0.00314424514898708
0	0	0	0	0	0	9.2494028131138e-05
3e-04	1e-04	0	7e-04	7e-04	8e-04	0.0168927057383232
3e-04	1e-04	0	7e-04	1e-04	0	0.00472856809879147
0	0	0	0	0	0	4.937280659807e-06
0	0	0	4e-04	1e-04	3e-04	0.00360047130203149
0	0	0	0	0	0	0.0012785983598183
0	0	0	0	0	0	9.91330755173696e-05
0	0	0	0	0	0	0.000148004670654188
2e-04	2e-04	0	8e-04	6e-04	6e-04	0.015742838631744
0	0	0	2e-04	0	0	0.0027570627619119
0	0	0	0	0	0	2.59555982028789e-06
1e-04	0	0	4e-04	3e-04	7e-04	0.0113031216392514
0	0	0	0	0	0	0.000841576320967445
0	0	0	0	0	0	0.000438742788952107
0.0012	3e-04	0	0.0012	5e-04	5e-04	0.0188701797254092
3e-04	0	0	1e-04	0	1e-04	0.00234493564404455
0	0	0	0	0	0	4.93431056232503e-05
0	0	0	1e-04	3e-04	0	0.00308134364972081
0.0032	0.0025	0	0.0045	0.001	0.0018	0.0282175025468844
2e-04	1e-04	0	3e-04	0	0	0.00542967834305926
2e-04	0	0	0.001	6e-04	5e-04	0.0259034192303031
0	0	0	0	0	0	0.00013033776955339
0.0035	0.0039	1e-04	0.0049	0.0019	0.0025	0.0355999899360884
0	0	0	0	0	0	7.44930072029218e-06
0	0	0	0	0	0	1.09096163889304e-05
1e-04	0	1e-04	3e-04	0	0	0.00222875754470521
0	0	0	0	0	0	8.24992068477622e-05
0.0011	0.001	0	0.0021	0.0015	0.0012	0.0478000849965603
0	0	0	1e-04	0	0	0.000218638124592908
0.0031	0.0025	3e-04	0.0068	0.0031	0.002	0.0564531945184693
3e-04	0	0	3e-04	2e-04	6e-04	0.0196324637243971
0	0	0	0	0	0	0.000324410341531176
0	0	0	0	0	0	0.000721200062660534
0	0	0	0	0	0	5.44727445976189e-07
0	0	0	0	0	0	0.000134429233298476
0	0	0	0	0	0	0.00126402192841332
0	0	0	0	0	0	7.44450180030133e-06
0	0	0	0	0	0	7.62387143446174e-06
0	0	0	0	0	0	0.000104260802577047
0	0	0	0	0	0	3.80325480179146e-05
0	0	0	1e-04	0	0	7.95393899518738e-05
0	0	0	0	0	0	3.08383582354119e-05
0	0	0	0	0	0	0.000221737605816092
0	0	0	0	0	0	5.2789360390945e-05
0	0	0	0	0	0	0.000308358327753671
0	0	0	0	0	0	0.000122341226340106
0	3e-04	1e-04	7e-04	0	2e-04	0.00718262937016028
0	1e-04	0	7e-04	0	2e-04	0.0104878782947575
0	0	0	0	0	0	3.55829989371596e-05
0	0	0	0	0	0	0.000518102997873997
0	0	0	0	0	0	0.000220585532040933
3e-04	0	1e-04	3e-04	5e-04	1e-04	0.0206474946386069
0	0	0	0	0	0	0.000228670135732229
0	0	0	5e-04	0	0	0.00261849526170526
1e-04	0	0	0	0	1e-04	0.00048273147938583
0	0	0	0	0	0	0.000521340444099196
0	0	0	1e-04	0	0	0.000880167746154506
0	0	0	0	0	2e-04	0.000118214450242535
2e-04	8e-04	0	0.0022	7e-04	0.0014	0.0348364779077963
0	0	0	3e-04	0	0	0.00114876700272206
0	0	0	0	0	1e-04	0.0003171232208399
7e-04	3e-04	2e-04	0.0021	0.0018	6e-04	0.0240783035651487
0	2e-04	1e-04	8e-04	0	0	0.00637459556113666
0	0	0	1e-04	0	0	0.000633274587800886
0	0	0	0	0	0	0.00123887584334624
0	1e-04	0	2e-04	3e-04	1e-04	0.00656143109455983
0	0	0	0	2e-04	0	0.00688390625092749
0	0	0	0	0	0	0.000879313709288111
0	0	0	0	0	0	0.000162478116882772
4e-04	6e-04	0	0.0027	0.001	7e-04	0.0351570569817789
0	0	0	0	1e-04	0	2.43215535102064e-05
0	1e-04	0	3e-04	2e-04	0	0.00288650172916438
0.01	0.009	7e-04	0.0083	0.0037	0.005	0.0248279050733383
0	0	0	0	0	0	2.23116028020179e-06
0	0	0	0	0	0	5.84383683866056e-05
0	0	0	0	0	0	0.000134913381638729
0	0	0	0	0	0	2.44145243093064e-06
0	0	0	0	0	0	6.24538136737037e-06
0.0084	0.0079	0.001	0.0234	0.0108	0.0118	0.110498490086085
0	0	0	1e-04	1e-04	2e-04	0.00717892480351566
0	0	0	0	0	0	0.00113955885364874
0	0	0	0	0	0	5.23388078910194e-06
1e-04	0	0	4e-04	3e-04	1e-04	0.00733110066355482
0	0	0	0	0	2e-04	0.00146153721206633
0	0	0	1e-04	4e-04	1e-04	0.00246683750535993
1e-04	0	0	1e-04	1e-04	2e-04	0.00492383636602
0	0	0	0	0	0	3.97373083532769e-05
0.0027	0.0028	1e-04	0.0082	0.0041	0.0034	0.0567217255920284
0	0	0	0	0	0	3.44307143148075e-06
0	0	0	0	0	0	8.43324174525835e-06
0	0	0	0	0	0	0.000373931993356323
0	0	0	0	0	0	0.000172532200430099
0	0	0	0	0	0	0.000684495647544796
0.0022	0.0013	5e-04	0.0065	0.0035	0.004	0.0864665775294805
0	0	0	1e-04	0	1e-04	0.00228369538900468
0	0	0	0	0	0	9.48422172939632e-05
0	0	0	0	0	0	0.000214897228879112
0	0	0	0	0	0	5.44471793666457e-05
7e-04	5e-04	0	6e-04	4e-04	5e-04	0.00444901789936704
1e-04	0	0	2e-04	0	0	0.000332328350826091
0	0	0	0	0	0	2.45311379949517e-06
0	0	0	0	0	0	6.48906364488828e-05
0	1e-04	0	0	0	0	0.000155786209211964
0	0	0	0	0	0	0.00154466105108226
0	0	0	0	0	0	1.2016865254881e-06
0	1e-04	0	0	0	0	0.000263494270351617
0	0	0	0	0	0	0.000717286687606942
0	2e-04	1e-04	1e-04	2e-04	1e-04	0.00349265720921087
0	0	0	0	0	0	0.000234144410581269
0.0013	9e-04	2e-04	0.0037	0.0016	0.0016	0.0434387757442364
0	0	0	0	0	0	1.58439013073264e-06
1e-04	3e-04	0	6e-04	2e-04	2e-04	0.0123302172580371
0	1e-04	0	0	0	1e-04	0.00510876730089252
0	0	0	0	0	0	2.11345454479507e-07
0	0	0	0	0	0	1.28403815919479e-05
0	0	0	0	0	0	0.000585010503365062
0	0	0	0	0	0	0.000602633352395171
0.0115	0.015	0.001	0.0225	0.0104	0.0122	0.106249952971858
0	0	0	0	0	0	0.00124308542736498
0	0	0	1e-04	0	0	0.000812362171158944
0	0	0	1e-04	2e-04	1e-04	0.0078118712203889
2e-04	1e-04	0	1e-04	0	1e-04	0.00114836121306295
0	0	0	0	0	0	7.37074673978232e-06
7e-04	2e-04	0	0.003	0.0012	5e-04	0.0277175509128209
0.0032	0.0028	0	0.0061	0.0029	0.0032	0.0305009592342393
0	0	0	0	0	0	0.000121851434093724
0.0023	0.0031	0	0.0034	0.0013	9e-04	0.0180982813854922
0	0	0	0	0	0	0.00063620060606637
3e-04	0.001	0	3e-04	2e-04	2e-04	0.00367831215702121
1e-04	0	0	1e-04	0	0	0.00371600836654505
0	0	0	0	0	0	3.14759608303431e-05
4e-04	5e-04	1e-04	0.0017	5e-04	0.0011	0.0275602669166941
0	0	0	0	0	0	7.36317423425904e-06
0	0	0	0	0	0	0.000352762983097466
6e-04	4e-04	0	0.0014	0.002	7e-04	0.0361424122527115
0	0	0	0	0	0	0.00122011245773045
0	0	0	3e-04	2e-04	7e-04	0.0131057948664758
0	0	0	1e-04	1e-04	0	0.00531031742608313
0	0	0	1e-04	4e-04	0	0.00297835353607017
0	0	0	0	0	0	4.73176987857191e-05
0	0	0	0	0	0	0.000506715145076106
0	0	0	0	1e-04	0	0.000842432577051362
0	0	0	0	0	0	7.38378439047887e-08
0	1e-04	0	0	0	0	0.00118953806571906
0	0	0	0	0	0	7.04035756548291e-06
0	0	0	0	0	0	7.54484937897696e-06
0	0	0	0	0	0	5.6524215494167e-05
0	0	0	0	0	1e-04	0.00155558971496845
0	0	0	0	0	0	0.00169096156845234
0	0	0	0	0	0	0.00154701718134904
0	0	0	1e-04	0	0	0.00058620053934424
0	0	0	0	0	0	0.000113529522654686
0	0	0	0	0	0	4.41211798475207e-05
0	0	0	0	0	0	0.000746703675037597
0	0	0	0	0	0	0.000206087306146682
0	0	0	0	0	0	8.17831231398517e-06
0	2e-04	0	1e-04	0	1e-04	0.00777155950233544
0	0	0	0	0	0	0.000230905106115275
0	0	0	0	0	0	0.000108444696858328
0	0	0	0	0	0	6.30265043215875e-05
0	0	0	0	0	0	5.27150241674327e-06
0	0	0	0	0	0	1.76097681246715e-06
0.0021	9e-04	2e-04	0.0052	0.004	0.0024	0.04883817597204
0	0	0	0	2e-04	0	0.00188871232994089
0	0	0	0	0	0	3.89349762569114e-07
0	0	0	0	0	0	9.76022047023841e-05
3e-04	5e-04	1e-04	0.0014	3e-04	8e-04	0.0246367859996203
0	0	0	0	0	0	0.000153764939533477
0	0	0	0	0	0	0.000333830270514584
0	0	0	0	0	0	0.000393946334856211
0	0	0	0	0	0	0.000221824026659287
0	0	0	0	0	0	7.72002836695609e-06
0.0012	9e-04	7e-04	0.0059	0.0024	0.0038	0.0683161672259334
0	0	0	0	0	0	5.35148664034133e-07
0	0	0	2e-04	2e-04	1e-04	0.00506307183545457
0	0	0	0	0	0	0.000113579568611557
0	0	0	2e-04	0	0	0.000132342402477814
0	4e-04	0	3e-04	1e-04	3e-04	0.00183597823753285
0	0	0	0	0	0	0.00153418260927984
0	0	0	0	0	0	3.26153254991215e-06
0	0	0	1e-04	0	1e-04	0.00024539765624022
0	0	0	0	0	0	0.00203586658517551
4e-04	7e-04	2e-04	4e-04	1e-04	2e-04	0.00929896587552061
0	0	0	0	0	0	0.000146541734453718
0	0	0	0	0	0	0.000140875307589049
0	0	0	0	0	0	9.06744942776257e-08
0	0	0	1e-04	0	1e-04	0.00205039714855706
0	0	0	2e-04	1e-04	1e-04	0.00349282871499738
0	0	0	0	0	0	3.24915121616618e-05
0	0	0	0	0	0	6.96587563837209e-05
9e-04	0.002	2e-04	0.0049	0.0036	0.0032	0.0928638564151154
0	0	0	0	0	0	6.92759438208596e-06
0	2e-04	0	9e-04	2e-04	2e-04	0.00834357847729393
0	0	0	0	0	0	6.93238038286352e-05
0	0	0	0	0	0	1.50410365073654e-05
0	0	0	0	0	0	0.000234715988789319
0	0	0	0	0	0	1.64036428839474e-05
0	0	0	0	0	0	7.70879309557289e-06
0	0	0	0	0	0	0.000660095455117845
0	0	0	0	0	0	0.00294061979026476
0	0	0	0	0	0	4.52875768897869e-07
0	0	0	0	0	0	2.03238498882769e-05
0	0	0	0	0	0	5.83429888809934e-06
0	1e-04	0	0	0	0	0.000669593274317311
0	0	0	0	0	0	0.000300313538999682
0	0	0	2e-04	0	0	0.00108322304943044
0	0	0	0	0	0	0.000166208520135997
0	0	0	0	0	0	5.52667027445584e-05
4e-04	0	0	3e-04	6e-04	6e-04	0.0191975540126664
0	0	0	0	0	0	0.000469561267605908
0	0	0	1e-04	2e-04	0	0.000534622024264786
0	0	0	0	0	0	0.00294013720906845
0	0	0	0	0	0	8.43205386261834e-06
0	0	0	2e-04	0	0	0.000750461191964835
0	0	0	0	0	0	0.000451668434253333
0	0	0	0	0	0	1.49478566229189e-05
0.0026	0.0016	1e-04	0.003	0.001	0.0014	0.0224258829453047
0	0	0	0	0	0	9.10838535911108e-08
0	0	0	0	0	1e-04	0.000374215889474149
0	0	0	0	0	0	0.000128892011543615
0	0	0	0	1e-04	0	0.00013763809718817
0	0	0	0	0	0	0.000477203758339235
0	0	0	0	0	0	7.66281826604072e-06
0	1e-04	0	0	1e-04	0	0.000579091122312661
0	0	0	0	0	0	0.000205224251383376
0	0	0	0	0	0	0.00170994049166653
0	0	0	0	1e-04	0	7.41754341051807e-05
0	1e-04	0	0	0	0	0.00267419025224782
0	0	0	0	0	0	0.000226728026968845
0	0	0	0	0	0	0.00157294107684027
2e-04	0	0	0	0	0	0.000930239185652647
0	0	0	3e-04	0	0	0.00169611316017488
0	0	0	0	0	0	0.00210523828812975
0	0	0	0	1e-04	0	0.000480281440629857
0	1e-04	0	0	0	0	0.000251064434293121
0	0	0	0	0	0	8.74887811984695e-05
0	0	0	0	3e-04	2e-04	0.00547676522723993
2e-04	5e-04	0	0.0019	0.0014	0.001	0.0251258640437999
0.0054	0.0064	7e-04	0.0131	0.0057	0.0068	0.130192262292619
0	0	0	0	0	0	0.000132223670491374
1e-04	4e-04	0	3e-04	5e-04	3e-04	0.00537840133509294
2e-04	3e-04	2e-04	0.0027	5e-04	3e-04	0.0244823702479442
0	0	0	0	0	0	3.21741109391475e-06
0	0	0	1e-04	0	0	0.0013020122833725
0	0	0	0	4e-04	0	0.0016454679461356
8e-04	1e-04	1e-04	0.0033	7e-04	5e-04	0.0272716206859952
0	0	0	0	0	1e-04	0.000342029049244821
4e-04	5e-04	2e-04	0.0016	8e-04	0.0012	0.0387844377408296
0	0	0	1e-04	0	0	0.00153236914206095
0	0	0	0	2e-04	0	0.000157924418783044
1e-04	8e-04	0	5e-04	2e-04	3e-04	0.0179025667297801
0	0	0	0	0	0	0.000882153428190499
0	1e-04	0	0.001	7e-04	7e-04	0.0237178852487
0	0	0	0	0	0	1.2026815408097e-05
0	0	0	0	0	0	0.000267436930106624
0	0	0	0	0	0	1.26182248635392e-07
8e-04	3e-04	0	0.0032	0.0014	7e-04	0.0173092080254336
0	0	0	0	0	0	9.44875613920243e-05
0	1e-04	0	0	4e-04	1e-04	0.00664362291379219
9e-04	0.001	6e-04	0.0041	0.002	0.0018	0.064720931942012
1e-04	2e-04	0	4e-04	1e-04	0	0.0147158371787854
0	0	0	0	0	0	3.07234985637342e-06
0	0	0	2e-04	2e-04	0	0.00216611216271378
4e-04	3e-04	0	5e-04	3e-04	5e-04	0.0179394927282615
0	0	0	0	0	0	0.000686974414469468
1e-04	0	0	0	0	0	0.00257697501742139
0	0	0	0	0	5e-04	0.00067780428099214
0	0	0	0	0	0	0.000115409672865579
0	0	0	1e-04	0	0	0.000340147461015477
0	0	0	0	0	0	0.000818397987069444
0	0	0	0	0	0	0.00136331111118957
0	0	0	0	0	0	0.00031971380101101
0	0	0	1e-04	0	0	0.00165156739016442
0	0	0	0	0	0	1.23024340794568e-05
0	0	0	0	0	0	0.000607874518437664
0	0	0	1e-04	1e-04	0	0.0010209819246745
2e-04	0	0	0	0	5e-04	0.0121650216838183
2e-04	0	0	4e-04	1e-04	1e-04	0.00910821494742577
0	0	0	0	0	0	2.24491247263298e-06
0	0	0	0	0	0	8.07190167618777e-06
0	0	0	2e-04	3e-04	0	0.00205587455636881
0	0	0	0	0	0	1.07253907357849e-06
0	0	0	0	0	0	0.000140531753360883
0	0	0	0	0	0	2.1098109432083e-06
0	0	0	0	0	0	7.71968982504659e-06
0	0	0	0	0	0	2.73018290327142e-06
0	0	0	0	0	0	1.12168103078143e-06
0	0	0	0	0	0	0.000605502958525707
0	0	1e-04	0	0	1e-04	0.006451888100783
0	0	0	0	0	0	8.44721023450251e-05
2e-04	0	0	8e-04	4e-04	0.001	0.0120388325983869
0	0	0	3e-04	0	0	0.00216833550657388
0	0	0	0	0	0	0.0049321386069917
0	2e-04	0	0	0	1e-04	0.00414211951678078
0	0	0	1e-04	1e-04	0	0.00543822258292345
0	0	0	0	0	0	5.75323573416531e-07
0	0	0	0	0	0	2.22357687571187e-05
2e-04	0	0	4e-04	5e-04	4e-04	0.00757825704572795
0	0	0	0	0	0	3.21678876594244e-05
0	6e-04	0	5e-04	5e-04	2e-04	0.00752094234596956
0	0	0	0	0	0	7.73290321400988e-05
0	0	0	0	0	0	0.000389444226484529
0	0	0	0	0	0	6.70523620742106e-08
0.0062	0.0063	0.0013	0.0174	0.0074	0.008	0.13570168470256
0	0	0	0	0	0	1.05428790279539e-05
0	0	0	0	0	0	3.29628964876304e-06
0	0	0	0	0	0	4.02918173987972e-05
1e-04	0	2e-04	7e-04	1e-04	6e-04	0.00696225122016214
0	0	0	0	0	0	4.33940659292731e-05
0	0	0	0	0	0	0.000583443158185093
0	0	0	1e-04	0	0	0.00280960038573419
0	2e-04	0	6e-04	4e-04	0	0.0101972873652544
0	0	0	0	0	2e-04	0.00582033567669959
0	0	0	0	0	0	2.10282555023674e-07
0	0	0	0	1e-04	0	0.00242811998095343
0	1e-04	2e-04	0	1e-04	0	0.00309429037904462
0	0	0	0	0	0	4.77267548705042e-07
0	0	0	0	0	0	9.93672574361434e-07
0	0	0	0	0	0	0.000164460333181615
0	0	0	0	0	0	0.0011632321879062
0	0	0	0	0	0	9.81751010577792e-05
0	0	0	0	0	0	0.000146919860469041
0	1e-04	0	1e-04	0	0	0.00140237310292281
0	0	0	0	0	0	6.28469352998614e-05
0	0	0	2e-04	1e-04	3e-04	0.00642591207035614
0.0017	0.0015	0	0.0012	4e-04	4e-04	0.00362577335888594
0	0	0	0	0	0	1.02318559653283e-07
0	0	0	1e-04	0	0	0.000206533169484539
2e-04	4e-04	0	4e-04	1e-04	2e-04	0.010142642842726
0	0	0	0	0	0	9.30142163879863e-06
0	0	0	0	0	0	1.96901298437246e-05
0	0	0	0	0	0	0.000233370943542005
0	0	0	0	0	0	0.000440857523865774
0	0	0	0	0	0	0.000115519213890328
0	0	0	0	0	0	0.00260154516029964
0	0	0	2e-04	0	0	0.0021755024489759
0	0	0	0	0	0	0.000108256185618329
6e-04	7e-04	1e-04	0.0033	0.0021	0.0027	0.0601898134028353
0	0	0	2e-04	1e-04	1e-04	0.00656523965820969
0.003	0.0035	2e-04	0.0081	0.0033	0.0037	0.0635304452124422
0	0	0	0	0	1e-04	0.000101981608102009
0	0	0	0	1e-04	0	0.000884070744976558
0	0	0	4e-04	2e-04	1e-04	0.00360036076828947
0	0	0	0	0	0	0.000277919298073026
0	0	0	0	0	0	4.28675485481011e-08
0	0	0	0	0	0	2.59608268140325e-05
0	0	0	0	0	0	9.40026033408933e-07
0	0	0	0	0	1e-04	0.00285664601901822
0	1e-04	1e-04	9e-04	1e-04	0	0.00704061619629722
0	0	0	0	0	0	0.00051137327871286
0	0	0	0	0	0	0.00303585273900607
0	0	0	0	0	0	0.00236023187918154
0	0	0	0	0	0	0.00103948805616459
1e-04	0	0	0	0	0	0.000489408426617158
0	0	0	0	0	0	2.18087725121469e-06
5e-04	0.0014	1e-04	0.0027	4e-04	0.0017	0.0321377816378443
0	0	0	0	0	0	0.000574464867974811
3e-04	2e-04	3e-04	0.0021	0.0013	0.0011	0.0358373935452169
0	0	0	0	0	0	3.68413228391692e-07
0	0	0	0	0	0	5.34374174721926e-05
0	0	0	1e-04	0	0	0.00053448491198835
0	0	0	0	0	0	5.86709171842169e-05
0	0	0	1e-04	0	0	0.00172803151925689
0	0	0	0	0	0	3.98012585801932e-05
0	0	0	0	0	0	6.69345849811467e-07
0	0	0	0	0	0	9.09106414245333e-05
0	0	0	0	0	0	0.000158989864800242
0	0	0	0	0	0	8.41088417943989e-05
0	0	0	0	0	0	3.57773608663715e-06
0.004	0.0054	0.0011	0.0125	0.0067	0.0064	0.142950049365554
0	0	0	0	0	0	0.000382205326746322
0	0	0	0	1e-04	0	0.00247338214258595
0	0	0	0	0	0	1.95205469260532e-05
0	0	0	0	0	0	0.000350268403392784
0	0	0	0	0	0	8.85159721485867e-05
0	0	0	0	0	0	0.000173390620734842
0.0106	0.0102	4e-04	0.0174	0.0084	0.009	0.0859691695524569
0	0	0	0	0	0	0.00131768309481137
8e-04	0.0021	4e-04	0.0052	0.0019	9e-04	0.0485350297821657
0	0	0	1e-04	0	0	0.000578229494714655
0	0	0	0	0	0	1.46667719829176e-08
0	0	0	0	1e-04	1e-04	0.00325674643961877
0	0	0	0	0	0	0.000409923945786602
0	0	0	2e-04	0	1e-04	0.00333568456268258
0	0	0	0	0	0	9.46561659503431e-06
0	0	0	0	0	0	0.00146361634377985
0	0	0	1e-04	0	3e-04	0.00270844780698574
7e-04	9e-04	0	0.0023	6e-04	5e-04	0.0120415378583686
3e-04	1e-04	1e-04	0.0027	7e-04	0.002	0.0384987000472908
0	0	0	0	0	1e-04	0.00107567391907013
0	0	0	1e-04	0	0	0.000877450664064189
0	0	0	0	0	0	2.08095432172637e-08
1e-04	0	0	0	0	3e-04	0.00170245048523616
0	0	0	0	0	0	2.19641989175364e-07
0	1e-04	4e-04	9e-04	9e-04	5e-04	0.014580274002142
0	8e-04	0	6e-04	1e-04	1e-04	0.0149445553628629
0	3e-04	0	8e-04	4e-04	5e-04	0.002941637736378
0	1e-04	0	6e-04	1e-04	3e-04	0.00988943850782717
1e-04	0	0	3e-04	6e-04	1e-04	0.00582919120653889
0	0	0	0	0	0	1.96215772360523e-06
0	0	0	0	2e-04	0	0.000481331754276878
3e-04	0	0	0	0	0	0.000366993191952501
0	0	0	0	0	0	6.25109512308698e-05
0.0026	0.0016	2e-04	0.0023	0.0012	0.0012	0.0219770332725561
0	0	0	0	0	0	2.61148654050407e-05
0	0	0	0	0	0	7.56545891151994e-06
0	0	0	2e-04	0	0	0.000612220357237075
0	0	0	1e-04	0	0	0.00261345404049487
0	0	0	0	0	0	0.000137335758502058
0	0	0	0	0	0	1.2015590198633e-05
1e-04	0	0	0	0	0	0.00200276850053582
0	0	0	0	0	0	3.96749458313557e-07
0	0	0	0	0	0	6.10630718548192e-09
0.0077	0.0098	1e-04	0.0087	0.0044	0.0022	0.0286413051538104
0	0	0	0	0	0	0.000134742870999981
0	0	0	1e-04	0	0	3.97172256506536e-05
0.001	1e-04	0	0.0015	0.0011	4e-04	0.0405477542829498
0	0	0	0	0	0	3.74301384620136e-05
0.0035	0.0041	9e-04	0.014	0.0073	0.0078	0.130458892196316
0	0	0	0	0	0	3.45899354862461e-05
0	0	0	0	0	0	0.000362304878624586
0	0	0	0	2e-04	1e-04	0.00180456530740834
0	0	0	0	0	0	1.65281558912664e-08
0	0	0	0	0	0	9.0310780552061e-06
0	0	0	0	0	0	0.000347880853620997
0	0	0	0	0	1e-04	0.00119007945555684
0	0	0	0	0	0	1.39402247450172e-07
2e-04	2e-04	1e-04	8e-04	4e-04	5e-04	0.0268934522097917
0	0	0	0	0	0	0.000243605304952084
0	0	0	0	0	1e-04	0.000527727262441103
0	0	0	0	0	0	0.000327590546441315
1e-04	0	0	4e-04	0	1e-04	0.00655092284031035
0	0	0	1e-04	0	0	0.00481583364162357
1e-04	0	0	0	0	0	0.000437413475348429
0.0024	7e-04	0	0.0028	0.001	0.001	0.0184636575149979
0	0	0	0	0	1e-04	0.000160789641886351
0	0	3e-04	0	0	0	0.000363014408727036
0	0	0	0	0	0	0.000859561712181173
3e-04	0.0018	0	0.0021	0.001	0.0015	0.0391592073145377
0	0	0	0	0	0	1.30676222970176e-05
1e-04	0	0	1e-04	0	0	0.00301960962638406
0	0	0	0	0	0	0.000152090625084587
0	0	0	0	0	0	0.000358271078047204
0	0	0	0	0	0	3.40559376140937e-07
0	0	0	0	0	0	5.66955530478317e-07
0	0	0	0	0	0	0.000114809019003029
0	0	0	0	0	0	6.23562592305781e-06
7e-04	4e-04	0	1e-04	1e-04	2e-04	0.00224270671260068
0	0	0	0	0	0	1.72821872320138e-08
0	0	0	0	0	0	5.76318881287221e-05
0	0	0	1e-04	0	0	0.000866986514013487
0	0	0	1e-04	0	1e-04	0.00112868831880938
6e-04	8e-04	3e-04	0.0056	0.0019	0.0023	0.0420501976274727
0	0	0	0	0	0	1.06187303363113e-05
0	0	0	0	0	0	1.13507019856816e-05
0	0	0	0	0	0	0.000168881323370006
0	0	0	0	0	0	1.07512897091051e-05
0	0	0	0	0	0	3.39050225482796e-05
0	0	0	0	0	0	3.98290500252207e-06
0.001	8e-04	3e-04	0.0088	0.0023	0.0025	0.0864781152032453
0	0	0	0	0	0	0.000621739424977113
3e-04	0	0	8e-04	7e-04	2e-04	0.0170184463332919
0	0	0	0	0	0	0.00019662243254343
0	0	0	1e-04	1e-04	0	0.00138484870995665
0	0	0	0	0	0	3.65267162015184e-05
1e-04	2e-04	0	7e-04	0	2e-04	0.00794027005201339
0	0	0	0	0	0	0.000163169140385654
0	0	0	4e-04	0	1e-04	0.00434888563837149
1e-04	1e-04	1e-04	2e-04	5e-04	3e-04	0.0116229440413842
0	0	0	0	0	0	4.17921420154658e-05
0	0	0	0	0	0	0.000286824778206584
0.0014	6e-04	0	0.0018	5e-04	3e-04	0.0059288125259974
0	0	0	0	0	0	6.27587984248139e-05
0	0	0	0	0	0	1.06338630155543e-05
0	0	0	0	0	2e-04	0.0024224663302474
0	0	0	0	0	0	2.34167149719176e-05
0	0	0	0	0	0	1.09205428988572e-05
0	0	1e-04	3e-04	0	0	0.0106737478730689
0	0	0	0	0	0	0.000547686060581947
0	0	0	0	0	0	0.00027383997591099
0	0	0	0	0	0	0.000315037248926244
0.0011	4e-04	0	0.0034	0.0012	0.0013	0.0340640099214185
0	0	0	2e-04	0	1e-04	0.00403500486072482
0	0	0	1e-04	0	0	0.000920676107387377
0	0	0	0	0	0	0.000557911519991343
0	0	0	0	0	3e-04	0.000989833704694036
0	0	0	0	0	0	0.00104370131673544
0	0	0	0	0	0	4.98024174194629e-05
0	0	0	0	1e-04	0	0.00109845129161739
0	0	0	1e-04	0	0	0.00051334593112876
0	0	0	0	0	0	9.8562563452258e-05
0	0	0	0	0	0	0.00010472589583695
0	0	0	0	0	0	1.34762211212736e-07
0	0	0	5e-04	0	0	0.00124708270110999
0	0	0	0	0	0	0.00102230338023636
0	1e-04	2e-04	4e-04	5e-04	3e-04	0.0197721012360505
1e-04	1e-04	4e-04	8e-04	0.001	8e-04	0.026125103717494
0	0	0	0	1e-04	0	0.000203353481080706
0	0	0	0	0	0	0.000145765579564753
0	0	0	1e-04	0	0	0.00054911976580629
0	0	0	0	0	0	4.72294456135719e-06
0	0	0	0	0	0	3.94574620536247e-05
0	0	0	0	0	0	2.83290613460814e-06
1e-04	2e-04	0	3e-04	0	0	0.00662360211135401
0	0	0	0	0	0	3.51450214903213e-06
0	0	0	0	0	0	0.000861267219356387
1e-04	0	0	0	0	0	0.00124717691293529
0	0	0	0	0	0	3.10087917330562e-05
0	0	0	2e-04	0	1e-04	0.00144095714741878
0.0315	0.0365	0.0025	0.0546	0.0278	0.0255	0.181815165855089
0	2e-04	0	0	0	0	0.00163938250312744
0	0	0	0	0	0	1.01076704954889e-06
3e-04	1e-04	0	7e-04	1e-04	2e-04	0.0105511673300242
0	0	0	0	0	0	0.000498525420287126
0	0	0	1e-04	0	2e-04	0.00179949443844684
0	0	0	0	0	0	5.04634789531013e-06
0.0027	0.001	3e-04	0.006	0.0023	0.0026	0.028890543057007
0.0011	0.001	2e-04	0.0013	0	4e-04	0.00703193793972148
1e-04	1e-04	1e-04	7e-04	7e-04	1e-04	0.00913008311508158
4e-04	2e-04	2e-04	0.0011	6e-04	0.0011	0.0410272361926967
0	0	0	0	0	0	9.13857687447737e-05
0	0	0	0	0	0	5.43770160356625e-06
0	0	0	0	0	0	0.000312570485234844
0	0	0	0	0	0	2.0350980643245e-05
0	0	0	0	0	0	0.000157501641700702
0.0031	0.0035	0	0.0054	0.0018	0.0034	0.0240489103713913
3e-04	0	0	2e-04	1e-04	0	0.00261665512169065
0	4e-04	0	1e-04	0	0	0.000310078229059924
0	0	0	0	0	0	3.25410290072426e-05
0	0	0	0	0	0	5.52868565206615e-05
0	0	0	0	0	0	5.82840112567219e-06
0	0	0	0	0	0	0.000254919775849142
0	0	0	0	0	0	6.43180354041426e-05
0	1e-04	0	9e-04	0	2e-04	0.00386917022346124
0	0	0	0	0	0	1.74719648747719e-05
0	2e-04	1e-04	2e-04	5e-04	2e-04	0.014716804576584
1e-04	2e-04	2e-04	0.0019	0.0014	9e-04	0.0263329629825231
1e-04	0	0	0	0	1e-04	0.00150633293807359
2e-04	0	0	0	0	0	0.00315840800722847
0	0	0	0	0	0	4.42314650371818e-06
0	0	0	0	0	0	3.30733337048255e-05
0	1e-04	0	2e-04	2e-04	0	0.00415450772570271
0	0	0	1e-04	0	0	0.00196170807242767
0	0	0	0	0	0	4.49072241946535e-05
0	0	0	0	0	0	0.00158736191797966
0	0	0	0	0	0	0.000374070744189007
0	0	0	0	0	0	5.9199944914334e-06
0.002	0.0012	6e-04	0.0066	0.0024	0.0029	0.0777465304917644
0	0	0	0	0	0	3.9184440985004e-05
0	0	0	0	0	0	1.11688590037392e-05
0	0	0	0	0	0	4.95144957542392e-05
0	0	0	0	0	0	9.01765217908586e-06
0	0	0	0	0	0	1.10195409402233e-05
0.0012	8e-04	0	6e-04	2e-04	6e-04	0.00993240544680925
0	0	0	0	0	0	0.000101012825286973
0	0	0	1e-04	0	0	0.00108163422909604
0	0	0	0	0	1e-04	0.000978224999636299
0	0	0	0	0	0	0.00140662389585612
0.0029	0.0046	2e-04	0.006	0.0025	0.0016	0.04617777592249
0	0	0	0	1e-04	0	0.000460020529981926
0	1e-04	0	0	0	2e-04	0.00125345030368933
0	0	0	1e-04	0	2e-04	0.00286811225196142
0	0	0	1e-04	0	0	0.000630338094448452
0	0	0	0	0	0	0.000527900194147239
0	0	0	0	0	0	0.000665612479948387
0	0	0	0	0	0	4.13465305081479e-05
1e-04	2e-04	5e-04	0.0017	8e-04	7e-04	0.0366722230824781
0	0	0	0	0	0	0.000359578989034882
0	0	0	2e-04	0	0	0.0024307507826069
0	0	0	0	1e-04	0	0.00132825882091812
0	0	0	0	0	0	4.53697956226277e-05
0	0	0	0	0	0	7.46027534932515e-06
2e-04	0	0	2e-04	1e-04	0	0.00145468128725513
0	0	0	0	0	0	2.63895533360429e-05
1e-04	6e-04	2e-04	0.0013	9e-04	5e-04	0.0306330346340674
0	0	0	0	0	0	0.000139733541658503
0	0	0	0	0	0	6.43718186416712e-05
0	0	0	0	0	0	5.61876469132964e-08
0	0	0	0	0	0	2.53676294751614e-06
0	0	0	6e-04	3e-04	3e-04	0.00505374766258667
1e-04	0	0	0	0	0	0.00212131349195353
0	0	0	0	0	0	6.66638722392638e-06
0	0	0	0	0	0	0.000123078900042359
1e-04	0	2e-04	6e-04	0.001	2e-04	0.0207541145221545
1e-04	5e-04	0	2e-04	4e-04	2e-04	0.000582394109983891
0	0	0	0	0	0	9.21443262467562e-05
0	0	0	0	0	0	7.57478479851899e-07
0	0	0	0	0	0	0.000962002613822898
0	0	0	0	0	0	3.59663669961611e-05
0	0	0	0	0	0	7.53550048892232e-05
0	0	0	0	0	0	0.000605321196108901
0	0	0	0	0	0	8.15632746826307e-05
0	0	0	0	0	0	0.000507555742033384
0	0	0	1e-04	0	0	5.74761236374023e-05
4e-04	0	1e-04	0	1e-04	1e-04	0.00890427794559436
0	0	0	1e-04	0	3e-04	0.00240390284258956
1e-04	2e-04	0	2e-04	6e-04	0	0.00915771784631359
0	0	0	0	0	0	0.000110087619432008
0	0	0	0	0	0	0.000286313741063885
0	0	0	0	0	0	6.75235125783106e-05
0	0	0	0	0	0	0.000134110761434
0	0	1e-04	4e-04	1e-04	4e-04	0.0123189835389016
9e-04	0.0012	3e-04	0.0048	0.0026	0.0021	0.0702324236639176
0	0	0	0	1e-04	0	0.00137766858176334
0	0	0	0	0	1e-04	0.00160092193876263
0	0	0	0	0	0	0.0014123166890701
0	0	0	0	0	0	1.68912653930901e-08
0	0	0	0	1e-04	0	0.00127651480584436
0	0	0	0	0	0	2.40189381006069e-05
0	0	0	1e-04	0	2e-04	0.00194037665413429
0	0	0	0	0	0	1.72781314961595e-06
0	0	0	0	0	0	4.40414363151695e-05
0	0	0	0	0	0	2.09440841021248e-05
2e-04	1e-04	1e-04	0.0015	4e-04	3e-04	0.0201488980102838
0	0	0	0	0	0	0.00172370081500055
4e-04	5e-04	1e-04	0.0031	0.0015	0.0023	0.0318228705493478
0	0	0	0	0	0	2.27223996584787e-06
0	0	0	0	0	0	8.07701392240451e-07
0	0	0	0	0	0	0.000179136097978288
0	0	0	0	0	0	0.00415451089727432
0	0	0	1e-04	0	0	0.000992204198902877
0	0	0	0	0	0	0.00170631773909758
0	0	0	0	1e-04	0	0.0017820067416998
1e-04	0	0	0	0	0	0.000289907957978767
0	0	0	0	0	0	0.000275201713376637
0	0	0	0	0	0	0.000280187907525295
0	0	0	1e-04	0	0	0.000399061760567754
0	0	0	1e-04	0	0	0.000936512459842492
0	0	0	0	0	0	0.000896376518866057
0	0	0	0	0	0	0.00025221350468322
1e-04	1e-04	0	1e-04	1e-04	0	0.00193034903556705
0	0	0	0	0	0	0.000171369962850848
1e-04	0	0	3e-04	1e-04	1e-04	0.00364278881944232
0	0	0	0	0	0	0.000193316883790505
0	0	0	4e-04	3e-04	1e-04	0.00308303836724221
0	0	0	0	0	0	7.08564832571527e-09
4e-04	0	0	0.002	6e-04	0.0017	0.0324575243568048
1e-04	1e-04	0	5e-04	6e-04	3e-04	0.0162233533637402
0	0	0	1e-04	1e-04	2e-04	0.00611287707730569
0	0	0	0	0	0	2.03453960394512e-06
0	0	0	0	0	0	1.70283498724527e-06
0.0031	0.0036	4e-04	0.0129	0.0075	0.0099	0.131453968772681
0	0	1e-04	5e-04	0	0	0.00227314192355623
0	0	0	0	0	0	0.000180453730814744
0	0	1e-04	1e-04	0	0	0.00398454657626559
0.0011	8e-04	2e-04	9e-04	8e-04	0.0012	0.0290586645010968
0	0	0	0	0	0	6.7752433168222e-06
0	0	0	0	1e-04	0	0.00404185115130349
3e-04	2e-04	1e-04	9e-04	4e-04	4e-04	0.00570999273604633
0.0034	0.0015	3e-04	0.0093	0.0047	0.0042	0.058134758816683
0	0	0	0	0	0	4.40418715156041e-05
0	0	0	3e-04	2e-04	0	0.00399773397976864
0	0	0	0	0	0	0.000775912987293671
0	0	0	0	0	0	3.6093869781244e-06
0	0	0	0	0	0	1.13282656393195e-05
0	0	0	0	0	2e-04	0.000403908548116371
0	0	0	0	1e-04	0	0.000678325866906624
0	0	0	0	0	0	0.000121817294698821
0	0	0	0	0	0	0.000242358052338825
0	0	0	0	0	0	0.000457053032185061
2e-04	2e-04	0	0.0012	1e-04	0	0.0155369262692121
0.0028	0.0027	6e-04	0.0095	0.0064	0.004	0.121357413869042
0	0	0	0	0	0	0.00129648626516945
0	0	0	0	0	0	0.00058437668796703
1e-04	0	0	2e-04	0	2e-04	0.00225639093382595
0	0	0	0	0	0	3.21802714523195e-05
0	0	0	1e-04	0	0	0.000838603528662202
0	6e-04	0	3e-04	0	2e-04	0.00639258636171499
0	0	0	1e-04	0	2e-04	0.00418823711945633
0.005	0.0059	0.0012	0.0145	0.0085	0.0075	0.149400183413154
0	0	0	0	0	0	0.000184660213629331
0	0	0	0	0	0	2.51957642106456e-06
0.0027	0.0031	0.0011	0.0121	0.0057	0.0036	0.0919772508473136
0	0	0	0	0	0	7.70117973468613e-05
0	0	0	0	0	0	2.64611333527892e-05
3e-04	1e-04	0	0	0	3e-04	0.00039127863466205
0	0	0	0	0	0	1.16568503754864e-05
1e-04	0	0	1e-04	0	0	0.00107498368860132
0	0	0	0	0	0	0.000150667040595783
0	0	0	0	0	0	5.36775646809945e-05
0	0	0	0	0	1e-04	0.00111628571170809
2e-04	0	0	2e-04	1e-04	0	0.00464692239300337
0	0	0	0	0	0	0.000152841604174399
0	0	0	0	0	1e-04	0.00298360458032679
0	0	0	0	0	0	0.000539874462266628
0	0	0	1e-04	0	0	4.23484206174413e-05
0	0	0	0	0	0	4.08297770095463e-08
0	0	0	0	0	0	2.53144836063491e-05
0	0	0	0	0	0	0.000376712225121017
0	0	0	0	0	0	0.000107530663390023
0	0	0	0	0	0	0.000244068517455916
0	0	0	0	2e-04	0	0.00352101984898492
0	0	0	0	0	0	0.000213303788920295
0	0	0	3e-04	0	1e-04	0.00210890659277053
0	0	0	0	0	0	3.73986260270183e-05
0	0	0	0	0	0	0.000775557330036594
7e-04	5e-04	0	0.0017	7e-04	0.0015	0.0198323136446064
0	0	0	0	0	0	2.575615693898e-07
0	0	0	0	0	0	3.75832960295709e-05
3e-04	4e-04	0	3e-04	5e-04	7e-04	0.00812548282614348
0	0	0	1e-04	0	0	0.0030584210343902
4e-04	3e-04	2e-04	7e-04	6e-04	5e-04	0.0181930083746051
0	1e-04	0	0	0	0	0.000251804302076003
0	0	0	0	0	0	8.1593321768337e-05
0	0	0	7e-04	0	4e-04	0.007978511527238
0	0	0	1e-04	0	0	0.0014971048893449
0.0387	0.0346	0.0034	0.0794	0.035	0.0364	0.310165564322925
3e-04	1e-04	0	7e-04	1e-04	4e-04	0.0172251550809517
0	0	0	4e-04	3e-04	0	0.00242643676252707
0	0	0	0	0	0	0.000225331390946739
0	0	0	0	0	0	0.000701731792162673
2e-04	1e-04	0	0.001	6e-04	4e-04	0.013184392259847
0	0	0	0	0	0	1.62487143836902e-05
0	0	0	0	0	0	2.52284616778016e-06
5e-04	5e-04	0	0.0011	8e-04	5e-04	0.0251179977674268
0	0	0	0	0	0	6.77795239549733e-05
0	0	0	0	0	0	7.1304049411004e-06
0	0	0	1e-04	0	0	0.00194154729528393
0	0	0	0	0	0	7.31521387404408e-05
0	0	0	1e-04	0	0	0.000254872703457647
0	0	0	0	0	0	0.000545175102914542
0	0	0	0	0	0	0.000508005064623384
0	0	0	0	0	0	3.96387562793263e-08
0	0	0	0	0	0	1.6508794751405e-05
0	0	0	0	0	0	0.000940362647814791
0	0	0	0	0	0	0.00101115273881191
0	0	0	0	0	0	2.31551043367095e-05
3e-04	3e-04	1e-04	4e-04	1e-04	3e-04	0.00902258598153339
0	0	0	0	0	0	0.000228385641358295
0	0	0	0	2e-04	2e-04	0.001389389414511
0	0	0	0	0	0	5.63812537877263e-06
2e-04	0	0	4e-04	1e-04	3e-04	0.00609918117289956
0	0	0	0	0	0	0.000429375813507206
0	0	0	0	0	0	8.37319290548285e-06
0	0	0	0	0	0	1.92918330933294e-06
0	0	0	2e-04	0	1e-04	0.00265719905965138
2e-04	1e-04	1e-04	0.002	8e-04	8e-04	0.0267748870680618
0	0	0	0	0	0	6.77325088030518e-05
0	0	0	1e-04	0	0	0.0018934354709573
0	0	0	1e-04	1e-04	0	0.00130177977434232
0	0	0	2e-04	0	0	0.00771803360705958
0	0	0	0	3e-04	0	3.00855727640565e-05
1e-04	0	0	0.001	4e-04	2e-04	0.0118655779818166
0	0	0	0	0	0	4.35609187825162e-05
0	0	0	0	0	0	0.000536876880658234
0	0	0	0	0	0	5.15852003141823e-05
0	0	0	0	0	0	0.000697104204055228
0	0	0	0	0	0	0.000283849751739926
0	0	0	1e-04	1e-04	0	0.00126478519028841
0	0	0	0	0	0	0.00137345237968455
0.0013	0.0033	2e-04	0.008	0.0036	0.0029	0.0995933900485296
0	0	0	0	0	0	0.00131121456946814
0	0	0	0	0	0	0.000825872264782233
0	0	0	1e-04	1e-04	0	0.00101039398633325
0	0	0	0	0	0	0.00116608929486852
0	0	0	0	0	0	5.56198057602717e-05
0	0	0	0	0	0	1.33236766726779e-05
0	0	0	0	0	0	0.000243965313480524
0	0	0	0	0	0	0.0038235278658241
0	0	0	0	0	0	0.000117591044004881
0	0	0	0	0	0	0.00200787737510408
0	1e-04	0	5e-04	0	0	0.00312647186417955
0	0	0	0	0	0	0.000103440905737447
0	0	0	0	0	0	2.84508808667794e-06
3e-04	1e-04	0	4e-04	0	1e-04	0.00734747613897417
0	0	0	2e-04	3e-04	3e-04	0.00371669438358105
0	0	0	0	0	0	1.7758686968303e-09
0	0	0	0	0	0	2.33059156783495e-05
0	0	0	6e-04	3e-04	3e-04	0.0104839101577043
0	0	0	0	0	0	6.18994096212609e-06
0	1e-04	1e-04	0	0	0	0.00413573349135483
0	0	0	0	0	0	4.63648775441497e-05
0	0	0	0	1e-04	0	0.000825672235627492
0.0019	4e-04	2e-04	0.0039	0.0014	0.0036	0.0522651003673079
0	0	0	0	0	1e-04	0.000627049794894424
0.025	0.0255	0.0027	0.055	0.0258	0.0268	0.231889255559089
1e-04	1e-04	1e-04	0.0012	8e-04	5e-04	0.0267620433403917
0	0	0	0	0	0	0.000190605272584306
0	0	0	7e-04	2e-04	0	0.0050139101709082
0	0	0	4e-04	0	2e-04	0.0094576755070764
3e-04	0	0	4e-04	2e-04	1e-04	0.00469364879193017
0.0234	0.024	0.002	0.0618	0.0238	0.023	0.280488989707163
0	0	0	0	0	0	0.00012179980186806
0	0	0	0	0	0	1.31744821289384e-06
0	0	0	0	0	0	1.58139372829963e-05
0	0	0	0	0	0	2.47696835043972e-05
0	0	0	0	0	0	2.02420763965073e-06
0	0	0	0	0	0	0.0002766734993599
0	0	0	0	0	0	8.45334785579499e-05
0	0	0	0	0	0	0.000340337095637872
0	0	0	5e-04	0	2e-04	0.00414117917045395
3e-04	2e-04	0	0.002	4e-04	0.0014	0.0357160007786163
0	0	0	0	0	0	2.51965615428362e-06
0	0	0	0	0	0	2.1043278828745e-06
0	0	0	0	0	0	9.43663438886311e-06
9e-04	6e-04	3e-04	0.0024	0.001	0.001	0.0404927429532822
0	0	0	0	0	0	0.000778384569398314
0	0	0	0	0	0	0.00103028851952357
0	1e-04	0	1e-04	0	0	0.00155987301825994
1e-04	1e-04	0	0.0014	2e-04	2e-04	0.0130155280553564
2e-04	1e-04	2e-04	0.0014	0.001	0.0015	0.0329342878322567
0	0	0	0	0	0	4.63206358282635e-05
0	0	0	0	1e-04	0	0.000903790934162875
0	0	0	0	0	0	4.93161508039412e-05
2e-04	2e-04	1e-04	0.0014	7e-04	2e-04	0.028258241210634
0	0	0	0	0	0	0.000104284707076824
0	0	0	0	0	0	4.07635961542763e-05
0	0	0	5e-04	0	1e-04	0.00443960942656548
0.0013	8e-04	0	0.0018	0.0011	0.001	0.0243518373636571
0	0	0	0	0	0	0.000639408360568263
0	0	0	0	0	0	0.000106446012558952
0	0	0	0	0	0	7.35606281498535e-08
0	1e-04	0	0	1e-04	0	0.00228593303579227
0	0	0	1e-04	0	0	0.0058169857843087
0	0	0	2e-04	0	0	0.00156452996391026
0	0	0	0	0	0	3.53967199669348e-06
0	0	0	0	0	0	1.81413526744624e-05
0	0	0	0	0	0	0.00016779530496392
0	0	0	1e-04	0	0	0.00117537725347383
2e-04	0.0011	1e-04	0.0016	7e-04	3e-04	0.0253820651467023
1e-04	0	1e-04	0.001	2e-04	1e-04	0.0104040001252924
0.0147	0.0122	9e-04	0.0228	0.0108	0.0126	0.176555228602746
0	0	0	0	0	0	9.09587719495815e-09
0	0	0	0	0	0	2.96807130288699e-05
2e-04	0	0	1e-04	0	1e-04	0.00149929345296641
0	0	0	0	0	0	0.00139469556894572
0	0	0	0	0	0	6.35271410098358e-05
0	0	0	2e-04	0	4e-04	0.000477484632511156
0	0	0	0	0	0	1.58300937567943e-06
0	0	0	0	0	0	0.000367085706444872
0	0	0	0	0	0	0.00253699650640953
0.0011	5e-04	1e-04	0.0024	0.0025	0.0015	0.0361510948430277
0	0	0	0	1e-04	0	0.000209170993480994
0	0	0	0	0	0	4.82273928069549e-05
0	0	0	0	0	0	0.000209677519395679
3e-04	0	0	0	0	0	0.000178206140052215
4e-04	0	0	5e-04	1e-04	3e-04	0.0125775885438137
0.0076	0.0079	5e-04	0.014	0.0074	0.0085	0.0960056960961997
0	0	0	5e-04	0	0	0.0094821912929026
0	0	0	0	0	0	2.76541499178409e-05
0	0	0	0	0	0	4.32959245519771e-07
1e-04	0	0	0	0	0	0.00508660698942261
0	1e-04	0	1e-04	1e-04	1e-04	0.00997956206279065
0	0	0	2e-04	3e-04	0	0.0080981851261077
0	1e-04	0	2e-04	0	0	0.000626901251388434
0	0	0	0	0	0	2.81381429652209e-05
2e-04	4e-04	0	3e-04	3e-04	6e-04	0.00519494461632934
5e-04	2e-04	0	8e-04	4e-04	4e-04	0.0189789623057697
9e-04	0.001	4e-04	0.0025	0.0021	0.0014	0.0431828608879843
0	0	0	0	0	0	7.85598615593742e-07
0.0024	0.0025	1e-04	0.0059	0.0012	0.0024	0.0263736026761883
0	0	0	0	0	0	1.37506677517582e-05
0	0	0	0	0	0	0.000130459235418553
0	0	0	0	0	0	5.23417187005836e-05
0	0	0	0	1e-04	0	0.000131127634507873
0	0	0	0	0	1e-04	0.000371215293332022
