FMP	RMP	FPP	UPP	ANPP	NPP	ANCOVA
0.6626	0.6675	0.115	0.5897	0.4554	0.4552	0.760172476694436
0.9703	0.9745	0.2006	0.9464	0.8866	0.9026	0.976183217418409
0.7992	0.7979	0.0888	0.7163	0.5828	0.5746	0.82864387285634
0.3508	0.3329	0.0619	0.4239	0.2551	0.2659	0.7274802895326
0.1709	0.1793	0.033	0.2232	0.1244	0.1302	0.41463881029112
0.9326	0.9289	0.2097	0.8915	0.7823	0.7753	0.948930049761714
0.4411	0.4357	0.0275	0.3595	0.2487	0.2499	0.476011266332028
0.6543	0.6336	0.1044	0.6165	0.4227	0.4454	0.82491823999239
0.2651	0.2671	0.026	0.2272	0.1398	0.1462	0.405394180592877
0.7963	0.8171	0.1233	0.7251	0.5926	0.5946	0.84164014457776
0.6529	0.6472	0.0587	0.5671	0.4001	0.4086	0.714591724686606
0.1127	0.1169	0.0352	0.2126	0.1283	0.1212	0.483457433097637
0.0999	0.0962	0.0545	0.2634	0.1578	0.1551	0.620227588516844
0.9723	0.9699	0.3198	0.941	0.884	0.8904	0.975310053331271
0.9254	0.9239	0.1734	0.867	0.7508	0.7447	0.946950421740149
0.2684	0.2677	0.0342	0.2223	0.1483	0.1464	0.354133726168387
5e-04	0.0013	0.001	0.0071	0.0045	0.0027	0.0653144734548755
0.3556	0.3382	0.0513	0.3225	0.2221	0.2207	0.514401364565554
0.4788	0.5008	0.0441	0.4409	0.281	0.2934	0.648288676347287
0.6536	0.6662	0.0685	0.5766	0.3949	0.4021	0.764916181460522
0.0025	0.0056	0.0024	0.0129	0.0086	0.0087	0.083988412185017
0.0663	0.0739	0.0042	0.0745	0.0332	0.0373	0.157010080080149
0.9472	0.9454	0.1588	0.9011	0.8226	0.8219	0.950038515494411
0.853	0.8691	0.1671	0.7998	0.6306	0.6498	0.910178708093224
0.0984	0.097	0.0217	0.1923	0.0983	0.1022	0.492148957133014
0.3385	0.3466	0.0192	0.2663	0.1651	0.1694	0.393720045399067
0.6247	0.6087	0.0704	0.5679	0.4751	0.4886	0.643493598517023
0.0283	0.0235	0.0107	0.0864	0.0425	0.0439	0.287101581584331
0.3411	0.3428	0.0278	0.3078	0.1937	0.1748	0.486105826334921
0.811	0.8109	0.1324	0.7447	0.5874	0.5777	0.88227621979875
0.1648	0.1831	0.0534	0.3009	0.1874	0.18	0.598025410104873
0.8235	0.8233	0.104	0.7458	0.6326	0.6284	0.83567425357081
0.1778	0.1895	0.0439	0.2805	0.1558	0.1544	0.570384709600789
0.0026	0.007	0.0032	0.0216	0.0111	0.0118	0.123838391878236
0.1909	0.1721	0.0379	0.2812	0.1464	0.1545	0.583387645149967
0.0034	0.0014	0.0037	0.0138	0.0102	0.0087	0.111419265979479
0.0444	0.0423	0.0038	0.067	0.0315	0.0352	0.194539128041542
0.0214	0.0264	0.0066	0.0593	0.0241	0.0256	0.2131289576535
0.0813	0.0804	0.0246	0.1625	0.098	0.0907	0.435338887389486
0.9412	0.9353	0.2127	0.885	0.7686	0.7723	0.960368769625034
0.7454	0.7643	0.0939	0.6814	0.4978	0.4972	0.843151443772591
0.2586	0.2751	0.0677	0.3762	0.2349	0.2352	0.675709539240233
0.0557	0.0516	0.0144	0.1277	0.0619	0.0702	0.345598600704042
0.1166	0.1065	0.0152	0.1363	0.0805	0.077	0.296948220893018
0.0399	0.0357	0.0205	0.1206	0.0693	0.0708	0.437189633409354
0.6633	0.6472	0.0464	0.5387	0.3758	0.3944	0.705050839171607
0.0326	0.0296	0.0065	0.0654	0.0329	0.0324	0.218904241291154
0.0417	0.0442	0.0056	0.0641	0.0321	0.0307	0.15613091057406
0.099	0.0938	0.0342	0.2179	0.1158	0.1228	0.603247467781262
0.0579	0.0555	0.0051	0.0604	0.0306	0.0294	0.15012963468917
0.0013	4e-04	4e-04	0.0037	0.0018	0.0013	0.0357250830998949
0.183	0.1826	0.0098	0.1477	0.0793	0.087	0.253357785936803
0.0105	0.0116	0.0013	0.0251	0.0092	0.0124	0.0838456728673163
0.0558	0.0541	0.0065	0.0702	0.0355	0.0365	0.195256510438198
0.0045	0.0035	0.0024	0.0179	0.0062	0.0094	0.12059689240647
0.1185	0.1213	0.0385	0.2385	0.1417	0.1433	0.561689152565438
0.3309	0.3383	0.1124	0.4581	0.3197	0.3083	0.746454927175593
0.0046	0.0034	9e-04	0.0083	0.0053	0.0045	0.0408823097935339
0.7745	0.7697	0.1613	0.7021	0.5495	0.5458	0.850551884194958
0.8526	0.8658	0.1595	0.8066	0.6237	0.6402	0.943542795271595
0.0286	0.0286	0.0039	0.0438	0.0263	0.0214	0.145958933687284
0.0433	0.0408	0.007	0.0784	0.0421	0.04	0.260974603167175
0.3898	0.3854	0.0326	0.3705	0.2221	0.2134	0.615889277133864
0.5152	0.5208	0.0553	0.4323	0.357	0.346	0.537930358738408
0.2316	0.2374	0.0197	0.2228	0.1214	0.1321	0.415329269216423
0.0138	0.0129	0.0107	0.0633	0.0268	0.035	0.318158606826913
0.0334	0.0344	0.0114	0.0908	0.046	0.0477	0.292472267924423
0.1632	0.1741	0.0309	0.2224	0.1293	0.1296	0.44026910385909
0.0177	0.0205	0.0073	0.06	0.0259	0.03	0.268337792533424
0.1868	0.1944	0.0381	0.2931	0.1588	0.1645	0.579648698627469
9e-04	5e-04	9e-04	0.0047	0.0023	0.0021	0.0365031868797236
0.1184	0.1189	0.0082	0.0941	0.058	0.0594	0.160256694318649
0.2782	0.2688	0.0635	0.4059	0.2316	0.2503	0.725902246806275
0.1279	0.1297	0.0041	0.103	0.0508	0.0489	0.237760441983698
0.0507	0.0526	0.0059	0.0825	0.034	0.0398	0.23840465760596
0.0073	0.0066	0.0044	0.0267	0.0169	0.013	0.110132278836064
0.0724	0.0649	0.0225	0.1663	0.0877	0.0871	0.482335260139526
0.0032	0.0033	2e-04	0.0096	0.0028	0.0032	0.0345480849247546
0.365	0.3882	0.1032	0.5066	0.3247	0.3249	0.815614448332966
0.2952	0.3046	0.04	0.3432	0.2054	0.2055	0.603560691241479
0.1606	0.1547	0.0115	0.1587	0.0798	0.0862	0.33710891438809
0.3868	0.3812	0.0844	0.4296	0.283	0.2909	0.680753752626264
0.1422	0.1344	0.0111	0.1416	0.0665	0.0749	0.295595071619302
0.1711	0.1679	0.0644	0.3496	0.1994	0.2001	0.756204391716263
0.3015	0.2924	0.0195	0.2961	0.1404	0.1555	0.539942531848643
0.0377	0.0368	0.0305	0.1368	0.0817	0.0918	0.471399380158465
0.057	0.0501	0.0114	0.0803	0.043	0.0457	0.199481984579016
0.0107	0.0121	0.0043	0.0339	0.0162	0.0178	0.16063239335997
0.3057	0.31	0.0245	0.2535	0.1634	0.1613	0.377962149465758
0.3647	0.379	0.0273	0.2829	0.2078	0.2053	0.40515105440132
9e-04	4e-04	0.001	0.0052	0.004	0.0031	0.0429393467587677
0.8795	0.8764	0.1369	0.7968	0.6787	0.6825	0.893781365489692
0.8382	0.8265	0.1835	0.7983	0.6108	0.6204	0.932236206161052
0.9573	0.9535	0.3623	0.9284	0.8433	0.8306	0.982961910571016
0.2052	0.1964	0.0249	0.2223	0.133	0.1285	0.392200632697879
0.4351	0.4331	0.0327	0.3874	0.2369	0.2199	0.61389012449043
0.0549	0.0495	0.0132	0.1252	0.0618	0.0617	0.409525187100133
0.1058	0.1068	0.0166	0.1383	0.0825	0.079	0.27919838832386
0.0108	0.0107	0.0024	0.0285	0.0145	0.0117	0.136099974277987
0.1632	0.163	0.0115	0.1708	0.0907	0.0899	0.357187955269463
0.8378	0.8365	0.1372	0.7584	0.6313	0.6294	0.859575299303277
0.0011	8e-04	2e-04	0.0015	0.002	0.0014	0.0112396182430442
0.636	0.6226	0.0632	0.6261	0.4048	0.3898	0.843076450947911
0.8901	0.8806	0.1704	0.8134	0.6735	0.673	0.922874085138575
0.8771	0.8575	0.1587	0.7875	0.626	0.6382	0.910808446058983
0.5997	0.5936	0.0847	0.5269	0.3845	0.3723	0.728199175576071
0.4985	0.5355	0.0769	0.5212	0.3367	0.3355	0.751920905137915
0.0151	0.0167	0.0051	0.0525	0.0227	0.0215	0.222801174472522
0.0102	0.0093	0.0066	0.0413	0.0236	0.0224	0.218745920305627
0.2353	0.2318	0.0117	0.2072	0.1016	0.1106	0.400637502717863
0.1421	0.1398	0.026	0.2342	0.1197	0.1234	0.543170307116461
0.0467	0.0464	0.0016	0.0303	0.0208	0.0197	0.0498621400155612
0.7765	0.7679	0.0873	0.6872	0.5972	0.6028	0.783097274856541
0.3784	0.39	0.0501	0.4012	0.2454	0.255	0.669177986529295
0.0802	0.0752	0.0057	0.0875	0.0413	0.0443	0.201942736746459
0.9923	0.9935	0.3676	0.9859	0.9722	0.9727	0.994717931600985
0.5473	0.5478	0.1436	0.6016	0.4327	0.4308	0.838236083701469
0.612	0.6285	0.0531	0.541	0.3707	0.3671	0.70865627415966
0.6088	0.593	0.0365	0.5065	0.3383	0.3402	0.66652040256594
0.4211	0.4456	0.0527	0.4044	0.2669	0.2625	0.644663034915747
0.7343	0.7254	0.1805	0.6703	0.5299	0.5309	0.845573901811385
0.5562	0.5662	0.0714	0.4703	0.3307	0.3465	0.645111055204461
0.0582	0.0608	0.0188	0.1282	0.0726	0.0665	0.341000911154721
0.5462	0.5502	0.0257	0.4658	0.3421	0.3493	0.57574027762922
0.2695	0.2845	0.0138	0.2396	0.1323	0.1285	0.433548768154993
0.0202	0.0205	0.0128	0.0854	0.0423	0.0374	0.343179447243643
0.8322	0.8277	0.1713	0.775	0.6243	0.5972	0.913103024551796
0.3812	0.3689	0.0175	0.2753	0.1682	0.1697	0.440036795768936
0.0037	0.0032	3e-04	0.0073	0.0022	0.0052	0.0263440269539382
0.054	0.0577	0.0253	0.1585	0.0778	0.084	0.500759514527467
0.0167	0.0146	0.0124	0.0661	0.0339	0.0362	0.306944806545872
0.0043	0.0042	8e-04	0.0101	0.0044	0.0055	0.0530033898874517
0.3345	0.3728	0.0237	0.3376	0.1875	0.1943	0.589143092326428
0.3449	0.3508	0.0724	0.4566	0.273	0.2756	0.750874539277595
0.001	6e-04	0	0.0021	0.0011	7e-04	0.00521957141042724
0.1016	0.1024	0.0036	0.0832	0.0429	0.0427	0.185003463254346
0.134	0.1313	0.0101	0.1139	0.0629	0.0624	0.210717698828497
0.9449	0.9392	0.3949	0.9346	0.8339	0.831	0.987252475912675
0.0218	0.0232	0.0216	0.1051	0.056	0.055	0.385961017425927
0.2945	0.3114	0.0717	0.3575	0.2439	0.2379	0.609098071134724
0.0019	0.0029	6e-04	0.0049	0.0034	0.0021	0.0190771503972175
0.2046	0.2221	0.0501	0.2778	0.1684	0.1654	0.538419937669264
0.3386	0.3593	0.0366	0.2971	0.1964	0.1942	0.481718461706959
0.4693	0.483	0.0679	0.5288	0.314	0.319	0.810924730850593
3e-04	2e-04	4e-04	0.0022	0.002	8e-04	0.0176067688628087
0.1836	0.1892	0.0248	0.188	0.1139	0.1058	0.3766256074505
0.0586	0.055	0.0145	0.125	0.0614	0.0647	0.339917740296358
0.4589	0.4616	0.0537	0.3969	0.2626	0.2754	0.579219362150212
0.0587	0.0643	0.0095	0.0961	0.0476	0.0458	0.21832489496209
0.0766	0.0773	0.024	0.1637	0.0831	0.0846	0.430840571198419
0.412	0.4226	0.0188	0.3348	0.2361	0.2409	0.449335364862852
0.4988	0.4774	0.0315	0.4002	0.2586	0.2656	0.579183623258893
0.2234	0.2436	0.0171	0.2121	0.1275	0.1278	0.362751307915033
0.5545	0.5379	0.0843	0.5475	0.3693	0.3721	0.795542047052134
0.1712	0.1688	0.0322	0.2168	0.1279	0.1321	0.440550531901626
0.6227	0.6331	0.0661	0.5903	0.3793	0.3817	0.797709463063226
0.0668	0.068	0.0261	0.1637	0.0983	0.097	0.50193928619461
5e-04	8e-04	0	0.0013	7e-04	2e-04	0.00434067278831552
0.2984	0.3382	0.0241	0.3182	0.1678	0.1797	0.56721660793853
0.094	0.0995	0.0482	0.2395	0.146	0.1518	0.581399739397352
0.3416	0.34	0.0771	0.4207	0.2685	0.2588	0.696626315369399
2e-04	9e-04	0	0.0032	6e-04	0.0012	0.0174137401477055
0.2104	0.1986	0.0226	0.2641	0.1298	0.1368	0.534158427499103
0.5831	0.5953	0.0692	0.5574	0.3615	0.3737	0.792981319103221
0.5287	0.5374	0.0464	0.4833	0.3146	0.3179	0.737376339338811
0.9297	0.9245	0.1954	0.88	0.746	0.7413	0.95060431649878
0.0277	0.0291	0.0017	0.0245	0.0121	0.013	0.0437306921307274
0.4333	0.4192	0.0355	0.3805	0.2258	0.2356	0.601880619288401
0.2125	0.1908	0.0646	0.3379	0.2121	0.2126	0.635181868686591
0.8111	0.8148	0.165	0.7866	0.5978	0.5957	0.927016479254673
0.8599	0.8723	0.1205	0.7982	0.6947	0.6931	0.879339295333611
0.0977	0.102	0.0259	0.223	0.1096	0.1092	0.580930067271593
0.9801	0.9827	0.3255	0.9705	0.9487	0.9449	0.986445797723061
0.0028	0.0031	0.0051	0.0186	0.0114	0.011	0.143614034312669
0.4513	0.4446	0.0632	0.4766	0.2954	0.2947	0.726732095124893
0.2353	0.2169	0.012	0.1829	0.1109	0.108	0.307259537385174
0.4063	0.4185	0.0615	0.3943	0.2618	0.2575	0.600021088615837
0.0328	0.029	0.0106	0.1052	0.0522	0.0497	0.350950959264602
0.7431	0.7479	0.1462	0.6749	0.5191	0.5167	0.859251326982001
0.1033	0.1065	0.0052	0.1132	0.0505	0.0505	0.260640263107909
0.4251	0.4249	0.0231	0.3403	0.2164	0.2131	0.522209222691412
0.0087	0.006	0.0062	0.0366	0.017	0.0183	0.208875203941093
0.1187	0.1488	0.0412	0.2896	0.1623	0.1593	0.681430973496567
0.8675	0.8562	0.1803	0.8163	0.661	0.6689	0.933475706593821
0.5848	0.5798	0.1475	0.6632	0.4809	0.474	0.906224590577689
0.534	0.5145	0.0854	0.5276	0.3624	0.3489	0.767899562613659
0.4243	0.3904	0.0443	0.3931	0.2484	0.2404	0.616929848176736
0.3521	0.3422	0.0329	0.3612	0.2068	0.2109	0.607550522330911
0.3244	0.3524	0.0575	0.4046	0.2428	0.249	0.673205009748087
0.0445	0.0434	0.0086	0.0853	0.0389	0.0395	0.248997366412132
0.1331	0.1322	0.007	0.1077	0.0629	0.0564	0.192933646261718
0.4294	0.427	0.149	0.5725	0.4025	0.4036	0.843753573290805
0.0808	0.0787	0.0122	0.1205	0.0663	0.0649	0.282351621380774
0.5467	0.5417	0.0851	0.5174	0.3544	0.3597	0.743039898318988
0.2835	0.2758	0.0715	0.4049	0.2475	0.2574	0.72201916306095
0.0029	0.0015	0	0.0047	0.0021	0.0016	0.014714766832442
0.8377	0.8441	0.1104	0.7713	0.6547	0.6613	0.854423145453803
0.0015	0.0011	0.001	0.0059	0.0027	0.0039	0.0645748779887081
0.5066	0.5098	0.0449	0.4141	0.2818	0.2853	0.587742371605817
0.7593	0.7618	0.1579	0.7144	0.5494	0.5535	0.90587449342973
0.7721	0.767	0.0686	0.6873	0.5652	0.5608	0.790282247482704
0.4682	0.4704	0.0645	0.4493	0.2947	0.2925	0.66222038544976
0.4619	0.4654	0.032	0.4045	0.2668	0.2457	0.629897263942812
0.0015	3e-04	2e-04	0.0035	0.0017	0.0011	0.0193427555645755
0.3609	0.3641	0.0524	0.4025	0.2421	0.2541	0.648062324746195
0.991	0.9907	0.4237	0.9822	0.9627	0.9564	0.992843143046233
0.0161	0.0184	0.0036	0.0407	0.018	0.0187	0.141227635505483
0.4793	0.4767	0.0347	0.3892	0.2756	0.2774	0.528812622657123
0.4855	0.4753	0.084	0.4555	0.3087	0.3225	0.675723543169176
0.9363	0.9303	0.2078	0.8929	0.7617	0.7758	0.959291891461663
0.4072	0.3817	0.0793	0.4316	0.2929	0.2854	0.679508042800345
0.0401	0.043	0.0064	0.0583	0.0262	0.0269	0.141404109834854
0.6268	0.6172	0.0924	0.5807	0.3957	0.4123	0.783430032978784
0.6643	0.6721	0.0797	0.5742	0.4418	0.4415	0.740765118454717
0.695	0.6907	0.1697	0.7187	0.5288	0.5278	0.911012820242988
0.7281	0.7289	0.2353	0.7949	0.6182	0.6324	0.957631682742889
0.0965	0.1034	0.0142	0.1415	0.0757	0.0755	0.351613634859722
0.2334	0.2398	0.0079	0.1845	0.096	0.0985	0.31662327230798
0.0057	0.003	0.0028	0.0163	0.0073	0.0086	0.083223284750872
0.6832	0.699	0.1268	0.609	0.4649	0.4689	0.775366433986373
0.1974	0.1935	0.0363	0.2885	0.1549	0.1628	0.604690191459277
0.0159	0.0163	0.003	0.0359	0.0163	0.0171	0.129618234552915
0.4752	0.4823	0.0336	0.4303	0.2546	0.2417	0.668939502351942
0.7601	0.7564	0.2635	0.8029	0.6454	0.6461	0.958404030614654
0.1523	0.142	0.0142	0.1482	0.088	0.0843	0.292897763811921
0.101	0.0894	0.0351	0.2091	0.1242	0.1204	0.494344117349691
0.0153	0.0158	0.0128	0.0596	0.0327	0.0308	0.27936465419788
0.015	0.013	0.0029	0.0248	0.0119	0.0129	0.0713586627535567
0.0186	0.0197	0.0066	0.0542	0.028	0.0299	0.181475986850639
0.612	0.6034	0.0955	0.5451	0.3932	0.3922	0.753880237187025
0.0295	0.0222	0.0137	0.0934	0.045	0.045	0.299880106484281
0.0112	0.0138	4e-04	0.0104	0.0065	0.006	0.0255531815973056
0.0503	0.0531	0.004	0.0491	0.0254	0.0216	0.09853618829765
0.4915	0.479	0.0475	0.4046	0.2899	0.2899	0.539874705570789
0.0011	2e-04	1e-04	0.0011	0.0013	3e-04	0.00798788466326318
0.0143	0.015	0.008	0.0557	0.0256	0.0285	0.217622006978951
0.8868	0.8976	0.2676	0.8425	0.7195	0.7254	0.932832524079795
0.0387	0.0377	0.003	0.0414	0.0167	0.0244	0.09967714572913
0.0277	0.0217	0.0277	0.1236	0.0684	0.0644	0.464457817419241
0.1274	0.1295	0.0092	0.1093	0.0622	0.0666	0.196424575141125
7e-04	1e-04	9e-04	0.0036	0.0038	0.002	0.0556447917148103
0.2108	0.2112	0.0414	0.2966	0.1721	0.1815	0.565908933534296
0.0277	0.0245	0.001	0.0201	0.0108	0.0123	0.0401705683303827
0.9705	0.9604	0.2944	0.9226	0.827	0.8258	0.981291634184622
0.0075	0.0085	0.0051	0.039	0.0177	0.0185	0.20704587027165
0.0232	0.0202	0.0071	0.0596	0.028	0.0298	0.195473171957856
0.432	0.4448	0.105	0.5464	0.3599	0.3591	0.825086501418099
0.0553	0.057	0.0041	0.0515	0.0255	0.028	0.0998909168151784
0.0324	0.0342	0.0071	0.0814	0.0353	0.0382	0.293365539809662
0.0178	0.0176	0.0059	0.0439	0.0236	0.0218	0.168635274123802
0.0035	0.0045	0.0013	0.0139	0.0052	0.0075	0.0951496676743153
0.0628	0.0645	0.0038	0.0648	0.0329	0.0304	0.139893638600618
0.3416	0.3312	0.0436	0.3459	0.2165	0.2149	0.566537618952515
0.3127	0.3224	0.1341	0.5334	0.3528	0.3504	0.857524089116395
0.0179	0.0188	0.0138	0.0772	0.0426	0.0398	0.273532515445155
0.1246	0.1304	0.0225	0.1946	0.1053	0.1028	0.455517764118934
0.0436	0.0453	0.0048	0.0428	0.0226	0.0242	0.0835341578260129
0.2277	0.2433	0.0196	0.2051	0.1161	0.1212	0.337964798352148
0.0665	0.0638	0.0024	0.0672	0.0278	0.0275	0.155158131789903
0.0469	0.0458	8e-04	0.0322	0.0201	0.0174	0.0509716361991409
1e-04	3e-04	1e-04	9e-04	1e-04	0	0.00647652521114888
0.6805	0.6676	0.107	0.6181	0.4342	0.4555	0.809577447931519
0.2644	0.2728	0.008	0.1941	0.1184	0.1291	0.304041932413946
0.4829	0.4734	0.104	0.5313	0.3603	0.3535	0.798204539912854
0.2741	0.2785	0.0213	0.2331	0.1487	0.1414	0.400407978831489
0.4215	0.4151	0.0393	0.3318	0.2391	0.2401	0.447515022005664
7e-04	0.0013	0.0019	0.0123	0.0075	0.007	0.128610002510742
0.2516	0.2736	0.0673	0.4028	0.2462	0.2513	0.720300501347964
0.1578	0.1483	0.0173	0.1871	0.1098	0.1056	0.393560477509072
0.635	0.642	0.0991	0.5798	0.4208	0.4171	0.782895704034481
0.047	0.0406	0.0136	0.1096	0.0543	0.0555	0.413131673597212
0.5627	0.5725	0.0494	0.5088	0.3246	0.3365	0.708404092322832
0.5797	0.5729	0.0725	0.5134	0.3523	0.3586	0.70506551186171
0.0442	0.051	0.0131	0.0896	0.0484	0.0482	0.282737588209654
0.212	0.2146	0.0095	0.1899	0.1059	0.1047	0.348626598675742
0.876	0.864	0.2634	0.839	0.705	0.7017	0.943159331917824
0.1675	0.1806	0.0161	0.1842	0.1013	0.1052	0.365797353190616
0.1738	0.1618	0.071	0.3719	0.2257	0.2256	0.777947258597108
0.998	0.9989	0.5806	0.9944	0.9809	0.9809	0.999307641602493
0.3708	0.3586	0.0472	0.38	0.2354	0.2211	0.647658371441363
0.0171	0.0169	0.0033	0.0343	0.015	0.0139	0.0981715289763083
0.0836	0.0846	0.0046	0.0893	0.0465	0.0421	0.190633243779298
0.0934	0.0971	0.0197	0.1701	0.0971	0.1034	0.47712414798974
0.0035	0.0055	5e-04	0.0123	0.0036	0.0049	0.0373942789346147
0.0111	0.0085	0.0106	0.0634	0.0286	0.0346	0.33518650184314
0	5e-04	3e-04	0.0011	3e-04	8e-04	0.0282383728546741
0.5582	0.538	0.0579	0.5088	0.3343	0.3394	0.706926729264823
0.991	0.992	0.4335	0.9834	0.9633	0.9635	0.993988531883508
0.7311	0.7395	0.0986	0.6687	0.4774	0.4766	0.856356409299902
0.292	0.2918	0.0257	0.2229	0.1739	0.1816	0.298957994596328
0.011	0.013	0.0165	0.0675	0.0446	0.0383	0.334610530867406
0.0284	0.0315	0.0089	0.0938	0.0396	0.0393	0.350786425573902
0.2133	0.2101	0.0569	0.3625	0.2136	0.206	0.713039604169903
0.5014	0.4966	0.0726	0.4886	0.3225	0.3318	0.720475698720403
0.0139	0.0193	0.0054	0.0416	0.0217	0.024	0.184936684616079
0.0444	0.043	0.0123	0.0913	0.049	0.0527	0.250492906529961
0.9631	0.9653	0.2479	0.9346	0.8545	0.8658	0.97387392371946
0.3866	0.387	0.0391	0.3211	0.2118	0.203	0.493121238943171
0.5611	0.5808	0.1111	0.5565	0.3993	0.4014	0.771288940874725
0.7444	0.749	0.154	0.6838	0.5333	0.5291	0.841721608270378
0.3665	0.3816	0.0735	0.4375	0.2679	0.2815	0.703745022742564
0.8584	0.8484	0.1361	0.7889	0.6296	0.6358	0.921554777483907
0.5514	0.5512	0.0329	0.4583	0.3412	0.3376	0.586726495768958
0.0024	0.0016	5e-04	0.0044	0.002	0.0037	0.0361193984087044
0.8423	0.8435	0.0959	0.7506	0.5777	0.569	0.89532962063733
0.1495	0.1514	0.0055	0.1072	0.0711	0.0644	0.156365729061172
0.0322	0.0327	0.0133	0.0976	0.0498	0.0495	0.338537082957909
0.005	0.004	0.0049	0.0272	0.0108	0.0114	0.168198887268527
0.346	0.3287	0.1177	0.4559	0.3105	0.3084	0.735385550263298
0.2474	0.2339	0.0218	0.256	0.1516	0.1525	0.514669934811258
0.7464	0.7481	0.1072	0.69	0.4876	0.4983	0.851673354260878
0.0121	0.0143	0.0095	0.0583	0.0276	0.0329	0.276337113631014
0.3225	0.3322	0.0138	0.2614	0.153	0.162	0.388509280799877
0.4183	0.3881	0.0623	0.4378	0.2721	0.261	0.689304223971351
0.638	0.6438	0.0784	0.5765	0.4059	0.3966	0.783499724494744
0.009	0.0084	0.0078	0.0396	0.0216	0.0219	0.240725050466247
0.0888	0.0907	0.0071	0.0993	0.0494	0.0516	0.229911564234085
0.106	0.1152	0.0131	0.1208	0.0686	0.0574	0.250593692035839
0.4094	0.3998	0.0297	0.3339	0.2059	0.209	0.528551638748467
0.0807	0.0864	0.0462	0.2043	0.1259	0.1265	0.486192316438313
0.0654	0.0686	0.0014	0.0481	0.0246	0.026	0.0838900837887153
0.2209	0.2398	0.0098	0.1732	0.1027	0.0978	0.293568711625586
0.5225	0.5302	0.058	0.5373	0.3411	0.3414	0.784314001464991
0.0076	0.0103	0.0063	0.0379	0.0253	0.0267	0.220336496990151
0.0282	0.0254	0.0081	0.0601	0.0293	0.0321	0.159243650772282
0.1214	0.14	0.0292	0.2229	0.1184	0.119	0.533787341256269
0.5577	0.5637	0.0409	0.4568	0.3378	0.3496	0.58896830795051
0.0123	0.0106	0.0088	0.0522	0.0333	0.0289	0.300543372804503
0.8895	0.892	0.1274	0.8271	0.7034	0.7077	0.909731863200369
0.6467	0.6354	0.09	0.5872	0.4051	0.412	0.787378782826973
0.2289	0.2353	0.0182	0.2557	0.1364	0.1349	0.466700151870238
0.0376	0.0365	0.005	0.056	0.0237	0.0254	0.153890361502161
0.013	0.0176	0.0021	0.0335	0.0185	0.0123	0.125474254931438
0.2415	0.2367	0.0276	0.2259	0.1326	0.1276	0.379314127538991
0.0037	0.0037	0.006	0.0229	0.0123	0.0138	0.192691839237848
0.0069	0.0074	8e-04	0.0053	0.0034	0.0026	0.017269027994352
0.4028	0.404	0.0516	0.4077	0.2519	0.2515	0.650477175803747
0.0078	0.0048	0.0086	0.0439	0.0254	0.0233	0.250664676477417
0.8559	0.8669	0.1318	0.7945	0.6659	0.6709	0.889936073265582
0.6827	0.687	0.0799	0.5911	0.4327	0.4353	0.749523835902139
0.1688	0.1834	0.0197	0.2183	0.1209	0.1224	0.469852540248655
0.1681	0.1668	0.0314	0.2333	0.1229	0.128	0.479151565165322
0.2041	0.2149	0.028	0.2743	0.1574	0.1597	0.568882599935296
0.0337	0.0286	0.0104	0.0743	0.0389	0.0382	0.235213327802003
0.0662	0.0695	0.0204	0.1323	0.0743	0.0803	0.353732031417244
0.173	0.181	0.0072	0.1297	0.0815	0.0799	0.209509778424316
0.1238	0.1224	0.0188	0.1848	0.0887	0.1042	0.42986831316885
0.425	0.4477	0.0766	0.5161	0.3166	0.3304	0.804202665777307
0.9469	0.9558	0.3168	0.9262	0.8113	0.8176	0.979616137912893
0.4136	0.4227	0.0398	0.3512	0.228	0.2293	0.525535028323846
0.3037	0.3018	0.0153	0.239	0.1396	0.1494	0.396903026191413
0.6903	0.634	0.1366	0.6751	0.4935	0.4891	0.867954259855086
0.0696	0.0662	0.0319	0.178	0.1065	0.1067	0.488839176067325
0.7006	0.7023	0.1074	0.6116	0.4714	0.4798	0.75289790007692
0.7391	0.7322	0.1534	0.6712	0.5148	0.5223	0.824337498588223
0.4045	0.4057	0.1169	0.4995	0.3353	0.3467	0.753524631930681
0.0155	0.012	0.003	0.0322	0.0132	0.0154	0.0895017258013195
0.8821	0.8848	0.0857	0.8272	0.7308	0.7394	0.901279679454201
0.0553	0.0584	0.0059	0.0734	0.0356	0.0358	0.20204901766499
0.7983	0.7781	0.0812	0.6892	0.5296	0.5428	0.826954047014611
0.4532	0.4416	0.073	0.5256	0.3324	0.3264	0.813880183548851
0.0984	0.0935	0.0186	0.1759	0.0901	0.1063	0.44966892886518
0.1835	0.1828	0.0131	0.1445	0.0857	0.0872	0.234330849004611
0.4032	0.3913	0.0879	0.5019	0.3277	0.3183	0.792809730108113
0.2328	0.2053	0.0248	0.2537	0.1505	0.1591	0.495856453046552
0.0091	0.0102	0.0124	0.0513	0.0262	0.0269	0.239282520963564
0	0	1e-04	2e-04	5e-04	2e-04	0.00377525613294137
0.7819	0.7804	0.1043	0.6817	0.5486	0.5529	0.799677262157305
0.0797	0.0783	0.0359	0.1932	0.1139	0.1178	0.515409372705915
0.008	0.0076	0.0059	0.0359	0.0195	0.0149	0.179785841355053
0.1185	0.107	0.0335	0.2143	0.116	0.1118	0.527103670738832
0.001	0.0012	0.0023	0.0061	0.0059	0.003	0.0415229990244342
0.2364	0.2248	0.0093	0.1957	0.0952	0.102	0.34891591438601
0.328	0.3164	0.0271	0.2862	0.1762	0.1748	0.449170006669967
0.3186	0.3092	0.0368	0.2885	0.1903	0.1758	0.482759666884196
0.8067	0.8149	0.1016	0.7212	0.6018	0.5979	0.829462059674877
0.2852	0.2751	0.0362	0.3255	0.1887	0.1878	0.619043378723
0.0266	0.0235	0.0083	0.0726	0.0343	0.0297	0.260299970613298
0.8042	0.8079	0.1407	0.7342	0.6096	0.6095	0.83579564426039
0.2392	0.2219	0.0753	0.3518	0.2328	0.2275	0.657786835731915
0.3702	0.3459	0.0834	0.4799	0.3051	0.3109	0.774600260095636
0.5636	0.595	0.0766	0.5273	0.3665	0.3747	0.721671776476517
0.0059	0.0057	0.0027	0.0264	0.0151	0.0156	0.125008808111788
0.5742	0.5834	0.1191	0.5933	0.4185	0.4215	0.824723477853891
0.3378	0.3234	0.0455	0.3183	0.2012	0.2143	0.539367995444231
0.0264	0.0265	0.0147	0.1048	0.0496	0.0563	0.36653051595141
0.3469	0.3413	0.0241	0.2918	0.1706	0.1863	0.433019077701654
0.452	0.4527	0.0417	0.3478	0.2614	0.2604	0.48007447340293
0.8474	0.8452	0.1009	0.7561	0.6044	0.6024	0.874763546188196
7e-04	1e-04	1e-04	3e-04	4e-04	4e-04	0.00122066048654082
0.8762	0.8649	0.1616	0.8168	0.7447	0.7518	0.879801436349146
0.1171	0.1174	0.013	0.1834	0.0879	0.0856	0.425772432884204
0.6728	0.6698	0.0886	0.5908	0.4442	0.4467	0.712190195430674
0.849	0.844	0.1899	0.7921	0.6607	0.6624	0.886852575899008
0.1507	0.1481	0.0408	0.2449	0.1515	0.1536	0.52866291732537
0.0023	0.0025	0.0033	0.0177	0.0101	0.008	0.139983824738094
0.2423	0.2229	0.0212	0.2527	0.1372	0.1414	0.474835375555888
0.0204	0.0246	0.0027	0.0239	0.0124	0.0121	0.0585619010009799
0.0161	0.014	0.0091	0.054	0.0254	0.0239	0.274984968701941
0.0395	0.0347	0.0192	0.1113	0.0625	0.062	0.36697045819763
0.007	0.0074	0.0012	0.016	0.0071	0.0047	0.0559301824828396
0.849	0.8504	0.1209	0.7833	0.7013	0.7105	0.864894320669097
0.6597	0.6823	0.0925	0.5754	0.4316	0.4217	0.739979954026951
0.6246	0.6193	0.0541	0.5175	0.3765	0.3786	0.663710537027332
0.6587	0.6575	0.1117	0.6808	0.4617	0.4636	0.884432449100088
0.2794	0.2766	0.0212	0.2283	0.1351	0.1398	0.366757110207894
0.3586	0.3682	0.1041	0.4655	0.303	0.3089	0.741202767795065
0.0097	0.0124	0.0109	0.056	0.0294	0.0285	0.327093626962535
0.7135	0.7195	0.0771	0.6085	0.4686	0.4641	0.750179216759139
0.3287	0.3418	0.0682	0.3824	0.2463	0.2467	0.646888696553326
0.2665	0.2919	0.0902	0.4167	0.2728	0.2755	0.756647923088277
0.0017	0.0025	3e-04	0.0035	0.0022	0.002	0.0151395581690095
0.7144	0.7325	0.0849	0.6438	0.4935	0.507	0.762316938364101
0.1991	0.2027	0.0415	0.2895	0.1733	0.1661	0.564006139993236
0.5232	0.5223	0.0425	0.437	0.2787	0.2929	0.612566282079584
0.1019	0.1001	0.0257	0.2035	0.1098	0.1081	0.470420729363171
0.5288	0.5317	0.0371	0.431	0.2978	0.2873	0.606417304932617
0.386	0.3689	0.0626	0.4115	0.2707	0.2582	0.677844237231855
0.0017	0.0019	0.0018	0.0102	0.0046	0.0041	0.0842059990901244
0.8135	0.8339	0.1452	0.7538	0.5803	0.6049	0.896542281607818
0.0809	0.0935	0.0084	0.1008	0.0458	0.0487	0.217382678636024
0.6153	0.6183	0.1759	0.6836	0.4987	0.5084	0.89445790008025
0.0164	0.0124	0.0074	0.0433	0.0226	0.0224	0.170744167787798
0.4194	0.3996	0.0525	0.442	0.2636	0.2807	0.712508018704752
0.7496	0.7565	0.1075	0.6684	0.5127	0.529	0.793503633769807
0.004	0.0021	0.007	0.0291	0.02	0.0188	0.192325364476884
0.8947	0.8934	0.2004	0.838	0.7136	0.7182	0.917419745286541
0.5791	0.5843	0.0878	0.601	0.3874	0.4003	0.847390135134492
0.6519	0.6422	0.0699	0.5586	0.4024	0.3938	0.73039724684213
0.0042	0.0053	0	0.0025	0.002	0.0016	0.00814943833791758
0.1825	0.1837	0.0716	0.3119	0.2105	0.2121	0.632485648665555
0.2359	0.2348	0.0168	0.2621	0.1405	0.1325	0.506916621075288
0.0419	0.0435	0.0036	0.0609	0.0266	0.0289	0.18771590728911
0.0028	0.0024	0.0052	0.0181	0.0093	0.0074	0.0965378385419464
0.5509	0.5761	0.0854	0.5233	0.3551	0.3644	0.731715645148471
0.2961	0.2852	0.0232	0.2485	0.1564	0.1384	0.408315589055556
0.0167	0.0171	0.0042	0.0379	0.0152	0.0173	0.131215425980937
0.5086	0.5158	0.0782	0.4839	0.3233	0.3322	0.714803451758434
0.0616	0.055	0.0106	0.1271	0.0559	0.0578	0.390636768882229
0.0969	0.0959	0.0103	0.1496	0.0723	0.0729	0.394763540000909
0.0386	0.0475	0.0036	0.0563	0.0319	0.0303	0.138875133637067
0.3121	0.3229	0.1083	0.5011	0.3096	0.3209	0.825845146120932
0.0127	0.0078	0.001	0.0096	0.0056	0.0061	0.0233783586265119
0.044	0.0501	0.0152	0.1017	0.0537	0.0547	0.281751170784087
0.0614	0.064	0.007	0.0943	0.0443	0.0397	0.269291250601168
0.1485	0.1441	0.0708	0.363	0.2154	0.2171	0.760462174400173
0.3378	0.352	0.027	0.2887	0.1751	0.1731	0.478224638475141
0.6463	0.6432	0.1019	0.5846	0.4173	0.4244	0.77314859330723
0.3935	0.4001	0.034	0.312	0.2346	0.2312	0.419079187162135
0.5868	0.6088	0.087	0.5953	0.3826	0.3855	0.861029019489764
0.1065	0.1082	0.0385	0.2307	0.1185	0.1225	0.55546868324129
0.125	0.1193	0.0146	0.1636	0.0863	0.0762	0.390105570010313
0.2513	0.2358	0.0309	0.2533	0.1526	0.1538	0.446192933626272
0.6926	0.6993	0.0657	0.5917	0.4176	0.4089	0.75830787796739
0.2122	0.2116	0.0191	0.2361	0.123	0.1194	0.481985868872801
0.0015	0.002	1e-04	0.0029	5e-04	0.0015	0.0122112302943238
0.2941	0.2961	0.0195	0.2499	0.15	0.1505	0.428487573499024
0.5302	0.5316	0.1176	0.4999	0.3632	0.3686	0.681598353895458
0.3605	0.3753	0.0713	0.4794	0.3018	0.2957	0.794434639212091
0.5007	0.5095	0.0291	0.4068	0.2582	0.268	0.569595385191181
0.492	0.5038	0.0409	0.3975	0.2739	0.2747	0.582847142317962
0.824	0.847	0.1423	0.7554	0.5947	0.594	0.886722533030076
0.113	0.1178	0.029	0.2282	0.1298	0.128	0.568386594587983
0.1783	0.2062	0.0147	0.2042	0.1006	0.1105	0.385149490055346
0.6188	0.6186	0.0516	0.4963	0.3601	0.36	0.669275916056829
0.0838	0.0917	0.0028	0.0604	0.0335	0.0328	0.111422402647082
0.8672	0.8934	0.1076	0.805	0.6231	0.631	0.915008464855216
0.6417	0.6492	0.0979	0.5564	0.4178	0.4287	0.755680944853716
0.0172	0.0205	0.0139	0.0813	0.0389	0.0395	0.351180922768834
0.0064	0.0051	0.0064	0.0227	0.0119	0.0144	0.165392388634587
0.0371	0.042	0.0324	0.1401	0.077	0.0859	0.455432410282063
0.1356	0.1299	0.0085	0.1149	0.059	0.0608	0.200585947858061
0.1297	0.1357	0.0308	0.2304	0.1269	0.1234	0.575967809069895
0.9337	0.9404	0.3503	0.9228	0.8102	0.8282	0.985659794765299
0.1417	0.1525	0.0298	0.2357	0.1309	0.1386	0.507343166101773
0.3291	0.3051	0.0382	0.3563	0.2091	0.2113	0.610685407544558
0.0518	0.0586	0.0153	0.1136	0.0693	0.0688	0.311336517253995
0.4199	0.4128	0.0293	0.3741	0.2248	0.2193	0.605602969834593
0.2392	0.2372	0.0247	0.2404	0.1456	0.1404	0.471811757745521
0.321	0.3492	0.0427	0.414	0.241	0.239	0.748467724974621
0.0825	0.0777	0.0279	0.1867	0.1004	0.0993	0.505448361425693
7e-04	7e-04	1e-04	0.0022	0	4e-04	0.00482405710193128
0.0085	0.0113	0.0021	0.0176	0.0066	0.0087	0.0595311906646559
0.0066	0.0074	0.0015	0.0122	0.0054	0.0055	0.0488935136764908
0.6718	0.665	0.0429	0.5612	0.4072	0.4089	0.725525245697155
0.0196	0.0196	0.0061	0.0701	0.0296	0.0315	0.328250871955959
0.2732	0.2627	0.0395	0.2961	0.1851	0.1954	0.524459082303832
0.0312	0.0323	0.0045	0.0437	0.0219	0.0258	0.130410962473037
0.1618	0.1627	0.0163	0.1932	0.1058	0.1025	0.437345934051081
0.0514	0.0518	0.0455	0.194	0.1191	0.1238	0.600738281719308
0.0956	0.0908	0.026	0.1794	0.1035	0.0974	0.420253139430956
0.7223	0.7104	0.1098	0.6301	0.465	0.4929	0.800250096246766
0.19	0.1862	0.0082	0.1341	0.0879	0.0801	0.221239549284881
0.5079	0.5137	0.0998	0.5151	0.3732	0.3718	0.751995754907005
0.9196	0.9346	0.2472	0.8779	0.7697	0.7616	0.9551714558123
0.2307	0.2443	0.0455	0.3293	0.1761	0.1767	0.629167941262961
0.9493	0.9531	0.2334	0.9076	0.793	0.791	0.96608318607628
0.2682	0.2776	0.0129	0.2256	0.1375	0.1336	0.336981847962207
0.9806	0.9801	0.4527	0.9552	0.9044	0.9001	0.987950272530322
0.9627	0.9503	0.2445	0.9262	0.8148	0.8165	0.983096123150757
0.0887	0.0917	0.0291	0.2138	0.098	0.1127	0.566303716680691
0.3316	0.3204	0.0639	0.4128	0.2526	0.2696	0.701541593041649
0.0046	0.0064	0.0029	0.0148	0.0103	0.0094	0.0855205485037358
0.1301	0.1362	0.0274	0.2266	0.1221	0.1228	0.537933721188105
7e-04	9e-04	0.001	0.0056	0.0028	0.0028	0.0475295522746043
0.4582	0.4419	0.1398	0.5485	0.3911	0.3809	0.813062074198057
0.9102	0.9057	0.1554	0.8524	0.7423	0.7515	0.918228146738578
0.0542	0.0542	0.0039	0.0542	0.0278	0.0328	0.129297778346389
0.0297	0.0309	0.0188	0.1168	0.0595	0.0574	0.427375486253248
0.1735	0.1948	0.017	0.208	0.1083	0.1236	0.444899195024211
0.0094	0.0113	0.003	0.0305	0.0142	0.0153	0.125630388125575
0.0015	0.0015	7e-04	0.0078	0.0043	0.0036	0.06079085373392
0.1039	0.1067	0.005	0.0865	0.0412	0.0475	0.183020492888745
0.0335	0.0274	0.0034	0.0411	0.0166	0.0202	0.121395537114444
0.1089	0.1071	0.0041	0.0859	0.0456	0.0461	0.145947288062909
0.9943	0.9944	0.5175	0.9858	0.9629	0.9679	0.994498820543606
0.006	0.0033	0.0024	0.0159	0.0099	0.0109	0.111600237806843
0.79	0.8029	0.0901	0.7071	0.5382	0.5263	0.857574521351454
0.0093	0.007	0.0025	0.0171	0.008	0.011	0.0966180214901085
0.074	0.0844	0.0038	0.0683	0.0376	0.0336	0.152076590872886
0.0074	0.0083	3e-04	0.0072	0.0036	0.003	0.0125212536067899
0.3807	0.3755	0.0371	0.3764	0.2205	0.2304	0.615468644833362
0.7681	0.7669	0.0916	0.6881	0.5755	0.5604	0.785494848020311
0.6892	0.6767	0.1349	0.6327	0.4834	0.4682	0.815183595832098
0.7504	0.7745	0.2893	0.7787	0.6332	0.6334	0.929481455492015
0.2118	0.2189	0.0492	0.3317	0.2018	0.1907	0.643739179939893
0.3202	0.3286	0.0214	0.2448	0.1707	0.175	0.343699209656849
0.5025	0.5324	0.0342	0.4325	0.2794	0.2709	0.631538051640345
0.9489	0.9417	0.2059	0.9014	0.8244	0.8172	0.956906234220727
0.7137	0.7215	0.1616	0.7077	0.5417	0.5264	0.873228733333934
0.0199	0.0202	0.0206	0.0852	0.0566	0.0555	0.391579161888846
0.0326	0.0378	0.0174	0.1215	0.0607	0.0624	0.449284962529363
0.1169	0.1135	0.0063	0.1073	0.0531	0.0575	0.213113201026674
0.9664	0.9677	0.5436	0.955	0.9025	0.9033	0.991588441194069
0.1497	0.1496	0.0071	0.1108	0.0586	0.0648	0.186596511822646
0.7275	0.6958	0.0847	0.6185	0.4466	0.4576	0.772502653423796
0.1455	0.1497	0.0098	0.148	0.0773	0.0766	0.306142853636627
0.162	0.1666	0.0232	0.2038	0.1122	0.1201	0.423359240591549
0.1743	0.174	0.0333	0.2932	0.1501	0.1523	0.652892360900961
0.1012	0.0929	0.017	0.1562	0.0765	0.0862	0.399612953138693
0.006	0.0051	0.002	0.0218	0.0096	0.0111	0.0868915398458992
0.0783	0.0727	0.0131	0.1287	0.0688	0.0685	0.36477837433283
0.0133	0.0139	0.0015	0.0189	0.0078	0.0077	0.0708935206026928
0.9564	0.9497	0.3812	0.9188	0.824	0.837	0.969223527089072
0.0613	0.0548	0.0055	0.0682	0.0319	0.0354	0.177321969138881
0.8699	0.8702	0.3512	0.8005	0.7168	0.7131	0.900050483884521
0.0165	0.0104	0.0034	0.0284	0.016	0.0162	0.0872599513240142
0.9516	0.9445	0.3244	0.9075	0.8063	0.8113	0.965784369472957
0.189	0.1891	0.0297	0.2284	0.1277	0.1378	0.460320933179651
0.8703	0.8653	0.2506	0.7955	0.6852	0.6708	0.894737777991251
0.9046	0.9027	0.1593	0.8437	0.7426	0.734	0.923133983254974
0.5186	0.4918	0.057	0.466	0.3082	0.308	0.680521551072675
0.9863	0.9833	0.3895	0.9734	0.9238	0.926	0.991879725105991
0.0685	0.0632	0.0043	0.0684	0.0278	0.0329	0.145620282793678
0.1843	0.17	0.0099	0.1527	0.0727	0.0817	0.265925628410035
0.3542	0.3568	0.0138	0.2627	0.172	0.1682	0.394348115351482
0.8085	0.7975	0.1946	0.7788	0.6019	0.6168	0.922219591756429
0.0111	0.0079	0.0032	0.0305	0.0147	0.017	0.106600849559325
0.9088	0.8985	0.2035	0.8446	0.7534	0.7637	0.919893700544874
0.0498	0.0461	0.0058	0.0787	0.043	0.0407	0.223398303544998
0.0046	0.0039	0.0027	0.015	0.0071	0.0072	0.0871377798625451
0.2305	0.22	0.0162	0.1962	0.1086	0.1117	0.377394188010948
0.9232	0.9306	0.2543	0.8721	0.7791	0.7686	0.952237001957721
0.2547	0.254	0.0089	0.2018	0.1501	0.146	0.279967159020756
0.3135	0.3041	0.0357	0.2913	0.1836	0.1747	0.486941353370206
7e-04	0.0021	0.001	0.0103	0.0045	0.0049	0.0693503538462568
0.0172	0.0203	0.0031	0.0384	0.0174	0.0157	0.145156039748331
0.0826	0.0809	0.0045	0.0997	0.0435	0.0457	0.244496334176551
0.0021	0.0034	0	0.0022	4e-04	9e-04	0.0106802474816891
0.3702	0.3633	0.0261	0.3273	0.1929	0.185	0.535971911320945
0.8144	0.8167	0.1259	0.7492	0.56	0.5707	0.899346439188086
0.0023	0.0038	0.0013	0.0064	0.0038	0.0075	0.0352051332138039
0.2684	0.2603	0.0135	0.2144	0.1449	0.1468	0.290068357520137
0.0987	0.0937	0.0142	0.1058	0.0615	0.0626	0.252661873831735
0.0127	0.0121	0.0043	0.0433	0.0197	0.0206	0.197389775021735
0.7393	0.7485	0.1265	0.7104	0.5248	0.518	0.882225371532897
0.0971	0.0938	0.0057	0.0894	0.0447	0.0449	0.182621728188373
0.0072	0.0086	0.0015	0.0183	0.0048	0.0082	0.0611321554260127
0.3631	0.3896	0.0348	0.3442	0.2118	0.2107	0.547356144963295
0.8649	0.8616	0.2252	0.8279	0.6771	0.6842	0.936412964888448
0.1519	0.1513	0.0092	0.1138	0.0694	0.0707	0.168025234145792
0.0185	0.017	0.012	0.0702	0.0359	0.0426	0.288029386630316
0.0056	0.0072	0.0071	0.0394	0.0189	0.023	0.237192984039583
0.6975	0.6879	0.0798	0.5782	0.4229	0.4367	0.743673650345279
0.2927	0.291	0.0111	0.2167	0.1445	0.143	0.328905856285734
0.2514	0.2462	0.0163	0.2046	0.1161	0.1136	0.346585878746845
0.5872	0.5372	0.0887	0.5643	0.4008	0.3792	0.812401654559009
0.2429	0.2284	0.0191	0.2114	0.1294	0.1361	0.39639133439475
0.0337	0.0367	0.0086	0.0888	0.0469	0.0479	0.30090416043704
0.8422	0.8571	0.081	0.7854	0.6633	0.6651	0.872777089362208
0.1753	0.176	0.0674	0.3283	0.2067	0.197	0.671380494137985
0.0691	0.0707	0.026	0.1959	0.0946	0.0989	0.512817625594786
0.0484	0.0479	0.014	0.1094	0.0613	0.0552	0.350334333619452
0.005	0.0029	0.0031	0.0202	0.0095	0.0115	0.150025987845596
0.1061	0.0952	0.006	0.0905	0.0456	0.0429	0.180673387908125
0.4127	0.4087	0.0458	0.3723	0.2466	0.233	0.540783596221948
0.9184	0.9219	0.1974	0.8772	0.8086	0.8197	0.932157828394639
0.7918	0.7883	0.1337	0.7115	0.5457	0.5642	0.858644447361784
0.0131	0.0117	0.0019	0.0234	0.0119	0.0097	0.0785228783885682
0.479	0.5032	0.0513	0.459	0.3021	0.2898	0.687027987832753
0.4375	0.4453	0.1804	0.6057	0.4398	0.4264	0.876399925502828
0.02	0.0362	0.0072	0.0705	0.0343	0.0396	0.248251678005583
0.0474	0.0541	0.0146	0.1138	0.0591	0.0628	0.303731764430426
0.7537	0.7556	0.1339	0.6679	0.5659	0.565	0.771289656555108
0.0107	0.0091	0.012	0.0412	0.0275	0.0265	0.185608619034407
0.1494	0.1316	0.0327	0.2315	0.1312	0.1212	0.481928305251909
1e-04	1e-04	0.0012	0.0011	6e-04	0.0012	0.0215337329154859
0.2139	0.2388	0.0321	0.2717	0.1682	0.1741	0.528482396030068
0.0058	0.0035	0.0025	0.0216	0.0102	0.014	0.126898518232552
0.3367	0.3284	0.0679	0.3886	0.2549	0.2362	0.664498249677398
0.1182	0.0996	0.0412	0.2791	0.1526	0.1403	0.664156051910884
0.2044	0.1995	0.0421	0.294	0.182	0.1679	0.582553738982232
0.0436	0.0412	0.0109	0.0947	0.0448	0.0492	0.288468579646936
0.0454	0.0446	0.0059	0.0635	0.0316	0.0306	0.178937095689341
0.4503	0.4357	0.0319	0.3876	0.2383	0.2435	0.613385934759518
0.1974	0.2151	0.0237	0.2223	0.1358	0.1227	0.443548017635687
0.8673	0.8548	0.1382	0.7933	0.6285	0.6219	0.900594515981397
0.4478	0.4396	0.0398	0.3608	0.2425	0.2511	0.508742945301955
0.2311	0.2248	0.0087	0.1703	0.1179	0.1143	0.252930149875289
0.1945	0.1959	0.0155	0.191	0.0986	0.0947	0.346358124778601
0.0667	0.0639	0.054	0.2132	0.1269	0.1307	0.641420667266157
0.0425	0.0448	0.0035	0.0586	0.0339	0.0354	0.160431490065415
0.702	0.7015	0.0577	0.6006	0.4811	0.4837	0.723586271417495
0.4111	0.4037	0.0112	0.3286	0.2663	0.2519	0.433418573303122
0.4557	0.4648	0.0687	0.4955	0.3139	0.3119	0.784985887733553
0.0092	0.0107	0.0081	0.0427	0.0229	0.0247	0.27105894478954
0.3483	0.3458	0.0181	0.2651	0.1737	0.1787	0.410680644519373
0.0052	0.004	0.0038	0.0154	0.0077	0.0106	0.074183657661894
0.9357	0.9397	0.2929	0.9019	0.8552	0.8511	0.94301884976723
0.2333	0.2423	0.0532	0.3258	0.1947	0.192	0.62404902849611
0.8807	0.9002	0.1375	0.8269	0.6735	0.6773	0.926611728378737
0.0137	0.0156	0.0098	0.0524	0.028	0.0323	0.244476826405329
0.2988	0.2844	0.0208	0.2574	0.135	0.1425	0.404301970442691
0.8483	0.8398	0.1827	0.7966	0.6391	0.6406	0.92207762725531
0.6788	0.6976	0.0715	0.6461	0.4364	0.4294	0.84775095768145
0.4117	0.4125	0.0425	0.3687	0.2386	0.2396	0.564490166178835
0.0892	0.0732	0.0498	0.2281	0.1334	0.131	0.627308608823609
7e-04	2e-04	0	3e-04	4e-04	5e-04	0.00434162090379459
0.0176	0.0175	0.0184	0.0871	0.0491	0.0433	0.347091537911949
0.0029	0.0022	0.0011	0.0133	0.0052	0.0075	0.0903522635679441
0.4734	0.4904	0.1015	0.5656	0.3765	0.3786	0.835987307887194
0.2709	0.2759	0.0114	0.1995	0.1218	0.1318	0.313164450785948
0.284	0.3008	0.0255	0.2933	0.1645	0.1717	0.515986251858648
0.0585	0.0728	0.0239	0.159	0.0886	0.0796	0.486395320264427
0.0385	0.0519	0.0033	0.0449	0.0233	0.0238	0.0979822635081449
0.1158	0.1328	0.0109	0.1306	0.071	0.0728	0.27096189500433
0.1955	0.1911	0.0176	0.1806	0.1001	0.1088	0.343476681035452
0.1621	0.1734	0.0402	0.265	0.1483	0.143	0.586218235128904
0.0325	0.033	0.0026	0.0427	0.0207	0.0156	0.11154716811533
0.1351	0.1305	0.0432	0.2956	0.1686	0.17	0.675675374888655
0.3415	0.35	0.0964	0.4758	0.3221	0.3105	0.815829615808105
0.3796	0.3766	0.0313	0.3392	0.2107	0.2203	0.533686128279686
0.8874	0.8882	0.2576	0.8233	0.7073	0.7194	0.909936494105692
0.0011	0.0011	3e-04	0.0051	0.0028	0.0025	0.0266056166566947
0.0187	0.0156	7e-04	0.0199	0.0059	0.0097	0.0518772259283208
0.0122	0.0105	2e-04	0.0109	0.0047	0.0039	0.0178418352199774
0.0293	0.0323	0.0015	0.0238	0.0123	0.0141	0.0605729699464344
0.0064	0.0071	0.0037	0.0243	0.0122	0.0151	0.15089100958406
0.2897	0.2761	0.0336	0.277	0.1603	0.1826	0.478120708267257
0.127	0.1209	0.0366	0.2519	0.1434	0.1338	0.589344621829062
0.0607	0.0533	0.0033	0.0468	0.0242	0.0257	0.0876334697538698
0.1945	0.2164	0.0233	0.2224	0.123	0.1387	0.440096461561676
0.035	0.0309	0.0154	0.1064	0.0505	0.0577	0.372493522044073
0.0872	0.0891	0.0311	0.1606	0.0996	0.1005	0.36311884189249
0.0069	0.0082	0.0098	0.0368	0.0243	0.0234	0.185238013921754
0.9971	0.9967	0.4411	0.9899	0.9745	0.973	0.997910946237672
0.346	0.3581	0.0257	0.3224	0.189	0.1844	0.506887120212684
0.5839	0.572	0.0426	0.4899	0.3203	0.3376	0.676022053883034
0.0273	0.0306	0.0067	0.067	0.0307	0.0333	0.220074534399595
0.0773	0.0808	0.0098	0.109	0.0506	0.0556	0.254435259929616
0.4612	0.4646	0.0377	0.3941	0.2574	0.2619	0.578446302397446
0.7028	0.7161	0.0794	0.5991	0.4898	0.4767	0.732788106930832
4e-04	3e-04	2e-04	0.0042	0.0017	0.0026	0.0297645726002827
0.0158	0.0136	0.0092	0.0646	0.0274	0.0317	0.280794118503909
0.8394	0.8257	0.2115	0.8214	0.6501	0.6526	0.956671389449944
0.5833	0.5849	0.0603	0.4771	0.3551	0.3542	0.621529556059994
0.737	0.7526	0.1159	0.6671	0.5036	0.5111	0.812602162796339
0.0622	0.067	0.0262	0.1776	0.0965	0.0949	0.504647653302611
0.338	0.3498	0.0421	0.3581	0.2103	0.2112	0.644431945909815
0.1566	0.1484	0.0144	0.1346	0.0793	0.0749	0.24201902200231
0	0	0	4e-04	1e-04	0	0.000111891087081713
0.0524	0.0525	0.0079	0.1001	0.0428	0.0455	0.297148210104888
0.9588	0.9559	0.3358	0.94	0.8374	0.8548	0.981412763660532
0.207	0.2059	0.0094	0.1534	0.1039	0.109	0.23147231878544
0.0023	0.0019	0.0015	0.0103	0.0059	0.0049	0.0688494405916622
0.0964	0.1073	0.037	0.2414	0.1416	0.1236	0.582008433203074
0.8751	0.8581	0.2313	0.8409	0.6761	0.6848	0.949914254745171
0.0133	0.0086	0.0017	0.0252	0.0113	0.0102	0.079139634046532
0.2679	0.2576	0.0888	0.4127	0.2733	0.262	0.750898417895092
0.1051	0.1024	0.0114	0.1362	0.0632	0.0659	0.313916979770458
0.0088	0.0111	0.0103	0.049	0.0269	0.0217	0.268197467509984
0.5184	0.4816	0.0908	0.542	0.3544	0.3615	0.816811579320945
0.8343	0.8422	0.1553	0.7518	0.6162	0.6096	0.862532566254274
0.8728	0.8705	0.0933	0.7975	0.6702	0.6797	0.891920742296122
0.3899	0.3719	0.047	0.355	0.2238	0.2177	0.556078327089224
0.0014	0.0012	0.0011	0.0099	0.0064	0.005	0.0834575113159389
0.454	0.4726	0.0436	0.4713	0.2712	0.2656	0.749436611187846
0.0626	0.0654	0.0059	0.0704	0.0338	0.0385	0.150114246674534
0.8214	0.8285	0.244	0.7548	0.6444	0.6434	0.870625958197856
0.0343	0.0307	0.0079	0.0983	0.0456	0.0462	0.361146857080054
0.0291	0.0242	0.0018	0.0225	0.0119	0.0131	0.0570652725655241
0.7914	0.7775	0.1163	0.685	0.5356	0.543	0.819918883729807
0.3565	0.3483	0.0321	0.2918	0.1769	0.189	0.444120301637932
0.0408	0.0399	0.0016	0.043	0.0228	0.019	0.105910624535376
0.1998	0.1997	0.0114	0.1443	0.0958	0.085	0.256634859177757
0.0429	0.0382	0.0168	0.1101	0.0589	0.0599	0.320886646605602
0.1178	0.135	0.0149	0.1743	0.0888	0.0924	0.419560074721373
0.1827	0.196	0.0066	0.1315	0.0818	0.0889	0.236405241760692
0.1018	0.1082	0.0286	0.2042	0.1157	0.1141	0.539961375336174
0.1743	0.1867	0.0217	0.2169	0.1154	0.1279	0.440166420526931
0.1465	0.1633	0.0097	0.1258	0.0697	0.0724	0.246916959869666
0.245	0.2375	0.0226	0.2032	0.1231	0.1232	0.35585287436967
0.1835	0.1783	0.0162	0.185	0.1021	0.1017	0.342770380756113
0.2835	0.3002	0.0264	0.2741	0.1619	0.1664	0.519691875219821
0.0182	0.0162	0.002	0.031	0.017	0.0171	0.117218946253172
0.3828	0.3973	0.0811	0.5027	0.3136	0.3072	0.820448382103694
0.158	0.1697	0.015	0.1741	0.09	0.0952	0.343917795396596
0.1908	0.1873	0.0087	0.1459	0.079	0.0883	0.232856546573289
0.1836	0.1841	0.0376	0.2584	0.1466	0.1544	0.479164307032019
0.1321	0.142	0.0219	0.2024	0.1061	0.1001	0.4413521958204
0.2775	0.2816	0.0692	0.4205	0.2581	0.2765	0.729669584894133
0.7215	0.7253	0.127	0.6312	0.5121	0.5177	0.754853476541567
0.0452	0.0502	0.0085	0.0943	0.0481	0.0522	0.29418331277748
0.2795	0.2635	0.0127	0.2311	0.111	0.1239	0.426593909222751
0.7714	0.7895	0.1517	0.6918	0.547	0.5487	0.840651355142255
0.1936	0.2041	0.0292	0.269	0.1483	0.1475	0.529621654861398
0.153	0.1613	0.0059	0.1156	0.0745	0.0733	0.204226619859295
0.0376	0.0332	0.0144	0.0934	0.0498	0.0471	0.291864376208138
0.0046	0.0038	9e-04	0.0076	0.0042	0.0035	0.0283175247200305
0.005	0.0052	0.0012	0.0051	0.0025	0.0023	0.0151878713114512
0.0022	0.0023	8e-04	0.0039	0.0017	0.0013	0.0248672872793354
0.0136	0.0115	0.0057	0.0527	0.0216	0.0244	0.277001571227554
0.9855	0.9825	0.3642	0.9714	0.9478	0.9422	0.985789577209564
0.249	0.2461	0.0629	0.3663	0.2242	0.2241	0.657860024200683
0.9705	0.9744	0.453	0.9621	0.91	0.9067	0.991332853474893
0.6714	0.6764	0.075	0.5695	0.4207	0.4327	0.727595447482237
0.0041	0.003	0.0015	0.0124	0.007	0.006	0.0731747599504112
0.0037	0.0046	0.0021	0.0107	0.0057	0.0043	0.0720070981392358
0.4316	0.4351	0.0741	0.4822	0.3094	0.3202	0.754379401485858
2e-04	9e-04	2e-04	0.001	0.001	0.0012	0.0137841286052834
0.2283	0.2391	0.0731	0.4037	0.2527	0.2383	0.769906211476705
0.0826	0.0921	0.0117	0.1381	0.0672	0.0655	0.399220129816937
0.4868	0.4711	0.1277	0.5954	0.4267	0.4247	0.887979362539842
0.8342	0.8229	0.1501	0.7603	0.6055	0.6124	0.885671556236587
0.02	0.0182	0.0044	0.0453	0.0188	0.02	0.155119239396129
0.1752	0.1663	0.0794	0.3614	0.2241	0.2331	0.726894527298493
0.3656	0.3645	0.0322	0.2804	0.1912	0.1953	0.42608847750836
0.4375	0.435	0.0673	0.3628	0.2771	0.2917	0.457474152673662
0.5632	0.546	0.1328	0.545	0.3991	0.4042	0.748495974769162
0.0037	0.0034	0.0014	0.0099	0.0044	0.0047	0.045702984493392
0.5089	0.5042	0.0689	0.4555	0.3062	0.3037	0.667175361779899
0.1206	0.1181	0.0368	0.2396	0.1321	0.1286	0.551708274420298
0.3168	0.3209	0.0206	0.2546	0.1904	0.1817	0.337329919176958
0.425	0.4069	0.0616	0.4497	0.2746	0.2936	0.70817403674579
0.9816	0.9809	0.3573	0.9617	0.9073	0.9182	0.984621962176968
0.0983	0.1091	0.0186	0.1648	0.0951	0.091	0.4388676999656
0.8664	0.8748	0.1827	0.8125	0.6795	0.6779	0.920259860466362
0.4528	0.4615	0.0868	0.4482	0.3099	0.306	0.659210289414624
0.3037	0.2933	0.0365	0.2971	0.1796	0.1732	0.494280104028989
0.0196	0.0222	0.0039	0.0363	0.0169	0.0166	0.0866450792238194
0.9996	0.9998	0.7117	0.9993	0.9979	0.9961	0.999790317798406
0.1854	0.181	0.071	0.3632	0.2119	0.2177	0.735446729132467
0.0042	0.0066	8e-04	0.0167	0.0069	0.0068	0.0612572702115203
0.0057	0.006	0.0014	0.0091	0.0051	0.0026	0.0270273554153304
0.0948	0.0938	0.0188	0.1423	0.0793	0.0775	0.332450856592027
0.2341	0.2219	0.0173	0.2042	0.1176	0.1188	0.349948335446252
0.0308	0.0324	0.0016	0.0336	0.016	0.0161	0.0818748024515102
0.0646	0.058	0.03	0.1676	0.0815	0.0864	0.441001322390848
0.2744	0.2722	0.0226	0.251	0.1436	0.1524	0.421126003482094
0.0306	0.0316	0.0064	0.0589	0.0267	0.0271	0.184765672233821
0.3684	0.3974	0.0733	0.452	0.2831	0.2698	0.728134135705377
0.0212	0.019	0.0048	0.0499	0.0201	0.0219	0.21338801247077
0.258	0.2735	0.0261	0.2554	0.158	0.1514	0.448860488384647
0.0463	0.0423	0.0036	0.0336	0.0182	0.0239	0.0713453148160995
8e-04	8e-04	0.0017	0.0082	0.005	0.003	0.0718116939787447
0.4749	0.4882	0.0971	0.5761	0.3725	0.3772	0.851721905303512
0.2014	0.2116	0.0146	0.2013	0.1152	0.1163	0.404886560731836
0.0699	0.076	0.004	0.0532	0.0346	0.0346	0.084607090213453
0.005	0.0069	2e-04	0.005	0.0033	0.0031	0.0118519329386978
0.1848	0.1725	0.0187	0.1748	0.0986	0.1097	0.358758032464608
0.8546	0.8534	0.0939	0.7681	0.6638	0.6679	0.869636770086025
0.0883	0.0878	0.0472	0.2317	0.1247	0.1194	0.587629333828794
0.0101	0.0122	0.0017	0.0181	0.0077	0.01	0.0673542288332667
0.2957	0.2932	0.0141	0.2366	0.136	0.1366	0.394562865955552
0.9243	0.9074	0.2978	0.9012	0.7785	0.7796	0.979990820676347
0.1647	0.1669	0.0127	0.1782	0.0904	0.1001	0.349104055951767
0.007	0.0085	8e-04	0.0118	0.0063	0.0058	0.0272793555537834
0.7168	0.7105	0.0667	0.6278	0.4414	0.4423	0.782379739657392
0.9598	0.948	0.2018	0.9143	0.7797	0.7904	0.976843951746822
0.0936	0.0862	0.0217	0.1661	0.0939	0.0819	0.416713957244769
0.0632	0.0671	0.0121	0.1226	0.0568	0.0571	0.315085598352228
0.6935	0.686	0.0584	0.5984	0.4871	0.5033	0.707756367156248
0.7673	0.7845	0.2419	0.7968	0.6333	0.6336	0.948781593417748
0.4108	0.4214	0.0369	0.3586	0.2343	0.2338	0.526413879447025
0.7071	0.7072	0.1399	0.6527	0.4869	0.4865	0.805930046632879
0.08	0.078	0.0035	0.0629	0.0287	0.0365	0.12463623503119
0.1448	0.1482	0.0121	0.1551	0.0912	0.0865	0.323929937010948
0.7701	0.7719	0.1831	0.7382	0.5849	0.5924	0.897167385520846
0.1642	0.1508	0.0088	0.1206	0.0722	0.0848	0.231272920206646
0.2417	0.2298	0.0128	0.2101	0.1115	0.1102	0.372103628561054
0.0211	0.0219	0.0071	0.0638	0.0296	0.0337	0.298698854958102
0.8169	0.8046	0.1058	0.7221	0.6093	0.6139	0.830571784368756
0.0044	0.0044	0.002	0.0167	0.0085	0.0073	0.0662889675919403
0.0832	0.0901	0.0182	0.1731	0.0923	0.0855	0.478292368323721
0.0045	0.0056	0.0047	0.0299	0.0109	0.0166	0.195373215434738
0.1434	0.1421	0.0144	0.1696	0.0896	0.0834	0.377007656501858
0.1853	0.1826	0.0283	0.2751	0.1565	0.1487	0.531962316262426
0.0487	0.0525	0.0035	0.0459	0.0237	0.0207	0.105085052648431
0.0164	0.0198	0.005	0.0535	0.0257	0.0248	0.209424582430264
0.0724	0.0817	0.0325	0.2036	0.1114	0.1118	0.527752873087341
0.8274	0.8308	0.1102	0.7498	0.5935	0.5886	0.876767694690273
0.9744	0.9819	0.4322	0.9612	0.8975	0.9022	0.99391298582942
0.0188	0.0187	0.011	0.0618	0.031	0.0321	0.28422892114191
0.1011	0.1091	0.0036	0.0789	0.0461	0.0456	0.138987184463
0.3269	0.3523	0.1544	0.5283	0.3674	0.3628	0.848717083943701
0.0382	0.0361	0.0144	0.1027	0.0534	0.0525	0.341768865467739
0.0864	0.0907	0.004	0.063	0.044	0.0361	0.117747924372485
0.0829	0.0877	0.0153	0.1553	0.0751	0.0791	0.391549124269954
0.4856	0.469	0.0577	0.4037	0.2855	0.2772	0.582776174191544
0.5737	0.5538	0.0434	0.499	0.3303	0.3219	0.696335521673476
0.9612	0.9578	0.1576	0.9126	0.8083	0.8027	0.969978753943516
0.0466	0.0462	0.0082	0.0866	0.0376	0.0439	0.281567269916536
0.0068	0.0072	0.0011	0.0175	0.0077	0.0078	0.0649627355554493
0.1172	0.1211	0.0133	0.151	0.0809	0.075	0.357082723868371
0.6491	0.6416	0.0911	0.6241	0.4154	0.4392	0.823714174251682
0.0608	0.0568	0.0168	0.1209	0.055	0.0691	0.332416014384725
0.0034	0.0046	0.0043	0.0169	0.011	0.011	0.119634165080827
0.5432	0.5292	0.1274	0.5883	0.4198	0.413	0.827178987605015
0.9355	0.9304	0.2377	0.8978	0.833	0.8197	0.938348476882158
0.8096	0.8041	0.1074	0.7267	0.5606	0.5693	0.849485037213173
0.0028	0.0037	0.0027	0.0136	0.0073	0.0084	0.087463672588117
0.8227	0.8294	0.1866	0.7574	0.6144	0.6159	0.888440974607975
0.4389	0.4224	0.0232	0.3628	0.2028	0.2199	0.56042922674494
0.7253	0.7183	0.0754	0.6438	0.4465	0.4586	0.814657292523073
0.6749	0.6644	0.0714	0.5959	0.4003	0.3932	0.789470426066126
0.537	0.5162	0.1137	0.5696	0.396	0.3905	0.820339261215709
0.0837	0.087	0.0065	0.0993	0.0462	0.0435	0.206703492281171
0.3385	0.3354	0.0187	0.2718	0.1555	0.1536	0.426504190115566
0.025	0.0233	0.0114	0.0773	0.0379	0.0409	0.262702624851462
0.0017	0.0012	1e-04	0.0019	8e-04	5e-04	0.00480273237749072
0.0082	0.0077	0.0056	0.0342	0.017	0.0182	0.254545782941038
0.6558	0.658	0.0966	0.6144	0.4181	0.4366	0.81951038672886
0.1338	0.1394	0.0376	0.2373	0.139	0.1376	0.511955216556823
0.9212	0.9278	0.3076	0.8887	0.8208	0.8273	0.932268659473445
0.3825	0.3826	0.046	0.3806	0.2426	0.2413	0.607830171978502
0.5148	0.5026	0.0945	0.5357	0.3498	0.3544	0.774514766926976
0.0734	0.0748	0.0538	0.2209	0.1307	0.1345	0.540236825612606
0.0747	0.0713	0.0121	0.1177	0.0599	0.0666	0.341776285280225
0.3994	0.406	0.0343	0.3724	0.2146	0.2184	0.589891840790048
0.3933	0.3827	0.0606	0.434	0.2809	0.2784	0.716807910446213
0.1031	0.0868	0.0311	0.2086	0.1127	0.1185	0.524429436490092
0.1086	0.1136	0.0168	0.1622	0.084	0.0841	0.350771865970287
0.093	0.0904	0.011	0.1543	0.068	0.0785	0.401323110198187
0.0362	0.0397	0.0088	0.0842	0.0387	0.0383	0.246207453547395
0.0066	0.007	4e-04	0.0063	0.0038	0.0026	0.0214399050935393
0.6339	0.6306	0.1089	0.6107	0.4252	0.4379	0.823044968130074
0.0586	0.0442	0.0264	0.1378	0.0793	0.0769	0.378902325536116
0.1547	0.1504	0.0074	0.1262	0.0698	0.0787	0.2428986723768
0.9401	0.9407	0.3209	0.9021	0.8019	0.7954	0.967909925884343
0.6259	0.6292	0.1002	0.5474	0.4228	0.4233	0.682782101563197
0.2427	0.2329	0.0383	0.305	0.1727	0.1761	0.562606001642793
0.4857	0.4375	0.1064	0.4917	0.3525	0.337	0.733751508098395
0.7385	0.7486	0.1743	0.7099	0.5438	0.5544	0.870569551110536
0.8597	0.8618	0.2356	0.8117	0.6788	0.6913	0.940601962928515
0.114	0.1108	0.0168	0.141	0.0812	0.085	0.294807240083148
0.7589	0.7581	0.2021	0.7556	0.584	0.5774	0.918603790527373
0.7388	0.7491	0.1479	0.6718	0.5118	0.5199	0.826044473645207
0.2709	0.2887	0.0496	0.3438	0.2183	0.2018	0.601634160490021
0.2575	0.2416	0.0463	0.3621	0.2077	0.2063	0.67153641684658
0.0401	0.041	0.035	0.1527	0.0918	0.0905	0.481732235741798
0.6001	0.6237	0.0886	0.5471	0.3865	0.3954	0.756318429445572
0.8516	0.8455	0.2406	0.7758	0.681	0.6792	0.866731142608499
0.1322	0.1274	0.0632	0.3023	0.1828	0.1851	0.69069611410535
0.6852	0.6668	0.0968	0.6308	0.4403	0.4422	0.814686729004623
0.0157	0.0137	0.009	0.0634	0.0289	0.0277	0.251248914431109
0.0564	0.059	0.0024	0.05	0.0252	0.0232	0.0893525471353815
0.3053	0.3108	0.0469	0.3322	0.2099	0.2074	0.596464480146729
0.0439	0.0441	0.0017	0.0478	0.0216	0.0206	0.109543022026132
0.015	0.017	0.0173	0.0852	0.0487	0.0439	0.421351180729247
0.6812	0.6588	0.0637	0.5936	0.4017	0.4092	0.781742329162191
0.5359	0.5037	0.0583	0.5018	0.3164	0.3241	0.736576333295142
0.2265	0.2003	0.1349	0.4071	0.2847	0.2897	0.740396499551137
0.4118	0.4259	0.0505	0.4039	0.2462	0.2408	0.647431811242043
0.0651	0.0659	0.0185	0.1368	0.0703	0.0746	0.365232229213545
0.319	0.3197	0.0274	0.3079	0.1773	0.1819	0.523499638966599
0.0855	0.0916	0.019	0.1464	0.0782	0.0765	0.355061863566912
0.2659	0.2435	0.0741	0.4081	0.2528	0.257	0.751024175283568
0.8952	0.9029	0.249	0.8545	0.7897	0.7942	0.907912292883938
0.0417	0.0411	0.0146	0.1073	0.0522	0.0623	0.331987634765352
0.5276	0.5377	0.0278	0.4256	0.3147	0.3156	0.569662217398132
0.0016	4e-04	0.0019	0.0073	0.0044	0.0052	0.065671778034634
0.2487	0.2492	0.0453	0.2794	0.1737	0.1737	0.500999494091478
0.5877	0.5936	0.1437	0.6649	0.4784	0.4694	0.900054269091942
0.8483	0.8611	0.1415	0.7972	0.6339	0.6322	0.913293830913454
0.442	0.4305	0.0859	0.5164	0.3164	0.3187	0.786774445293431
0.9142	0.9264	0.2241	0.8764	0.7767	0.7739	0.937363145907688
0.1307	0.1305	0.01	0.1125	0.0688	0.0657	0.219299829453
0.6891	0.6752	0.1449	0.6748	0.4899	0.4965	0.87652411936639
0.0814	0.0889	0.009	0.1122	0.0533	0.0588	0.254820240206279
0.956	0.9527	0.3145	0.9147	0.8423	0.8462	0.965023755167853
0.0018	0.0032	0.0022	0.0139	0.0085	0.0093	0.135260179996808
0.6001	0.59	0.101	0.5614	0.4014	0.4059	0.753392189250214
0.899	0.9107	0.3075	0.8719	0.7379	0.7492	0.957801142601944
0.4079	0.4072	0.0324	0.3389	0.2847	0.2964	0.422485260044279
0.3473	0.3436	0.0571	0.3073	0.2292	0.2099	0.499002782915905
0.4158	0.4089	0.0227	0.3328	0.2324	0.2489	0.442852864972489
0.7861	0.7526	0.0888	0.7036	0.5075	0.5032	0.882149118925246
0.5376	0.5306	0.1791	0.6498	0.4655	0.4738	0.879881926562341
0.2876	0.2803	0.034	0.3142	0.1778	0.1874	0.567065150364693
0.0059	0.0068	4e-04	0.0062	0.003	0.002	0.0115376615162625
0.1716	0.1515	0.0083	0.1434	0.0771	0.0777	0.28271761353893
0.254	0.2774	0.0226	0.2194	0.1345	0.1348	0.368293992386084
0.0755	0.071	0.0528	0.2128	0.1372	0.1428	0.561032859713705
0.6562	0.66	0.0483	0.5546	0.4022	0.3943	0.718170603136515
0.5301	0.5039	0.1352	0.6226	0.4408	0.4259	0.898710230310682
0.0111	0.0126	0.0046	0.0463	0.0194	0.0208	0.197828865418254
0.1206	0.1184	0.005	0.0863	0.0487	0.046	0.155713428835503
0.7258	0.7189	0.0797	0.6358	0.4596	0.462	0.78638617728075
0.1066	0.0989	0.0326	0.2261	0.128	0.1249	0.619815079589112
0.014	0.0154	0.0145	0.0717	0.045	0.0426	0.296505487461267
0.027	0.0335	0.0124	0.0933	0.0407	0.0471	0.43138752396006
0.084	0.0837	0.0237	0.1991	0.1057	0.1058	0.57474954732321
0.0019	0.0015	0.0015	0.0098	0.0038	0.0031	0.0750084756801998
0.4488	0.4428	0.0541	0.4065	0.27	0.2694	0.60589637754424
0.0352	0.036	0.0022	0.0356	0.0128	0.0168	0.0843505384664175
0.0881	0.082	0.0147	0.1281	0.0705	0.0703	0.342005964701274
0.9405	0.94	0.2019	0.9037	0.8212	0.8265	0.954288265182794
0.6676	0.667	0.0488	0.5653	0.4272	0.4195	0.718512722226607
0.3385	0.3515	0.0556	0.3783	0.2319	0.2368	0.616678140448109
0.3751	0.366	0.0237	0.3147	0.1844	0.1901	0.469120023816305
0.7725	0.7814	0.1582	0.7002	0.572	0.5513	0.834906531365404
2e-04	1e-04	0	9e-04	0.0015	9e-04	0.0107604364824305
0.0457	0.0516	0.0103	0.0955	0.0428	0.046	0.28601726616267
0.5132	0.5028	0.0568	0.478	0.3023	0.305	0.705090238397548
0.0462	0.0387	0.0086	0.0839	0.0387	0.0417	0.23358387038072
0.02	0.0221	0.0212	0.1021	0.0564	0.0585	0.408545026012236
0.1894	0.191	0.0128	0.1661	0.0926	0.085	0.312274431636158
0.1409	0.1396	0.0485	0.2497	0.1456	0.1566	0.535265556719181
0.4487	0.4561	0.0777	0.5534	0.3393	0.327	0.858986242866582
0.0835	0.0712	0.033	0.2015	0.1133	0.1163	0.561535872768083
0.0803	0.0768	0.0114	0.1053	0.0625	0.0553	0.272951001636501
0.1282	0.146	0.0214	0.2154	0.1026	0.104	0.49397315098371
0.0921	0.1017	0.0228	0.171	0.0926	0.0959	0.403482565904048
0.8667	0.8471	0.1607	0.8008	0.6367	0.6491	0.91560767471787
0.0497	0.0549	5e-04	0.0419	0.0175	0.0185	0.0639087496537944
0.9612	0.9585	0.2219	0.9273	0.8642	0.8714	0.963668939412897
0.0052	0.0071	0.0013	0.013	0.0068	0.0054	0.0646745562302334
0.1732	0.165	0.0109	0.1503	0.0824	0.0856	0.303099437726601
0.8698	0.8531	0.2124	0.8093	0.6526	0.6599	0.921430371412171
0.6649	0.6651	0.069	0.5724	0.4364	0.4196	0.706375950480287
0.6057	0.5968	0.0572	0.5526	0.3578	0.3615	0.751186312423639
0.9933	0.9871	0.4797	0.9802	0.9434	0.9467	0.996356853377733
0.1431	0.133	0.0486	0.2524	0.1483	0.1497	0.576663596554993
0.0362	0.0416	0.0114	0.0847	0.0434	0.045	0.260176803697788
0.3884	0.3786	0.0547	0.3741	0.239	0.2483	0.59215578994759
0.9286	0.9342	0.2785	0.8928	0.7757	0.7845	0.962023850640981
0.3252	0.3122	0.0159	0.2608	0.1443	0.1519	0.433401645472837
0.2909	0.3022	0.0471	0.3591	0.2241	0.2164	0.630703079313422
0.0733	0.0794	0.0157	0.1622	0.0777	0.0701	0.477051149905858
0.9979	0.9957	0.5258	0.9938	0.9864	0.9875	0.997783507025028
0.0127	0.0156	0.0013	0.0253	0.0103	0.0093	0.0740689764243205
0.1994	0.1988	0.0466	0.3115	0.1891	0.1952	0.628601155878391
0.8662	0.8641	0.0988	0.8118	0.7257	0.7209	0.884250483581736
0.1871	0.1806	0.0355	0.3032	0.1541	0.1563	0.660904362769124
0.0345	0.0356	0.0165	0.0923	0.0536	0.0513	0.323748336372972
0.0153	0.016	0.0135	0.0763	0.0404	0.0386	0.31742050516026
3e-04	2e-04	5e-04	0.0018	7e-04	6e-04	0.015717705096953
0.0206	0.0216	0.0034	0.0416	0.023	0.0189	0.142679324595246
9e-04	0.0013	1e-04	0.0054	0.0016	0.0021	0.0224904724923195
0.5144	0.4801	0.1568	0.6451	0.4464	0.4496	0.897611420042723
0.3355	0.3244	0.0959	0.4534	0.3089	0.2981	0.782922927976506
0.7932	0.7959	0.1516	0.7261	0.5704	0.5835	0.895751884725854
0.2768	0.2967	0.0447	0.3233	0.202	0.2056	0.562509700695186
0.0194	0.0169	0.001	0.0114	0.0054	0.0067	0.0214203429325009
0.0017	0.0016	0.0036	0.0131	0.0109	0.0088	0.124233214071909
0.0063	0.0057	7e-04	0.0104	0.0042	0.0058	0.029469059785768
0.0257	0.0214	0.0131	0.0737	0.0361	0.0399	0.273165275228074
0.0012	0.0017	0.0015	0.0113	0.006	0.0058	0.0708217091642065
0.272	0.2714	0.0271	0.2285	0.1517	0.1448	0.373110311549726
0.0064	0.0091	0.0071	0.0353	0.0189	0.0177	0.172609626852138
0.4993	0.5024	0.0325	0.4017	0.2748	0.2811	0.550461057575883
0.2993	0.303	0.0585	0.3617	0.2254	0.2358	0.638197168663644
0.8242	0.8146	0.1262	0.7434	0.6511	0.6346	0.827926372185035
0.013	0.0098	0.0061	0.0369	0.0197	0.0202	0.181207447633075
0.7467	0.7427	0.1617	0.7027	0.5454	0.5475	0.883921676691292
0.5192	0.5135	0.0529	0.4227	0.2957	0.2938	0.582942743353458
0.0563	0.0537	0.0082	0.1011	0.0476	0.047	0.275007618918422
0.0204	0.0267	0.0018	0.0299	0.0134	0.0145	0.095303314029762
0.3891	0.3816	0.0625	0.4071	0.2662	0.2618	0.641038407355957
0.8468	0.8477	0.1523	0.7927	0.6166	0.6311	0.919939422298351
0.106	0.1161	0.0082	0.1202	0.0667	0.0626	0.287393294130449
0.1342	0.1422	0.0283	0.2119	0.1143	0.122	0.457483225951343
0.6123	0.5989	0.0525	0.5	0.3805	0.3716	0.646136834825758
0.0475	0.0496	0.0128	0.0966	0.0434	0.0438	0.292758734973035
0.4444	0.4357	0.0333	0.361	0.2341	0.229	0.500972854336128
0.5577	0.5516	0.051	0.4498	0.3359	0.3267	0.59132849479242
0.2988	0.3064	0.0182	0.2317	0.1559	0.1537	0.366549282456253
0.0031	0.0056	0.0014	0.0163	0.0088	0.0088	0.084923798596807
0.7439	0.7638	0.0608	0.6572	0.4678	0.4755	0.818753097301431
0.7801	0.7954	0.1187	0.7049	0.5703	0.555	0.830303382433518
