FMP	RMP	FPP	UPP	ANPP	NPP	ANCOVA
0.4628	0.4679	0.0524	0.2964	0.2343	0.2348	0.630078499239138
0.5508	0.5476	0.0803	0.3439	0.2802	0.283	0.672126524255035
0.1809	0.167	0.0215	0.1089	0.0787	0.0744	0.325455262817418
0.9381	0.9348	0.2558	0.8016	0.7444	0.7495	0.951527451758733
0.026	0.023	0.0035	0.0138	0.0123	0.0135	0.106710023802837
0.0373	0.029	0.0044	0.022	0.0186	0.0172	0.127456163348469
0.6814	0.6797	0.1286	0.4949	0.4075	0.4181	0.762038357391736
0.8174	0.8154	0.1692	0.6246	0.5497	0.5624	0.869572806720379
2e-04	9e-04	0	8e-04	2e-04	2e-04	0.00249931023978193
0.03	0.028	0.0031	0.0181	0.0106	0.0113	0.119872055817617
0.4952	0.501	0.0606	0.3188	0.2571	0.2482	0.644832655393229
0.2047	0.2019	0.0179	0.1188	0.0796	0.0899	0.425736844384607
0.0136	0.0072	0.0018	0.0076	0.0047	0.0053	0.0491384877939347
0.3457	0.3411	0.0369	0.2056	0.1596	0.1632	0.515881921134644
0.0513	0.0532	0.0071	0.031	0.025	0.0207	0.16339145260264
0.2963	0.3041	0.0378	0.1727	0.1364	0.1357	0.472585637668365
0.2254	0.227	0.025	0.1309	0.0916	0.0951	0.428368590008397
0.1455	0.1364	0.0137	0.0742	0.0611	0.0623	0.330790419261011
0.1517	0.1379	0.0166	0.0892	0.0549	0.0608	0.303804274984568
0.7253	0.7199	0.1177	0.5146	0.4394	0.439	0.806653893712
0.3669	0.3654	0.0494	0.2049	0.178	0.1681	0.539472476346257
0.17	0.159	0.0183	0.1003	0.0764	0.0754	0.318086606086029
0.8044	0.7903	0.1778	0.6012	0.558	0.5578	0.844927683075394
0.0941	0.0863	0.0067	0.0559	0.0382	0.0375	0.233321783691175
0.0017	0.0038	4e-04	6e-04	0.0014	3e-04	0.0131050249332456
0.8269	0.8321	0.2004	0.6478	0.5672	0.5917	0.870217223807184
0.6397	0.628	0.0797	0.4084	0.3439	0.3398	0.761435249265769
0.0718	0.0749	0.0079	0.0393	0.0329	0.0325	0.206918922643806
0.0846	0.0824	0.0086	0.0509	0.0411	0.0295	0.259742821602248
0.2303	0.2311	0.0255	0.1374	0.1012	0.1127	0.406986095754643
0.3272	0.3362	0.0303	0.1837	0.1473	0.1465	0.523687395788221
0.7135	0.7107	0.1546	0.5074	0.4458	0.4469	0.773962985697191
0.1249	0.1187	0.0115	0.0688	0.0532	0.0553	0.281499027182944
0.023	0.019	0.0027	0.0144	0.0086	0.0088	0.0901120522264596
0.5905	0.5996	0.0775	0.3804	0.305	0.3011	0.733613339615007
0.2751	0.2778	0.0271	0.1616	0.1186	0.1247	0.481988530029521
0.7864	0.7905	0.1274	0.5676	0.4874	0.4954	0.854255525375256
0.299	0.2922	0.0376	0.1757	0.1417	0.1436	0.493772603255883
0.6887	0.6884	0.0845	0.4638	0.3778	0.3824	0.812028575998094
0.5005	0.4986	0.0669	0.306	0.2507	0.2629	0.647862338069737
0.5549	0.5509	0.0873	0.3517	0.2972	0.2888	0.668340530732661
0.267	0.2718	0.0325	0.151	0.1185	0.1224	0.461657210126843
0.032	0.0374	0.0052	0.0248	0.0139	0.0193	0.145112675291195
0.2557	0.2598	0.0222	0.1432	0.1085	0.1093	0.476560324624482
0.0247	0.02	0.0035	0.0132	0.0118	0.0109	0.091757190716679
0.3286	0.3319	0.0343	0.1925	0.1384	0.1615	0.541230217988865
0.5359	0.5481	0.085	0.3609	0.2992	0.3028	0.654064140506009
0.0044	0.0038	9e-04	0.0056	0.0016	0.003	0.0291963219299381
0.2957	0.2988	0.0354	0.1707	0.1353	0.141	0.461710722847933
0.8066	0.8174	0.1412	0.6059	0.5279	0.5296	0.875419686065507
0.8041	0.8111	0.1719	0.6149	0.5387	0.5358	0.855928054709528
0.0255	0.028	0.0047	0.0178	0.015	0.0139	0.115830032161525
0.4618	0.4593	0.0485	0.2703	0.207	0.2272	0.641326645402643
0.6763	0.6779	0.121	0.4826	0.4064	0.4076	0.771839030558138
0.3764	0.3769	0.0506	0.2214	0.1811	0.1822	0.533097431865699
0.5015	0.5172	0.0637	0.3085	0.2561	0.251	0.659627895902845
0.6398	0.6329	0.0788	0.4133	0.3435	0.3368	0.764531453918119
0.0092	0.0058	0.0011	0.005	0.0032	0.0045	0.0369108721754523
0.4568	0.4328	0.051	0.2756	0.209	0.2094	0.634174161559092
0.0214	0.021	0.0019	0.0135	0.0115	0.0119	0.095326241733389
0.1809	0.1929	0.0203	0.1188	0.0845	0.0847	0.382721942800396
0.0507	0.0427	0.0051	0.0292	0.0211	0.0221	0.152441123242668
0.5576	0.568	0.1174	0.3827	0.3332	0.3329	0.646417998146109
0.1891	0.1824	0.0205	0.1054	0.0786	0.0835	0.387030811255267
0.9358	0.9299	0.3781	0.8378	0.7904	0.8023	0.946603966437075
0.0888	0.0829	0.0094	0.0485	0.036	0.0314	0.259083265381552
0.7902	0.782	0.1654	0.584	0.5191	0.5186	0.843649883636909
0.2857	0.2805	0.0297	0.1656	0.1256	0.1424	0.44766603308051
0.113	0.105	0.01	0.0591	0.0453	0.0451	0.284178012338704
0.5134	0.5175	0.072	0.3314	0.2632	0.2791	0.645248045932404
0.0541	0.0506	0.0065	0.0353	0.0241	0.0232	0.167742376052109
0.0935	0.1018	0.0093	0.0622	0.0426	0.0397	0.252646144490197
0.1315	0.128	0.0141	0.077	0.0548	0.0573	0.298080139592204
0.454	0.4555	0.0626	0.2793	0.2219	0.2296	0.606164266516145
0.7676	0.7601	0.1515	0.5539	0.4823	0.4835	0.832758179894589
0.2982	0.3038	0.0354	0.1699	0.1333	0.1437	0.470208537734994
0.2822	0.2681	0.0254	0.1589	0.1172	0.126	0.480316315561621
0.4461	0.4597	0.0665	0.2937	0.238	0.2435	0.572853599079936
0.2178	0.2231	0.0278	0.1184	0.1064	0.1032	0.411183879689843
0.5579	0.5494	0.0809	0.3561	0.3088	0.2958	0.672141657912239
0.2107	0.2015	0.0278	0.122	0.096	0.0931	0.369156838609786
0.2988	0.2927	0.0403	0.1864	0.1462	0.1521	0.440295500059641
0.5278	0.543	0.0756	0.3444	0.2741	0.2893	0.664584388469703
0.0377	0.0419	0.0046	0.0236	0.0173	0.0183	0.134224482822675
0.1542	0.1537	0.0175	0.0887	0.0655	0.0695	0.363787208292985
0.2536	0.2537	0.0301	0.1427	0.1232	0.1219	0.436514002463276
0.0011	0.001	1e-04	7e-04	4e-04	7e-04	0.0066686358717842
0.9364	0.9246	0.1903	0.793	0.7064	0.712	0.955689897670646
0.35	0.3606	0.0308	0.2101	0.1463	0.1538	0.575795220134318
0.5027	0.5148	0.0585	0.312	0.2572	0.2549	0.659449400617001
0.1835	0.1858	0.0218	0.1063	0.0867	0.0809	0.350212197893343
0.0219	0.0225	0.0022	0.0128	0.0097	0.0099	0.0945821564409212
0.6824	0.6973	0.0808	0.4462	0.3732	0.3732	0.805483859437995
0.6592	0.6649	0.1022	0.4567	0.3821	0.3917	0.766881322466093
0.0903	0.0888	0.0097	0.0541	0.043	0.04	0.230309647411414
0.4646	0.4648	0.0576	0.2895	0.227	0.2403	0.639814061578386
0.8608	0.8551	0.1997	0.6839	0.6177	0.6203	0.895160788051088
0.1823	0.1851	0.0216	0.1116	0.0803	0.0876	0.34824166435423
0.1758	0.1588	0.0169	0.0905	0.0672	0.0744	0.34994166263635
0.3598	0.357	0.032	0.2064	0.1497	0.1496	0.579024593588616
0.2221	0.2288	0.0235	0.1289	0.0877	0.1021	0.429828124039142
0.7556	0.7549	0.15	0.5574	0.4837	0.4785	0.815606033928149
0.4987	0.5014	0.0608	0.3048	0.2469	0.2497	0.667786350435218
0.7811	0.782	0.1317	0.5629	0.4824	0.4977	0.850454537073458
0.781	0.7695	0.1417	0.5666	0.4756	0.4927	0.845057869667772
0.6699	0.6649	0.0888	0.449	0.3581	0.3725	0.783959438454865
0.0511	0.0466	0.0051	0.0337	0.0198	0.0219	0.167704702816916
0.0431	0.0393	0.006	0.0239	0.0211	0.0193	0.149747832550259
0.0726	0.0717	0.0069	0.0384	0.0314	0.0342	0.2186005509295
0.2499	0.2417	0.0319	0.133	0.1083	0.1115	0.405881755813745
0.9933	0.9945	0.4664	0.973	0.9591	0.9594	0.996053674076374
0.805	0.8095	0.1595	0.6149	0.526	0.5289	0.862841748253304
0.0202	0.0179	0.0033	0.0106	0.0108	0.0089	0.0780859240416254
0.0058	0.0055	8e-04	0.0047	0.0034	0.0022	0.0323996255068538
0.0853	0.0806	0.0098	0.0457	0.0376	0.0389	0.224941991495223
0.536	0.5391	0.066	0.3322	0.2695	0.2736	0.666785600114533
0.0634	0.0591	0.0061	0.0319	0.0265	0.0264	0.219272899050633
0.3637	0.3545	0.0452	0.2158	0.1781	0.1783	0.519722933038274
0.0512	0.0486	0.0059	0.0291	0.0235	0.0287	0.149896242404308
0.0818	0.0885	0.01	0.0502	0.0418	0.0422	0.234806749454507
0.5764	0.5678	0.067	0.3677	0.2926	0.2927	0.717812791465618
0.1473	0.1491	0.0151	0.0882	0.0582	0.06	0.337017891531014
0.0876	0.1001	0.009	0.0568	0.0396	0.0433	0.27366177619458
0.0175	0.0201	0.0028	0.0128	0.0101	0.0094	0.0856998566759826
0.3752	0.3671	0.0407	0.2291	0.1805	0.1691	0.548880249682673
0.0356	0.0398	0.0034	0.0211	0.0165	0.0168	0.125760251661792
0	0	0	0	0	0	5.39442874758708e-05
0.003	0.0055	3e-04	0.0033	0.002	0.0035	0.0263056146966797
0.2064	0.2152	0.026	0.1184	0.0975	0.0985	0.378112544706206
0.2418	0.2455	0.0244	0.1419	0.1073	0.1105	0.442428155193623
0.0131	0.0118	0.0024	0.0061	0.0043	0.0072	0.0593323041526802
0.8647	0.8529	0.1824	0.6728	0.6105	0.6153	0.903548993263317
0.827	0.8424	0.1572	0.6427	0.5593	0.5624	0.89055156449693
0.2128	0.2171	0.0217	0.1305	0.0961	0.1026	0.423576376035508
0.1474	0.152	0.0187	0.0837	0.0626	0.0658	0.322888641102716
0.0508	0.0424	0.0065	0.0279	0.0239	0.0239	0.156210859156402
0.0054	0.0054	8e-04	0.0046	0.0044	0.0026	0.0409306806343624
0.9708	0.9719	0.4809	0.9159	0.8953	0.8931	0.977137409481939
0.0034	0.0043	6e-04	0.0014	0.002	0.0013	0.0194846832147906
0.0564	0.0622	0.0066	0.0381	0.0311	0.0274	0.207272766309529
0.0652	0.0683	0.0094	0.0401	0.0299	0.0293	0.184200695849481
0.7048	0.7121	0.1156	0.502	0.4248	0.427	0.801021708495692
0.0147	0.0132	0.0017	0.0087	0.0062	0.007	0.06158032363311
0.1323	0.1321	0.0118	0.08	0.0589	0.0598	0.314051154683324
0.3141	0.3163	0.0365	0.1887	0.14	0.1533	0.49762459943646
0.0255	0.0257	0.0024	0.0128	0.0106	0.0111	0.0967497523276245
0.9046	0.9063	0.2139	0.7669	0.6887	0.7034	0.939793298901028
0.2123	0.2343	0.0264	0.1315	0.1004	0.0922	0.408733651806007
0.5635	0.5747	0.0716	0.3656	0.2865	0.2899	0.715887259176098
0.0986	0.0999	0.0115	0.0634	0.0484	0.0466	0.264795245332834
0.1274	0.13	0.0163	0.0743	0.0553	0.0594	0.279149850902248
0.3372	0.332	0.0354	0.2022	0.1508	0.1554	0.537410398473687
0.0618	0.0601	0.0061	0.0375	0.0277	0.0334	0.196867778646308
0.3866	0.3937	0.0522	0.2321	0.1973	0.1885	0.518239144435395
0.0091	0.0088	0.0015	0.0062	0.0054	0.0036	0.0501682554877989
0.6561	0.6657	0.0736	0.4234	0.3576	0.3544	0.797360390550744
0.0013	8e-04	1e-04	0.0014	0.001	5e-04	0.0103825026218105
0.0736	0.0743	0.0095	0.0436	0.0374	0.0353	0.190420408423208
0.9526	0.9474	0.3065	0.8517	0.7917	0.8042	0.961360228015185
0.3144	0.3131	0.0373	0.1928	0.1526	0.1514	0.499235827290325
0.33	0.3384	0.032	0.1958	0.1531	0.148	0.523048747826446
0.027	0.0239	0.0036	0.0167	0.0122	0.0104	0.10586331638053
0.0025	0.0025	1e-04	0.0022	0.0016	0.0011	0.0154525744193417
0.2497	0.2524	0.0265	0.1418	0.1118	0.1188	0.44653324234621
0.0356	0.0366	0.0057	0.023	0.018	0.0172	0.129843695003233
0.4006	0.3938	0.0429	0.2346	0.1904	0.1986	0.59189796633572
0.6841	0.6869	0.1179	0.4819	0.4098	0.4085	0.767578783036272
0.1943	0.1981	0.0227	0.1129	0.0916	0.0902	0.391966823058431
0.0021	0.0029	3e-04	0.0012	9e-04	0.0014	0.0142703310240797
0.059	0.0506	0.0051	0.0321	0.0229	0.0299	0.181914045836408
0.3593	0.3599	0.0354	0.2109	0.1647	0.1583	0.564118135400034
0.0013	0.0014	4e-04	5e-04	8e-04	7e-04	0.00725329599665396
0.1403	0.1395	0.0159	0.0855	0.0625	0.0694	0.31562455306329
0.006	0.0059	3e-04	0.0033	0.0038	0.0023	0.033314253482533
0.822	0.8154	0.1942	0.6443	0.5571	0.5763	0.857817770895422
0.1446	0.1411	0.0133	0.0853	0.0625	0.0624	0.319187306984348
0.1929	0.1942	0.0198	0.125	0.0807	0.0926	0.399396394350187
0.5599	0.5694	0.1074	0.3769	0.3239	0.3394	0.649398016298269
0.0157	0.0163	0.002	0.0097	0.0081	0.0081	0.0683488050100806
0.2745	0.2735	0.0303	0.1638	0.1326	0.1251	0.434556135138491
3e-04	2e-04	1e-04	1e-04	0	4e-04	0.00214883275387005
0.3603	0.3655	0.0405	0.2044	0.1585	0.1639	0.535357956163606
0.055	0.0555	0.007	0.032	0.0281	0.0239	0.166678289170325
0.7976	0.7836	0.1998	0.6136	0.5528	0.5473	0.836205288566014
0.0683	0.0661	0.0049	0.0366	0.0288	0.0343	0.213503796229631
0.1611	0.1638	0.0176	0.0932	0.0706	0.074	0.352828291337878
0.1829	0.1791	0.0211	0.1023	0.0735	0.0832	0.360382055880626
0.1942	0.1865	0.0213	0.1178	0.0884	0.0876	0.331219924186968
0.5991	0.5989	0.0689	0.3876	0.2983	0.315	0.747954467494
0.0136	0.0195	0.0036	0.0126	0.0072	0.0095	0.0698200684883013
0.0859	0.0901	0.0115	0.0537	0.0457	0.0401	0.240534499997975
0.067	0.0706	0.0078	0.0411	0.0257	0.0273	0.177549730807949
0.8193	0.8192	0.2076	0.662	0.5913	0.5986	0.868820200267233
0.0819	0.0853	0.0081	0.0452	0.0353	0.0359	0.256716033441552
0.001	7e-04	3e-04	8e-04	5e-04	0.0011	0.00963908104524568
0.0155	0.0172	0.0019	0.0108	0.0082	0.0093	0.0766285014879971
0.1056	0.1103	0.0134	0.061	0.0479	0.0479	0.259833701900011
0.0163	0.0199	0.0031	0.0127	0.0104	0.0088	0.0813617942033115
0.2763	0.2823	0.0273	0.17	0.1291	0.127	0.491049889027064
0.0141	0.0128	0.0018	0.0115	0.0085	0.0069	0.0642192028549106
0.0933	0.1043	0.0124	0.0583	0.0447	0.047	0.237234130020388
0.8696	0.8655	0.2125	0.6997	0.647	0.6313	0.90304657147114
0.0065	0.0074	0.0012	0.0039	0.0027	0.0044	0.0342031980767239
0.3244	0.3079	0.0365	0.1943	0.131	0.1444	0.530180403656108
0.0949	0.0941	0.012	0.0587	0.0448	0.0413	0.242302860880612
0.1135	0.1175	0.0115	0.0644	0.0458	0.0476	0.30080338394005
0.0844	0.0883	0.0105	0.0538	0.0395	0.0396	0.253792106882727
0.2271	0.2382	0.0358	0.1403	0.1069	0.1125	0.378706825787343
0.6611	0.6566	0.0945	0.4452	0.3675	0.3828	0.758525184713781
0.038	0.0332	0.0047	0.0269	0.0218	0.0152	0.138935130676927
0.1036	0.1066	0.0114	0.063	0.0482	0.0439	0.269266191717321
0.2812	0.2877	0.0316	0.1653	0.1235	0.1253	0.46827826051913
0.7955	0.8048	0.178	0.6183	0.553	0.5498	0.849746479720662
0.0375	0.0397	0.0047	0.0289	0.0222	0.0188	0.148780211005112
0.3211	0.3108	0.0341	0.1893	0.1519	0.1369	0.511452330324041
0.258	0.2403	0.0275	0.1359	0.1107	0.114	0.422405798859055
0.0129	0.0118	0.0021	0.0126	0.0066	0.0072	0.0730490624168475
0.0962	0.1033	0.0109	0.061	0.0458	0.0435	0.261180553184608
0.1153	0.1155	0.0128	0.071	0.0575	0.0519	0.289959578063804
0.3554	0.3439	0.0398	0.2073	0.1618	0.1672	0.551434907688807
0.0844	0.0883	0.0096	0.0575	0.0436	0.0417	0.245712943128183
0.119	0.1278	0.0141	0.0716	0.0524	0.0533	0.305306312655578
0.6509	0.6483	0.0898	0.4212	0.3596	0.3698	0.756484317862177
0.1514	0.1411	0.0164	0.0839	0.0633	0.0649	0.313846678042212
0.2161	0.233	0.0225	0.1289	0.0964	0.09	0.428251342934959
0.2723	0.2746	0.0303	0.1551	0.1126	0.1224	0.472129942465714
0.1246	0.1398	0.0118	0.0831	0.0548	0.065	0.30556822171049
0.2431	0.2367	0.0238	0.1449	0.0977	0.1025	0.434799361385483
0.3215	0.3263	0.0326	0.1859	0.1368	0.1439	0.518856964839405
0.5018	0.5024	0.0599	0.3015	0.2438	0.2569	0.659258513171416
0.1351	0.1461	0.0162	0.0875	0.0661	0.068	0.281652364570412
0.231	0.2427	0.0281	0.1396	0.1083	0.109	0.406538204608241
0.0056	0.006	9e-04	0.0054	0.0046	0.0043	0.0361056745772983
0.2159	0.2218	0.0232	0.1342	0.0965	0.1023	0.405016045170805
0.5746	0.5791	0.075	0.3878	0.3097	0.3005	0.71764992740368
0.278	0.2704	0.0305	0.1605	0.1286	0.1281	0.436661974717813
0.2783	0.2666	0.0241	0.157	0.1193	0.1226	0.505775429719524
0.3394	0.3364	0.0391	0.1936	0.1505	0.1563	0.529840236955625
0.4476	0.4196	0.0492	0.2616	0.2033	0.201	0.608158210340717
0.2337	0.2331	0.0197	0.1354	0.1002	0.1045	0.433649491619401
0.0723	0.0739	0.0073	0.05	0.0333	0.0369	0.248798916043969
0.6295	0.6415	0.0995	0.437	0.357	0.3783	0.748775998058173
0.0391	0.0367	0.0031	0.0282	0.0165	0.0224	0.142315274472372
0.0334	0.0335	0.0032	0.0215	0.0171	0.0128	0.124351459285741
0.1273	0.1232	0.014	0.0765	0.0537	0.0597	0.294500805519722
0.3243	0.3398	0.034	0.1919	0.1569	0.1504	0.501923218412804
0.8687	0.8635	0.1901	0.6987	0.6245	0.6192	0.904721750722682
0.8962	0.8912	0.2512	0.7501	0.6858	0.6891	0.91993943535235
0.0279	0.0269	0.0032	0.0184	0.0151	0.014	0.138707063686199
0.5498	0.5391	0.0686	0.349	0.2795	0.2839	0.683369907836884
0.0504	0.047	0.0039	0.0315	0.023	0.0252	0.19723596733344
0.2454	0.2431	0.0281	0.1505	0.1135	0.1121	0.410877429464888
0.7086	0.7164	0.1264	0.5062	0.4395	0.4346	0.791204942209387
0.1898	0.182	0.016	0.111	0.0804	0.0736	0.396274476350551
0.3007	0.293	0.028	0.1702	0.1407	0.1327	0.500756372011921
0.0245	0.026	0.0022	0.0155	0.0089	0.0127	0.104375065193991
0.0061	0.0076	0.0015	0.0047	0.0039	0.0039	0.0426976321331435
0.6148	0.6046	0.0725	0.3768	0.2991	0.3144	0.754427317497157
0.6883	0.7053	0.1172	0.4824	0.4148	0.4255	0.785101151812931
0.6363	0.6308	0.0944	0.4219	0.3567	0.3532	0.750843996237869
0.9102	0.9087	0.2334	0.7727	0.7192	0.6998	0.936495065246921
0.2907	0.2806	0.0277	0.1674	0.1298	0.1201	0.499107315585279
0.2962	0.2957	0.0357	0.177	0.134	0.138	0.496865588457679
0.8731	0.8659	0.2313	0.7232	0.6451	0.6629	0.903174036957434
0.9828	0.9811	0.3542	0.9272	0.8819	0.8891	0.987283321065827
0.1554	0.1615	0.0168	0.0916	0.0643	0.0726	0.325672094750496
0.0108	0.0115	0.0026	0.0051	0.0052	0.0057	0.0538464223370871
0.2439	0.2461	0.029	0.1429	0.1162	0.1244	0.387204672307252
0.337	0.3233	0.0373	0.1946	0.1524	0.1522	0.517941782520984
0.7357	0.738	0.1732	0.5414	0.4939	0.4964	0.789634172283487
0.0876	0.0896	0.0094	0.0504	0.0412	0.0418	0.208932978543443
0.4356	0.4381	0.0547	0.2655	0.2087	0.2057	0.592885663757747
0.7439	0.7441	0.1183	0.5221	0.4477	0.4698	0.829901165852782
0.9365	0.941	0.2075	0.819	0.7435	0.7378	0.964077925086817
0.5726	0.5575	0.0658	0.3504	0.28	0.2917	0.712626332907005
0.0897	0.0989	0.0112	0.0663	0.0442	0.0466	0.225437908956302
0.9196	0.9192	0.162	0.7523	0.6652	0.6871	0.95567467639716
0.0022	0.0028	3e-04	0.0029	9e-04	0.0017	0.0209261443467746
0.2022	0.2071	0.0245	0.1236	0.0913	0.0944	0.420778690800799
0.8291	0.8268	0.1737	0.6354	0.5698	0.5749	0.875249407384744
0.0125	0.01	0.0012	0.0077	0.0069	0.0058	0.054035722195066
0.0592	0.056	0.0068	0.0342	0.0267	0.0264	0.175832356378927
0.0998	0.1063	0.0112	0.0641	0.0451	0.0484	0.259986346741391
0.1349	0.1253	0.0113	0.0831	0.0516	0.0594	0.320015784317296
0.3069	0.2989	0.0346	0.1811	0.1416	0.1445	0.485464873514145
0.23	0.2321	0.0213	0.1331	0.1024	0.1032	0.43923872634228
0.8375	0.834	0.2027	0.6641	0.6007	0.6004	0.875090626291766
0.1727	0.1815	0.0153	0.1037	0.0753	0.0798	0.383143822280205
0.4969	0.5073	0.0658	0.3021	0.2495	0.2572	0.643929465991442
0.0221	0.0195	0.0022	0.0141	0.0088	0.0098	0.0984641623324452
0.2895	0.2933	0.0408	0.1768	0.1295	0.1468	0.422266982415751
0.4624	0.4646	0.0402	0.261	0.1992	0.2018	0.676987541737549
0.3989	0.4168	0.0388	0.2441	0.1895	0.1873	0.620769810853621
0.5522	0.5597	0.0628	0.3438	0.2676	0.2668	0.714553440693355
0.7697	0.7693	0.1323	0.5656	0.479	0.4848	0.841031665691975
0.0746	0.0869	0.0081	0.0487	0.026	0.031	0.223038590588714
0.012	0.0119	0.0022	0.0091	0.0082	0.0081	0.0562362158215413
0.0348	0.034	0.0036	0.0208	0.0153	0.0146	0.13373669173424
0.0034	0.0037	4e-04	0.0018	0.0015	0.003	0.0237470390152848
0.3145	0.3047	0.0413	0.1764	0.1493	0.1383	0.449286514036715
0.7731	0.7791	0.1419	0.5868	0.4875	0.495	0.843796314637645
0.3213	0.304	0.0333	0.1815	0.1366	0.1424	0.509832650959507
0.8842	0.8731	0.1765	0.7013	0.6205	0.63	0.920176761334694
0.0193	0.0185	0.0025	0.0156	0.0101	0.0124	0.10384494014062
0.2264	0.2239	0.0236	0.1219	0.0986	0.1055	0.413445328044004
0.0187	0.0202	0.0015	0.0139	0.0111	0.0108	0.0792472475058605
0.0402	0.0456	0.0033	0.0221	0.0202	0.0189	0.135240759829459
0.9325	0.9265	0.2715	0.8093	0.7496	0.752	0.94629689606688
0.0569	0.0487	0.0049	0.0286	0.0189	0.0247	0.189359150597945
0.1438	0.1461	0.0142	0.0817	0.0616	0.0665	0.330264902955486
0.6993	0.6836	0.1092	0.4735	0.39	0.3964	0.776280873482095
0.6778	0.6804	0.1002	0.4548	0.3867	0.3968	0.782061641163382
0.6264	0.6125	0.084	0.4037	0.3335	0.3428	0.749172961627286
0.3178	0.3267	0.0359	0.1727	0.1478	0.1473	0.504824942398799
0.8862	0.8841	0.2161	0.7261	0.6486	0.6588	0.921765466195264
0.0073	0.0074	2e-04	0.0048	0.0032	0.0033	0.0431218253696218
0.2599	0.2583	0.0293	0.1518	0.1065	0.1092	0.452788439717621
0.4335	0.4234	0.0558	0.2599	0.2215	0.2179	0.577216538316804
0.1633	0.161	0.0178	0.0915	0.0734	0.0677	0.305822279970776
0.3965	0.4073	0.0452	0.2355	0.1891	0.1853	0.589369023191158
0.2114	0.2072	0.0226	0.119	0.0844	0.097	0.405195181802976
0.0329	0.031	0.0033	0.027	0.0159	0.0163	0.145179028561987
0.6566	0.6505	0.0841	0.4321	0.3595	0.3512	0.777123862327695
0.4455	0.453	0.0567	0.2691	0.2078	0.2178	0.637874318870293
0.0683	0.071	0.0074	0.0454	0.028	0.033	0.205246154494633
0.0904	0.0932	0.0092	0.0507	0.0403	0.0397	0.242045308509282
0.0315	0.034	0.0036	0.0218	0.0129	0.014	0.109371936352677
0.347	0.3423	0.0396	0.2054	0.1673	0.1593	0.538769438058764
0.0588	0.057	0.0103	0.0393	0.0323	0.025	0.226784911949704
0.1583	0.1435	0.0164	0.0833	0.0659	0.0672	0.329721821594761
0.0722	0.0795	0.0107	0.0418	0.0343	0.0375	0.217133197188407
0.0673	0.064	0.0074	0.0449	0.0327	0.0317	0.19841405798964
0.4778	0.4786	0.0551	0.3016	0.239	0.2414	0.655596201725946
0.9397	0.9462	0.2432	0.819	0.7695	0.7722	0.961655191882755
0.3372	0.3491	0.0487	0.2051	0.1685	0.1764	0.482652972549624
0.528	0.5347	0.0755	0.3411	0.28	0.2946	0.662949637589789
0.0686	0.0739	0.0084	0.0428	0.0298	0.0339	0.200306352170247
0.876	0.8727	0.1824	0.6917	0.6071	0.615	0.914721488345007
0.3441	0.3417	0.0354	0.2009	0.1542	0.1485	0.552789004041569
0.0328	0.0381	0.0043	0.0217	0.016	0.0153	0.137063793782285
0.0388	0.0487	0.0056	0.0252	0.0179	0.0227	0.134832872461877
0.7956	0.7895	0.183	0.6082	0.5448	0.549	0.838748561884948
0.0307	0.0309	0.0042	0.02	0.0139	0.0146	0.109908759166688
0.0724	0.067	0.0087	0.0446	0.0334	0.0338	0.189735778500844
0.0308	0.0312	0.0029	0.0193	0.0158	0.0164	0.108885548750944
0.3645	0.3592	0.0387	0.2025	0.1568	0.1606	0.566088808733818
0.079	0.0665	0.0096	0.0534	0.0382	0.0338	0.221604976329109
0.1594	0.1687	0.0212	0.0956	0.0769	0.0785	0.333814470669241
0.0926	0.0944	0.0074	0.0576	0.038	0.0372	0.261780234419489
7e-04	5e-04	1e-04	4e-04	0	3e-04	0.00304815614339887
0.1098	0.095	0.0099	0.0628	0.0463	0.0475	0.278368417706498
0.7457	0.7497	0.1369	0.5189	0.4647	0.4733	0.816757150883537
0.0183	0.0184	0.0025	0.0132	0.0096	0.0107	0.0776673336215903
0.0034	0.003	8e-04	0.0027	0.0025	0.0013	0.0223614887441887
0.3099	0.3037	0.0359	0.1741	0.1362	0.1348	0.526444135758833
0.5623	0.5684	0.0943	0.3688	0.3086	0.3222	0.664608372581403
0.3491	0.3551	0.0372	0.2059	0.1431	0.1556	0.572742973232038
0.1033	0.1046	0.0118	0.0613	0.0479	0.0475	0.237850061095024
0.1368	0.1378	0.0174	0.0809	0.0625	0.0692	0.242630839907493
0.0039	0.0048	3e-04	0.0036	0.0024	0.0019	0.0234565685842371
0.2905	0.2831	0.0312	0.1507	0.1168	0.1161	0.526343083067287
0.0247	0.0279	0.0022	0.016	0.0144	0.0129	0.0972857247427525
0.2267	0.2344	0.0195	0.1345	0.0982	0.0977	0.460444192518347
0.165	0.1669	0.0241	0.0963	0.0844	0.0844	0.308239481241369
0.209	0.1991	0.0179	0.1231	0.0907	0.0925	0.404110754591957
0.1257	0.1303	0.0123	0.0705	0.0542	0.0525	0.337261544090466
0.0518	0.048	0.005	0.0311	0.0244	0.0252	0.177804285957938
0.0309	0.0292	0.0028	0.0237	0.0144	0.0107	0.137334935762523
0.3306	0.3508	0.0359	0.2057	0.1512	0.1574	0.540350558151368
0.0934	0.1055	0.0103	0.061	0.042	0.042	0.274094447637542
0.2897	0.2728	0.0407	0.1686	0.1356	0.1358	0.426363179561564
0.2635	0.2767	0.0247	0.1645	0.1124	0.1216	0.4796445899306
0.9447	0.9484	0.317	0.8467	0.7853	0.7958	0.956982381529738
0.7482	0.755	0.1338	0.5387	0.4655	0.4611	0.826947941768239
0.7064	0.7085	0.146	0.5216	0.4376	0.4495	0.776438088454481
0.0738	0.0788	0.0076	0.0452	0.0328	0.0306	0.205145485763406
0.5457	0.5527	0.0798	0.3413	0.2929	0.2848	0.656807790217285
0.0483	0.0491	0.0054	0.0343	0.0218	0.0238	0.17562667406141
0.13	0.1299	0.0111	0.0775	0.0584	0.0627	0.307076262763196
0.9066	0.9134	0.2218	0.7648	0.6964	0.6823	0.936851280841422
0.068	0.072	0.0066	0.0382	0.032	0.0314	0.187916639102874
0.4105	0.4002	0.0434	0.2337	0.1925	0.1898	0.607039612243815
0.282	0.2735	0.0277	0.151	0.1133	0.1184	0.501408234497987
0.9149	0.9156	0.2593	0.7783	0.7241	0.7229	0.936883714149173
0.926	0.9293	0.2611	0.8101	0.7454	0.7411	0.946619537015026
0.6331	0.6386	0.084	0.4281	0.3386	0.3458	0.756224216991436
0.2036	0.2018	0.0184	0.1117	0.0771	0.084	0.400778482996005
0.3761	0.3741	0.0484	0.2232	0.1849	0.1841	0.543763874905383
0.5221	0.5291	0.0616	0.3348	0.2557	0.2583	0.684651307956299
0.0135	0.014	0.0016	0.0098	0.0055	0.0102	0.0657813134392277
0.1278	0.1283	0.015	0.0823	0.0527	0.0614	0.307901240330267
0.0088	0.0071	0.0014	0.0064	0.0028	0.005	0.0398567612285496
0.0023	0.0054	0.001	0.0019	0.0024	0.0023	0.0212491131004428
0.1167	0.1221	0.0107	0.0693	0.0549	0.051	0.28215368506835
0.0156	0.0183	0.0027	0.0128	0.0083	0.0092	0.0733725809400284
0.0206	0.0132	0.0016	0.0115	0.0095	0.0105	0.0861474874527009
0.4819	0.4709	0.0631	0.2961	0.2307	0.2367	0.638100969091284
0.4164	0.4224	0.0459	0.2441	0.2048	0.1904	0.598865188313723
0.0691	0.0636	0.0084	0.0414	0.0283	0.0298	0.208198373788962
0.2389	0.2335	0.031	0.1377	0.1056	0.1051	0.387411277967126
0.0482	0.0494	0.0059	0.0344	0.0215	0.0198	0.160852083261305
0.0197	0.0233	0.0032	0.0133	0.0094	0.0097	0.0843444524043809
0.4772	0.4784	0.0664	0.2989	0.2388	0.2581	0.615294928919729
0.1339	0.1349	0.0119	0.0747	0.0582	0.0594	0.377096629442878
0.2241	0.2224	0.0234	0.1375	0.092	0.0953	0.414372323142901
0.0091	0.0072	0.0013	0.0057	0.0054	0.0059	0.0495644993575618
0.0092	0.0093	0.0017	0.0082	0.0028	0.0046	0.0527792142570012
0.2716	0.2739	0.0316	0.1671	0.1273	0.1286	0.436054579303671
0.5142	0.5181	0.0603	0.3238	0.2599	0.2588	0.667122263502131
0.8222	0.8175	0.185	0.6247	0.5507	0.5557	0.863368120264578
0.0702	0.0671	0.0079	0.0484	0.0314	0.0297	0.226061597087781
0.4516	0.4404	0.047	0.267	0.2096	0.2104	0.634893389549229
0.0208	0.0191	0.0024	0.0147	0.0071	0.012	0.0953547070740613
0.3192	0.3148	0.0379	0.1898	0.1484	0.1513	0.479508236780989
0.5868	0.5808	0.0646	0.3646	0.285	0.2999	0.735732211391528
0.6	0.5987	0.095	0.3888	0.3241	0.3265	0.699171879036549
0.0845	0.083	0.0099	0.0518	0.0373	0.0427	0.219128810839354
0.3999	0.4116	0.0486	0.2463	0.1948	0.1939	0.570053590528589
0.808	0.8161	0.1502	0.6062	0.5412	0.5278	0.870251685153899
0.2719	0.2692	0.0288	0.157	0.1245	0.1336	0.467640752151035
0.0508	0.0494	0.0062	0.0274	0.0213	0.0245	0.161386669585305
0.0531	0.0578	0.0066	0.0371	0.0259	0.0254	0.184129816771879
0.3596	0.3612	0.0481	0.2212	0.1784	0.1878	0.506016033870236
0.0883	0.0965	0.011	0.0469	0.037	0.0358	0.227966094740599
0.6581	0.6575	0.0711	0.4028	0.3337	0.3295	0.796843592611778
0.0167	0.0203	0.0025	0.0129	0.0079	0.0082	0.0896924987087867
0.3209	0.3139	0.0368	0.1793	0.1357	0.1413	0.48902429807475
0.004	0.0043	4e-04	0.0022	0.0024	0.0014	0.024038010303094
0.5887	0.5994	0.0966	0.4093	0.3316	0.3421	0.693881822209102
0.1002	0.0978	0.0102	0.0675	0.0501	0.0484	0.250024707947913
0.8534	0.8739	0.2174	0.6952	0.6275	0.6244	0.892699301409004
0.6042	0.599	0.0668	0.3773	0.3111	0.3003	0.763464740679841
0.441	0.454	0.0512	0.2691	0.2034	0.2202	0.62308831478929
0.0051	0.0047	7e-04	0.0049	0.0036	0.0045	0.0343648784383989
0.0986	0.1008	0.0089	0.0632	0.0408	0.0471	0.268994567431628
0.178	0.173	0.0243	0.1045	0.0798	0.0818	0.346183413071468
0.5669	0.5629	0.0861	0.364	0.3047	0.3041	0.683942257786483
0.8877	0.8786	0.2253	0.7243	0.6602	0.6716	0.916280133297434
0.1036	0.1047	0.0121	0.0602	0.0474	0.0482	0.235663946117311
0.4586	0.47	0.0578	0.2888	0.235	0.2374	0.607837173540621
0.4429	0.4452	0.0633	0.2751	0.2291	0.2394	0.571849212042398
0.6869	0.6811	0.1507	0.4905	0.433	0.4288	0.741141773538003
0.5031	0.4918	0.0611	0.308	0.246	0.253	0.664800672167697
0.0377	0.04	0.0065	0.0217	0.0167	0.0184	0.144400458946448
0.0201	0.0187	0.0021	0.0123	0.0098	0.011	0.0836884472434343
0.1779	0.1729	0.0218	0.1057	0.0724	0.0809	0.347415131951354
0.4738	0.4725	0.0592	0.2927	0.2255	0.2284	0.640258370062971
0.1763	0.1738	0.0227	0.1061	0.0868	0.0889	0.296400716032441
0.3299	0.3279	0.0411	0.1989	0.1562	0.1706	0.486968017506153
0.7582	0.759	0.0917	0.5184	0.4304	0.4267	0.86654356206494
0.6574	0.6595	0.104	0.4323	0.3704	0.3689	0.76106020562322
0.548	0.5495	0.087	0.3588	0.2985	0.296	0.662044542323254
0.0653	0.0607	0.0084	0.0455	0.0306	0.0287	0.207248731702208
0.6891	0.6906	0.1037	0.4777	0.3912	0.403	0.799175816684329
0.229	0.236	0.0251	0.1355	0.0993	0.0982	0.439882317392371
0.0234	0.0179	0.0041	0.0148	0.0116	0.0094	0.0987018105600726
0.0714	0.077	0.0069	0.0461	0.0355	0.0333	0.193823300672687
0.0015	0.0013	1e-04	0.0011	4e-04	0.0011	0.0110765472078275
0.3797	0.3806	0.036	0.2223	0.1666	0.1739	0.590494048783958
0.4525	0.4454	0.0666	0.2795	0.2242	0.2306	0.575854914341426
0.0944	0.0904	0.0118	0.0636	0.0456	0.0417	0.20675477159263
0.2196	0.2187	0.0198	0.1218	0.0982	0.0909	0.427010593878698
0.0915	0.0813	0.0109	0.048	0.0399	0.0406	0.207067555183609
0.1624	0.165	0.0174	0.0894	0.0742	0.0761	0.343054273487684
0.8551	0.8571	0.1725	0.6584	0.5837	0.5914	0.897014820672993
0.0177	0.0149	0.0014	0.0121	0.0112	0.0082	0.0813245855500692
0.2783	0.2756	0.0301	0.1623	0.119	0.123	0.468934416406878
0.029	0.0293	0.0033	0.0188	0.0145	0.0125	0.115685432652855
0.6288	0.6364	0.0774	0.4068	0.3392	0.3372	0.764702910891804
0.0963	0.0952	0.0083	0.0636	0.0451	0.0431	0.256685067748006
0.0202	0.0238	0.0026	0.0172	0.0127	0.0129	0.094107796129191
0.0452	0.0422	0.0039	0.0245	0.0167	0.0191	0.146211209266066
0.6961	0.7	0.1108	0.4874	0.4104	0.4047	0.786726223161372
0.0111	0.0119	0.0027	0.0103	0.0062	0.0063	0.0452073684618017
0.0077	0.0056	6e-04	0.0045	0.0024	9e-04	0.0318882486626182
0.1085	0.114	0.0126	0.0623	0.0484	0.0562	0.244114484763184
0.7533	0.7701	0.1221	0.5518	0.4665	0.4831	0.849966907783723
0.038	0.0386	0.0059	0.0217	0.0209	0.0182	0.117540157848383
0.3322	0.3249	0.0416	0.1915	0.1546	0.1546	0.504097011631241
0.3122	0.3086	0.0337	0.1783	0.1365	0.1418	0.511050132588335
0.9816	0.982	0.4261	0.9398	0.9019	0.9114	0.986609870998308
0.1414	0.1444	0.0161	0.0853	0.0622	0.0583	0.287293108757223
0.7392	0.7327	0.1081	0.5199	0.4415	0.4457	0.828572625132689
0.8312	0.8166	0.1762	0.656	0.5734	0.586	0.879138957023151
0.9232	0.9311	0.2668	0.8054	0.7544	0.7556	0.946268928971822
0.0011	0.0028	3e-04	0.0023	0.0016	0.0012	0.0141373994870209
0.2717	0.2649	0.0246	0.1531	0.1113	0.1222	0.499325490443187
0.0086	0.0091	0.0017	0.0052	0.0056	0.0039	0.0473877238107701
0.164	0.1713	0.0144	0.0951	0.0752	0.0737	0.371962266627295
0.4004	0.4026	0.0616	0.2459	0.2033	0.2071	0.53412682931588
0.0035	0.0039	5e-04	0.0027	0.0036	0.0019	0.0297856455206719
0.4886	0.4783	0.0566	0.2886	0.2386	0.2444	0.648224251228179
0.0034	0.0028	0	0.0017	0.0013	2e-04	0.0177580823833557
0.0166	0.0128	0.0021	0.0101	0.0071	0.0095	0.0729885449917999
0.1834	0.1792	0.0186	0.1054	0.0798	0.0785	0.394655632306349
0.7048	0.717	0.1239	0.5111	0.427	0.431	0.793161873995462
0.3182	0.304	0.038	0.1891	0.1486	0.1545	0.471014730002827
0.3181	0.3222	0.0371	0.1844	0.1418	0.1436	0.518728724937099
0.0456	0.0458	0.0057	0.0299	0.0218	0.0185	0.13610151851809
0.0629	0.0509	0.005	0.0331	0.0205	0.022	0.216127474036387
0.431	0.4309	0.0549	0.2647	0.2114	0.2025	0.583819831433212
0.1923	0.1887	0.0186	0.1136	0.0911	0.0802	0.394609525752555
0.7473	0.7337	0.1047	0.5025	0.4292	0.4313	0.839541321531027
0.1122	0.1138	0.0143	0.0715	0.0538	0.0528	0.25024133350759
0.1331	0.1154	0.0146	0.071	0.0543	0.0582	0.27743672995018
0.6953	0.6964	0.0787	0.4559	0.3725	0.3737	0.81629761986337
0.1422	0.145	0.018	0.0844	0.0619	0.062	0.282969761167722
0.2161	0.2227	0.0221	0.134	0.103	0.0997	0.398380548459435
0.483	0.4784	0.0614	0.2866	0.2374	0.2519	0.626890570793173
0.0827	0.0803	0.0102	0.0498	0.0398	0.0372	0.222433714996523
0.3847	0.3875	0.0494	0.2328	0.1911	0.1846	0.55456619663677
0.0368	0.0383	0.0051	0.0212	0.0168	0.0155	0.135371222895209
0.4088	0.4146	0.0488	0.2466	0.1891	0.2005	0.569477990319687
0.1174	0.1364	0.0124	0.0697	0.0545	0.053	0.320769938232736
0.0042	0.0031	8e-04	0.0029	0.0017	0.0017	0.0220154290288948
0.1372	0.1339	0.014	0.0794	0.057	0.0558	0.262289914221041
0.0459	0.0425	0.0055	0.0264	0.0197	0.0215	0.151662488651709
0.0157	0.0195	0.0024	0.0111	0.0081	0.0115	0.0760883529172716
0.4901	0.4853	0.0619	0.3045	0.2414	0.2436	0.636202797766549
0.5244	0.5312	0.0551	0.3235	0.2653	0.264	0.711220632007685
0.1692	0.165	0.0169	0.0979	0.0747	0.0764	0.32104175900774
0.122	0.1182	0.012	0.0722	0.0546	0.056	0.271657670969807
0.1927	0.1946	0.0216	0.1173	0.0884	0.0942	0.356210799186093
0.0072	0.0064	3e-04	0.0044	0.0042	0.0024	0.036903772501303
0.3085	0.3095	0.0323	0.1866	0.1308	0.143	0.512621751883202
0.183	0.1962	0.0274	0.1209	0.0972	0.0928	0.335830283153172
0.6136	0.6203	0.0743	0.3956	0.3296	0.3271	0.750318678992113
0.0066	0.0075	6e-04	0.0067	0.0036	0.0035	0.0382822868320322
0.0146	0.0123	0.0016	0.0095	0.0069	0.0078	0.0597450330786447
0.7736	0.7767	0.1512	0.5739	0.4888	0.521	0.83016518523652
0.3305	0.326	0.0313	0.1933	0.1523	0.1449	0.523572201217062
0.2409	0.2494	0.0252	0.1509	0.1073	0.1077	0.431258504742015
0.7844	0.7618	0.1212	0.5696	0.4702	0.4894	0.851911468272213
0.3087	0.3123	0.0342	0.1872	0.1351	0.1417	0.486716980913002
0.5431	0.5662	0.0674	0.3552	0.2794	0.2826	0.683039952423951
0.0643	0.0608	0.0059	0.0393	0.025	0.0298	0.203142285443918
0.7105	0.7212	0.1325	0.5174	0.4391	0.4418	0.811903108361123
0.5723	0.5733	0.0744	0.3778	0.3049	0.3135	0.726728658890669
0.1466	0.1419	0.0175	0.0898	0.0655	0.062	0.309514482506648
0.4104	0.4015	0.0457	0.2558	0.1864	0.1959	0.58348651246715
0.5246	0.5197	0.074	0.3352	0.2708	0.2805	0.650923460499938
0.2875	0.2818	0.0284	0.1567	0.1241	0.1207	0.489586564496699
0.1469	0.1659	0.019	0.0851	0.065	0.0716	0.317281632867486
0.3947	0.3906	0.0471	0.2359	0.1797	0.1779	0.564877270545766
0.0072	0.0067	0.0027	0.0049	0.0058	0.0045	0.0443641360711561
0.3969	0.3984	0.039	0.2307	0.1663	0.1818	0.601416008126937
0.5492	0.5492	0.0672	0.3508	0.2922	0.2891	0.691620777766633
0.0583	0.0584	0.0057	0.0313	0.0251	0.0272	0.20552760322713
0.015	0.019	0.0024	0.0131	0.0079	0.0088	0.0824912981463512
0.3202	0.325	0.0334	0.1959	0.1518	0.1521	0.504692743551859
0.2013	0.2056	0.0249	0.1307	0.0898	0.1011	0.373664862277148
0.3477	0.357	0.0449	0.2106	0.1681	0.1589	0.500649691658723
0.6648	0.6505	0.0679	0.4274	0.3366	0.3476	0.797343964384213
0.0604	0.0626	0.0061	0.0393	0.0312	0.0311	0.207885007269028
0.585	0.5952	0.0812	0.3964	0.3205	0.3217	0.719309454160084
0.7239	0.7238	0.1543	0.5317	0.4575	0.4698	0.779451753855897
3e-04	2e-04	1e-04	5e-04	4e-04	3e-04	0.00390693797866418
0.6153	0.5987	0.0832	0.3917	0.3227	0.3294	0.72538699415104
0.3821	0.386	0.0383	0.2284	0.1826	0.1829	0.578389338389482
0.0088	0.013	0.0024	0.0083	0.0058	0.0058	0.0539612545982461
0.245	0.2548	0.0287	0.1455	0.1091	0.1175	0.425071631809984
0.0062	0.0067	2e-04	0.003	0.0031	0.003	0.0285691285054995
0.1461	0.1463	0.0143	0.0849	0.0713	0.0661	0.317425585611082
0.4836	0.4816	0.0471	0.2831	0.2165	0.2202	0.683001570072172
0.0074	0.0064	0.0014	0.0067	0.0034	0.0037	0.0444516703826172
0.4403	0.4364	0.0537	0.2761	0.2179	0.2214	0.603302888162161
0.0346	0.0429	0.0043	0.0289	0.0175	0.0195	0.14372253281652
0.1825	0.1847	0.0168	0.1047	0.0762	0.0827	0.394840054773564
0.0185	0.0206	0.0025	0.0114	0.0072	0.0099	0.0893947666311405
0.041	0.0417	0.0053	0.0282	0.0219	0.0191	0.136371089662818
0.1624	0.1571	0.0188	0.0927	0.0673	0.0709	0.351788593537578
0.0415	0.0459	0.0057	0.031	0.0231	0.0223	0.137563828904542
0.5365	0.5361	0.0619	0.3299	0.2571	0.2692	0.685450365152142
0.918	0.9257	0.2875	0.8064	0.7319	0.7476	0.938703720990145
0.5153	0.5121	0.0675	0.329	0.2658	0.2561	0.658088308831582
0.3717	0.3744	0.0433	0.2186	0.1814	0.1822	0.529935732476161
0.0744	0.0861	0.0088	0.0505	0.0335	0.0328	0.235832007378479
0.2795	0.2822	0.0246	0.1591	0.1174	0.1223	0.512246197466478
0.4176	0.4246	0.0483	0.254	0.192	0.1912	0.60773290045922
0.0364	0.04	0.0042	0.0267	0.0227	0.0174	0.161771865069896
0.0274	0.0236	0.0029	0.0141	0.0091	0.0118	0.111995351468082
0.0988	0.0973	0.0102	0.0561	0.0461	0.0444	0.258129425584589
0.9413	0.9447	0.2427	0.8311	0.7551	0.7621	0.962743620414321
0.0184	0.0204	0.0029	0.0131	0.0094	0.0089	0.081072249666441
0.0414	0.0456	0.005	0.0269	0.0179	0.0221	0.122587327480107
0.031	0.0272	0.0055	0.0205	0.0158	0.014	0.11780011149035
0.0179	0.0167	0.0034	0.0151	0.0088	0.0105	0.0882652566154471
0.0258	0.0297	0.0029	0.019	0.0134	0.0143	0.122115518273205
0.9573	0.9565	0.2664	0.8554	0.8026	0.8131	0.972175628759042
0.6905	0.6956	0.0936	0.4714	0.393	0.3884	0.796574510582236
0.0552	0.0515	0.0068	0.0311	0.0252	0.0211	0.186726308743612
0.1651	0.1563	0.0184	0.0995	0.0724	0.0775	0.380913368437901
0.0062	0.0064	4e-04	0.0043	0.0037	0.0041	0.0374496842847073
0.0887	0.086	0.009	0.0574	0.0343	0.0379	0.249023428743208
0.1359	0.1344	0.0157	0.0738	0.0591	0.0657	0.327343759734764
0.0282	0.0305	0.0028	0.0181	0.014	0.0129	0.109004654545705
0.293	0.2972	0.0324	0.1735	0.136	0.1324	0.497622060467556
0.0272	0.0264	0.0029	0.0178	0.0146	0.0136	0.131311230062988
0.3916	0.4044	0.0367	0.2306	0.1772	0.1761	0.612391873477097
0.4181	0.4196	0.0481	0.2472	0.1934	0.2076	0.580219661775315
0.0151	0.0132	0.0014	0.0116	0.0095	0.0085	0.0652483503617769
0.1821	0.18	0.0216	0.1056	0.0817	0.0797	0.34625846148812
0.9106	0.9004	0.2999	0.7845	0.7256	0.7299	0.927282367409178
0.0012	3e-04	1e-04	0.0013	4e-04	2e-04	0.00751499676423448
0.021	0.0162	0.0026	0.0126	0.0093	0.0103	0.0895961939478757
0.3362	0.3359	0.0345	0.1963	0.1458	0.1512	0.514469954564393
0.9861	0.985	0.4869	0.9532	0.9264	0.9319	0.989136924022311
0.0033	0.0025	2e-04	0.0028	0.0021	0.0018	0.0230764522327731
0.1374	0.1311	0.0091	0.0821	0.058	0.058	0.358085933230062
0.6779	0.6731	0.0984	0.4736	0.3709	0.3731	0.771438826021323
0.0149	0.014	0.0017	0.0102	0.0069	0.0083	0.0626143120162658
0.7191	0.712	0.1159	0.4944	0.4264	0.4178	0.798627613855733
0.041	0.0433	0.0055	0.0278	0.0192	0.0187	0.118385734511523
0.5911	0.5699	0.0665	0.3768	0.3064	0.3138	0.712538306073407
0.0446	0.05	0.0067	0.0302	0.0213	0.0213	0.146029936290494
0.7257	0.7239	0.1378	0.5208	0.4563	0.4574	0.80281121401653
0.2181	0.2095	0.0228	0.1256	0.0965	0.0999	0.413742380511654
0.6972	0.6952	0.1289	0.4903	0.4137	0.4298	0.779784323138155
0.2938	0.2918	0.0301	0.1741	0.1245	0.1335	0.504018428131681
0.0319	0.0288	0.0037	0.0253	0.0173	0.0183	0.12693165472124
0.4954	0.4943	0.0691	0.3208	0.2567	0.255	0.632865557892426
0.4712	0.4683	0.0706	0.2965	0.2401	0.252	0.600107539693052
0.0507	0.0542	0.0056	0.0327	0.025	0.0216	0.16849522497019
0.1552	0.1521	0.0166	0.0869	0.0684	0.0661	0.347736287480296
0.4927	0.4826	0.0676	0.3017	0.243	0.2498	0.628006989305221
0.9126	0.9192	0.2225	0.7736	0.7045	0.7107	0.939622729552998
0.8524	0.8444	0.2096	0.6922	0.6113	0.6181	0.885803177474943
0.5775	0.592	0.0855	0.3904	0.3238	0.3184	0.704995115825096
0.4231	0.428	0.0542	0.2559	0.2251	0.2091	0.570271277979729
0.1727	0.1674	0.0193	0.1043	0.081	0.08	0.349677991968262
0.3075	0.3028	0.0373	0.186	0.1461	0.1382	0.486294470477997
0.5771	0.5905	0.0978	0.3695	0.3211	0.3158	0.684300376918825
0.7145	0.7128	0.0962	0.4732	0.3919	0.3944	0.825094147722925
0.0029	0.0044	5e-04	0.0036	0.0028	0.0024	0.0250549492381457
0.3881	0.4016	0.0409	0.2233	0.1769	0.1716	0.596176822522343
0.1729	0.1596	0.0184	0.0934	0.0747	0.0751	0.353186468679907
0.0089	0.0082	0.0011	0.0062	0.006	0.0039	0.0513436067447216
0.0021	6e-04	4e-04	0.0013	0.0016	9e-04	0.0131849436547223
0.0667	0.0629	0.008	0.0398	0.0292	0.0297	0.20179240309204
0.8556	0.8582	0.1924	0.6764	0.5968	0.601	0.895019649117528
0.0915	0.0908	0.0072	0.0497	0.0437	0.0416	0.252012344276997
0.3593	0.3655	0.0344	0.2161	0.1546	0.1662	0.590064220563222
0.8322	0.8279	0.1713	0.6514	0.5677	0.5896	0.886887034680361
0.4254	0.422	0.0538	0.2623	0.2088	0.2	0.577566769124121
0.1453	0.1375	0.0164	0.0859	0.0633	0.0658	0.25965200366253
0.8563	0.8522	0.2198	0.6865	0.6287	0.6264	0.891044613035432
0.009	0.0107	0.0014	0.0068	0.0058	0.0046	0.0541759859350297
0.57	0.5791	0.0931	0.3727	0.3208	0.3206	0.672894060063099
0.0693	0.0685	0.0076	0.0431	0.036	0.0354	0.23255155607393
0.6455	0.6497	0.0856	0.433	0.3567	0.3485	0.765822146348375
0.0141	0.0116	0.002	0.0098	0.0075	0.0069	0.0747129648351773
0.0626	0.0624	0.0066	0.0405	0.0261	0.0334	0.17845374422994
0.2163	0.2148	0.0204	0.1347	0.0865	0.0921	0.409317887239683
0.1019	0.1044	0.0126	0.0626	0.048	0.0531	0.227629110081253
0.6048	0.5912	0.0751	0.3813	0.3084	0.3206	0.732264712342114
0.3432	0.3468	0.0331	0.1982	0.1475	0.1497	0.567549296973563
0.782	0.7911	0.1309	0.5707	0.4872	0.5004	0.856613165141429
0.8361	0.8301	0.1554	0.6494	0.5535	0.5529	0.883089750810421
0.0113	0.0113	0.0029	0.0077	0.0062	0.0068	0.067765903709302
0.898	0.8971	0.1982	0.7384	0.6693	0.6781	0.932949533315088
0.6819	0.6816	0.087	0.4626	0.3713	0.3775	0.795819650524696
0.1572	0.1527	0.0168	0.0921	0.0696	0.0731	0.304981680051723
0.7854	0.7773	0.1532	0.5788	0.5113	0.4996	0.84562741773993
0.2556	0.2514	0.0289	0.1458	0.1071	0.1064	0.432797500557869
0.0596	0.0607	0.0057	0.0346	0.0287	0.0254	0.173819652451503
0.5789	0.5712	0.0965	0.3841	0.3313	0.3309	0.683121573156239
0.3135	0.3102	0.0365	0.1913	0.1396	0.1484	0.473917032850414
0.9563	0.9537	0.3465	0.8718	0.8308	0.8345	0.966966287539304
0.0132	0.0115	0.0019	0.0067	0.0053	0.0055	0.0589028926082247
0.1871	0.1729	0.0171	0.1059	0.0818	0.0849	0.374982741593008
7e-04	0.0011	5e-04	0.001	9e-04	6e-04	0.00919316129333056
0.4028	0.4081	0.0532	0.2441	0.2047	0.1905	0.568457535829398
0.606	0.5927	0.0894	0.3906	0.3361	0.3326	0.705007981917969
0.0143	0.0131	0.0022	0.0106	0.0081	0.0064	0.0752299109293507
0.3775	0.3577	0.0429	0.2126	0.1704	0.1737	0.560017556601199
0.9487	0.9513	0.3136	0.8577	0.8028	0.8029	0.962432621288967
0.0283	0.0293	0.0037	0.0161	0.0117	0.0155	0.0927739948871285
0.0024	0.0027	5e-04	3e-04	9e-04	0.0015	0.0162898545588835
0.0586	0.048	0.0073	0.0345	0.0234	0.0263	0.174490093201172
0.3082	0.298	0.0296	0.1836	0.1331	0.1293	0.521415515799625
0.0128	0.0121	0.002	0.0097	0.0069	0.007	0.0654187704646863
0.0741	0.0751	0.0067	0.0413	0.0307	0.0311	0.226960811663464
0.659	0.6766	0.12	0.4555	0.4145	0.412	0.755967920799929
0.598	0.5994	0.0911	0.3872	0.321	0.3257	0.714368046487382
0.127	0.1307	0.0139	0.0704	0.0573	0.0582	0.305971377064667
0.1735	0.1634	0.0161	0.0975	0.0713	0.0762	0.372218644113938
0.3585	0.3577	0.044	0.2211	0.1634	0.1756	0.517277141637356
0.3736	0.3816	0.0459	0.2335	0.184	0.1826	0.524624579345725
0.0934	0.0881	0.0085	0.0603	0.0363	0.0482	0.265994734734921
0.0695	0.0713	0.0052	0.0452	0.0338	0.0317	0.230860291574158
0.3756	0.387	0.0459	0.2186	0.1762	0.1696	0.551781796470052
0.732	0.7328	0.1096	0.4998	0.4398	0.4368	0.81997357740568
0.7077	0.7024	0.1271	0.5137	0.4243	0.4329	0.779544521418749
0.7746	0.7576	0.1621	0.5807	0.5118	0.5111	0.831257116882272
0.0084	0.0093	0.0014	0.007	0.0046	0.0045	0.0494894256764238
0.2346	0.2255	0.0257	0.1408	0.097	0.0957	0.445180475125511
0.7949	0.8032	0.167	0.6036	0.515	0.5427	0.842822810944987
0.826	0.8088	0.1435	0.6101	0.5384	0.5429	0.881724911674962
0.0717	0.0716	0.0071	0.0396	0.0334	0.0298	0.228548722188333
0.0036	0.0031	4e-04	0.0022	0.0024	0.0021	0.0242361564915458
0.4533	0.4562	0.052	0.2847	0.2168	0.2201	0.625963968221843
0.0551	0.0585	0.0073	0.0385	0.0251	0.0322	0.179620942489056
0.6152	0.6107	0.1009	0.4099	0.3542	0.3444	0.717507891898734
0.3151	0.3187	0.0382	0.181	0.1527	0.1421	0.482269771250542
0.0614	0.0603	0.008	0.0399	0.0267	0.0297	0.16642681864038
0.0993	0.1048	0.0099	0.0603	0.0483	0.0501	0.278796487146822
0.0798	0.0841	0.0086	0.0523	0.0371	0.0371	0.240295436382639
0.1836	0.1815	0.0185	0.1101	0.0774	0.0838	0.369296197200515
0.0994	0.1037	0.0107	0.063	0.0454	0.0516	0.258005849147635
0.058	0.0538	0.0049	0.0344	0.0218	0.0246	0.175853801357545
0.5007	0.5031	0.0706	0.3255	0.2657	0.2769	0.652269264136212
0.0201	0.0169	0.0021	0.0128	0.0084	0.0112	0.0826939671432315
0.6308	0.6236	0.0828	0.3979	0.3207	0.3281	0.767339502585436
0.1002	0.0987	0.0113	0.0623	0.0431	0.0451	0.248458375112244
0.0656	0.0639	0.0067	0.0388	0.032	0.0346	0.21808084108787
0.0993	0.0952	0.012	0.0613	0.0508	0.043	0.233772514016003
0.2181	0.2039	0.022	0.1313	0.096	0.0999	0.382843067017418
0.0718	0.0658	0.0072	0.0423	0.0321	0.031	0.213833291187082
0.317	0.3146	0.0358	0.1916	0.142	0.1457	0.502825400263421
0.119	0.1146	0.0132	0.0687	0.0528	0.0464	0.260794015917737
0.3099	0.3039	0.0323	0.1752	0.1294	0.1428	0.49606012887232
0.9877	0.9819	0.3194	0.9341	0.9003	0.9033	0.990610849730761
0.338	0.3361	0.0481	0.2166	0.1548	0.1513	0.505599518506904
0.7549	0.752	0.1348	0.5327	0.4675	0.4776	0.8311151014632
0.0995	0.0943	0.0112	0.0626	0.0475	0.0471	0.261127222588772
0.2942	0.2912	0.039	0.1662	0.1306	0.1297	0.46074545792704
0.1885	0.1825	0.0234	0.1197	0.0895	0.0813	0.402849622910893
0.2381	0.2441	0.025	0.1442	0.1034	0.1097	0.413718675015974
1	1	0.9236	0.9999	0.9997	0.9995	0.999958586590333
0.0068	0.0071	6e-04	0.0054	0.0038	0.0029	0.0461284738804239
0.0496	0.0497	0.0071	0.031	0.0232	0.02	0.158054096102271
0.474	0.4785	0.051	0.2746	0.2256	0.218	0.661763183105985
0.1047	0.1027	0.0096	0.0536	0.0416	0.0464	0.268970505497784
0.2082	0.2089	0.0173	0.1229	0.0831	0.0905	0.438591143210278
0.573	0.562	0.0932	0.3772	0.3116	0.3137	0.683407238429576
0.3628	0.3745	0.0484	0.2235	0.1808	0.172	0.50806399936713
0.9562	0.9536	0.281	0.844	0.7928	0.8118	0.967047410735401
0.2477	0.252	0.0301	0.1467	0.113	0.1278	0.426091524782042
0.0253	0.0275	0.0021	0.0209	0.0118	0.0113	0.122639226798886
0.0018	0.0026	3e-04	9e-04	0.0014	9e-04	0.0122273493439579
0.7587	0.7616	0.1491	0.551	0.4781	0.5036	0.827166996519348
0.5579	0.5453	0.0714	0.3429	0.283	0.2787	0.695583532391805
0.6384	0.6275	0.0865	0.4144	0.3478	0.3412	0.746755965923687
0.1949	0.1882	0.0205	0.1154	0.0777	0.0896	0.384774649674272
0.0032	0.003	3e-04	0.0022	8e-04	0.0022	0.0135031671697151
0.6403	0.6398	0.0856	0.4061	0.336	0.3348	0.762285627029273
0.6535	0.6602	0.0959	0.4519	0.3673	0.3766	0.757563469717405
0.2816	0.2868	0.0309	0.1616	0.1115	0.1202	0.475932693175875
0.8312	0.8298	0.1752	0.6369	0.564	0.5639	0.881306659786599
0.8328	0.8295	0.1984	0.6609	0.5884	0.5997	0.877758855638202
0.3978	0.3946	0.0378	0.2336	0.1639	0.16	0.602368812185179
0.0199	0.0209	0.0032	0.0128	0.01	0.0127	0.0924369960287344
0.7488	0.7434	0.1649	0.5501	0.4858	0.492	0.793995272494498
0.6132	0.6251	0.0997	0.4181	0.3407	0.353	0.729789128730955
0.0473	0.0511	0.0062	0.0302	0.0254	0.025	0.166201370926152
0.0025	0.0016	4e-04	0.0013	0.0013	0.0011	0.0156665098834993
0.7337	0.7316	0.113	0.5071	0.4218	0.4504	0.826358630624985
0.358	0.3575	0.0519	0.2151	0.1649	0.1747	0.516104618596316
0.3687	0.3769	0.0374	0.2231	0.1736	0.176	0.557173624736867
0.3416	0.3321	0.0454	0.1972	0.1578	0.15	0.495600131201556
0.0156	0.0148	0.0021	0.0089	0.0068	0.0069	0.0681355132459536
0.0174	0.0143	0.0023	0.0112	0.0071	0.0078	0.0740464067437922
0.2345	0.2285	0.0247	0.1345	0.0962	0.106	0.434819388974309
0.06	0.0582	0.0072	0.0391	0.0265	0.0264	0.182435145602021
0.9494	0.9354	0.2354	0.83	0.756	0.7575	0.961032980364258
0.7804	0.7866	0.1142	0.5693	0.4747	0.477	0.865880761150417
0.4835	0.4735	0.0647	0.2938	0.2388	0.2353	0.630017598931802
0.0018	0.0029	2e-04	0.0019	8e-04	7e-04	0.0153716893589935
0.3718	0.369	0.0553	0.2341	0.1919	0.1873	0.497575698299681
0.0549	0.0521	0.0063	0.0365	0.0224	0.0283	0.15981949187387
0.0713	0.0701	0.0081	0.0416	0.0293	0.0357	0.234109631369496
0.0988	0.0841	0.014	0.0544	0.0438	0.0426	0.182348017591448
0.5796	0.5803	0.0884	0.3769	0.3169	0.312	0.687166855256595
0.1364	0.1276	0.0157	0.0739	0.0556	0.0616	0.295982471153077
0.3242	0.3236	0.0377	0.1827	0.1478	0.1484	0.533615211562674
0.1458	0.1234	0.0155	0.0742	0.067	0.0622	0.310775459842109
0.3464	0.3322	0.036	0.1921	0.1458	0.1577	0.520475022612649
0.2808	0.2798	0.0268	0.1531	0.1322	0.1286	0.46210376018158
0.3728	0.3779	0.0476	0.2341	0.1866	0.1837	0.539713105381351
4e-04	0.0012	1e-04	3e-04	4e-04	2e-04	0.00540345216362045
0.0379	0.039	0.0052	0.0207	0.0192	0.0182	0.120618130221827
0.3388	0.3408	0.0418	0.2009	0.1608	0.1555	0.498120057567806
0.1538	0.1455	0.018	0.0905	0.0664	0.0644	0.311977134517714
0.3218	0.3039	0.0326	0.1773	0.1321	0.142	0.520339464029731
0.1555	0.1521	0.0186	0.0961	0.071	0.0721	0.308418602102955
0.5395	0.5428	0.0718	0.3532	0.2794	0.2828	0.681536827286729
0.0239	0.018	0.0038	0.0121	0.0106	0.0081	0.0976883540684412
0.5855	0.5851	0.0819	0.3744	0.3117	0.3131	0.71783088303978
0.1155	0.1152	0.0127	0.064	0.052	0.0479	0.256861756120337
0.4618	0.4602	0.0459	0.2608	0.2178	0.2191	0.622017661424805
0.7081	0.7112	0.113	0.498	0.4057	0.4168	0.804733959308112
0.3269	0.3349	0.0367	0.1923	0.147	0.1516	0.524520667442699
0.0265	0.0259	0.0028	0.0202	0.0119	0.0123	0.106864766536398
0.5561	0.5466	0.0712	0.3527	0.2747	0.272	0.689065330196247
0.003	0.0036	0.0011	0.0041	0.0013	0.001	0.0217215810370248
0.0115	0.0139	9e-04	0.0096	0.0052	0.0075	0.0620755878978872
0.1719	0.1633	0.0184	0.0951	0.0773	0.074	0.341854654459735
0.135	0.1291	0.0122	0.0803	0.0576	0.0615	0.310346522925562
0.0195	0.018	0.0016	0.0147	0.0096	0.0109	0.0813008810019106
0.0859	0.0857	0.0099	0.0518	0.0345	0.0417	0.233820116318018
0.0718	0.0778	0.0094	0.0405	0.0332	0.0337	0.219021951874069
0.2064	0.203	0.0197	0.124	0.0839	0.0863	0.42001304744283
0.018	0.019	0.0021	0.0132	0.0101	0.0096	0.09416803972423
0.308	0.3029	0.0363	0.1752	0.141	0.1436	0.471812852868295
0.122	0.1292	0.0148	0.0815	0.0555	0.0546	0.292008705415268
0.3512	0.3533	0.0405	0.2164	0.1694	0.1699	0.534260249013485
0.1093	0.1096	0.0154	0.0714	0.0497	0.0535	0.235414274505169
0.2214	0.22	0.0246	0.1216	0.0978	0.0991	0.382284996228706
0.1545	0.1441	0.0149	0.0898	0.0593	0.0661	0.357794761308883
0.6184	0.6123	0.0926	0.4051	0.3387	0.3399	0.724090338537094
0.0107	0.01	9e-04	0.0092	0.0059	0.0057	0.0518110752066354
0.8554	0.8643	0.1727	0.6767	0.6108	0.6046	0.9066464645853
0.2758	0.2816	0.0358	0.1694	0.1383	0.1389	0.424308397547827
0.7951	0.7943	0.16	0.6092	0.5294	0.5425	0.85687163040266
0.1147	0.1199	0.0124	0.0657	0.0563	0.0535	0.261231231214152
0.8075	0.8104	0.1439	0.5999	0.5325	0.5234	0.867185921496627
0.0432	0.0418	0.006	0.0289	0.0202	0.0222	0.144040650827519
0.2614	0.2704	0.0408	0.1628	0.1324	0.1232	0.397112617849412
0.0201	0.0177	0.002	0.0113	0.0089	0.0083	0.0682234146778339
0.1888	0.1862	0.0207	0.1094	0.0809	0.0866	0.386366177426633
0.3504	0.3569	0.0331	0.2073	0.15	0.157	0.569037927144653
0.9818	0.9823	0.3508	0.9261	0.8916	0.8966	0.987020728138224
0.1823	0.1774	0.0227	0.1099	0.0846	0.0848	0.337790010462692
0.9568	0.9598	0.3387	0.8724	0.8228	0.8377	0.969956562714634
0.0101	0.0102	0.002	0.0071	0.0036	0.005	0.0523424491836652
0.0108	0.014	0.0017	0.0091	0.0061	0.0057	0.0596130454409848
0.2156	0.2134	0.0224	0.1154	0.0934	0.0989	0.394501421721678
0.1661	0.1599	0.0149	0.0966	0.0809	0.0723	0.358832507163865
0.152	0.1463	0.015	0.092	0.0586	0.0593	0.333127806574533
0.1819	0.1859	0.0186	0.0943	0.0807	0.0801	0.375963770415717
0.0466	0.0455	0.0064	0.0296	0.0236	0.0208	0.138836076980607
0.006	0.0036	7e-04	0.0032	0.0026	0.0024	0.0249111927037977
0.7713	0.7833	0.1346	0.5742	0.4873	0.496	0.854070410676907
0.1627	0.162	0.0199	0.1062	0.0763	0.077	0.342762636260914
0.0386	0.0367	0.0041	0.0205	0.0154	0.0161	0.13288718919991
0.446	0.4438	0.0599	0.2667	0.2179	0.2171	0.592933034791726
0.2806	0.2836	0.0333	0.1753	0.1283	0.1344	0.477229137554992
0.8808	0.8727	0.199	0.7121	0.6377	0.637	0.912708092318415
0.083	0.0823	0.0106	0.0523	0.0399	0.0368	0.194233462794209
0.0505	0.0526	0.0059	0.0352	0.0254	0.0262	0.187401720556805
0.1985	0.2096	0.0212	0.1222	0.0938	0.09	0.40345098636978
0.0151	0.0182	0.0021	0.0121	0.0083	0.0106	0.0681723657798613
0.0441	0.0412	0.0053	0.0319	0.0176	0.0187	0.178956822745217
0.6792	0.6774	0.0911	0.4558	0.3836	0.3788	0.789762121707583
0.0537	0.0497	0.0067	0.0284	0.0226	0.0289	0.174309720795092
0.1624	0.1605	0.0213	0.1001	0.0754	0.0811	0.303053505036403
0.1651	0.1499	0.0143	0.0839	0.0691	0.0663	0.322748929181723
0.2566	0.2584	0.0303	0.1422	0.1079	0.1136	0.45461720742218
0.8576	0.8519	0.2199	0.6958	0.6172	0.63	0.891302061308972
0.5113	0.5069	0.0547	0.306	0.2408	0.2373	0.684644133662565
0.0026	0.0031	3e-04	0.0026	0.0028	0.0019	0.0214827685431166
0.0057	0.007	0.0015	0.0056	0.003	0.0035	0.0372592155090103
0.7807	0.7651	0.1169	0.5435	0.4644	0.4701	0.857658646865448
0.1892	0.1945	0.0228	0.1164	0.0932	0.087	0.375269617130453
0.7403	0.742	0.1074	0.5112	0.4364	0.4272	0.834668484578647
0.2784	0.2872	0.0287	0.167	0.1289	0.1226	0.492518887716118
0.6381	0.6588	0.094	0.4277	0.3632	0.3695	0.763912988990961
0.3896	0.379	0.0362	0.2268	0.1663	0.1669	0.589490789229057
0.0763	0.0794	0.0107	0.0472	0.0374	0.0312	0.208991758866839
0.0026	0.0046	3e-04	0.0024	0.0015	0.004	0.0198953749284423
0.0598	0.0582	0.0065	0.0389	0.0286	0.0308	0.194531499132502
0.8151	0.811	0.192	0.6333	0.5737	0.5782	0.85474539569142
0.0269	0.0284	0.0044	0.0193	0.0148	0.0152	0.101392329024904
0.6764	0.659	0.102	0.4638	0.3839	0.385	0.769625046346844
0.3602	0.3422	0.0457	0.215	0.1606	0.1708	0.523001423341189
0.1304	0.1253	0.0138	0.0771	0.0569	0.0553	0.303551792588876
0.8402	0.8535	0.1497	0.6524	0.5734	0.5743	0.898889401763614
0.8994	0.9001	0.174	0.7263	0.639	0.65	0.933232331814296
0.3928	0.3992	0.0427	0.2312	0.1793	0.1796	0.581584184562432
0.0147	0.0125	0.0026	0.0093	0.009	0.0075	0.0717929104315406
0.3615	0.3556	0.0478	0.233	0.1778	0.1843	0.514371617709469
0.1336	0.1338	0.0139	0.0794	0.0543	0.0619	0.326336038698
0.2922	0.2925	0.0277	0.1648	0.119	0.1351	0.507915594746219
0.4118	0.4285	0.0672	0.2715	0.2182	0.2325	0.560279220448392
0.0752	0.0696	0.008	0.0466	0.0349	0.0351	0.207952538915116
0.0562	0.0564	0.0066	0.0441	0.027	0.0288	0.192856767608655
0.7322	0.7363	0.1251	0.5125	0.4316	0.4429	0.816377277632675
0.1006	0.1009	0.0113	0.0595	0.0482	0.0462	0.235168386041446
0.083	0.0769	0.0101	0.0539	0.0332	0.0395	0.226497023142895
0.879	0.8693	0.2323	0.7368	0.665	0.6699	0.906155636277558
6e-04	5e-04	0	0	2e-04	1e-04	0.00247523738430286
0.6252	0.6309	0.0978	0.4234	0.355	0.3493	0.749754276861174
0.0049	0.0049	7e-04	0.0041	0.003	0.0028	0.0319052285565245
0.0814	0.0846	0.0106	0.0551	0.0397	0.0418	0.22229906142434
0.1018	0.1127	0.0128	0.066	0.049	0.0472	0.26943933858687
0.013	0.0139	0.0026	0.0109	0.0096	0.0084	0.0689141773756433
0.7861	0.7878	0.1147	0.5668	0.4777	0.4856	0.864652823580792
0.0345	0.0416	0.0044	0.0225	0.0142	0.0147	0.127395827631144
0.4009	0.3853	0.0499	0.2281	0.1884	0.1812	0.555091931877387
0.0837	0.0771	0.009	0.0519	0.0378	0.0389	0.244658526419849
0.0259	0.0223	0.0034	0.0144	0.0108	0.0097	0.0934939129254785
0.3698	0.3671	0.0449	0.2184	0.1725	0.1746	0.528542066040137
0.0385	0.0482	0.0063	0.0299	0.0194	0.027	0.154860142999124
0.0194	0.0161	8e-04	0.0098	0.0057	0.0069	0.0614272063670427
1e-04	3e-04	1e-04	0	2e-04	1e-04	0.00443698606318652
0.167	0.175	0.0159	0.1058	0.0725	0.0766	0.36199821192096
0.6141	0.6206	0.0804	0.3936	0.3311	0.3368	0.741863258393338
0.4455	0.4386	0.048	0.2477	0.1894	0.2	0.632938947555142
0.5983	0.6107	0.0902	0.4155	0.334	0.338	0.715848024421271
0.4326	0.4349	0.0572	0.2574	0.215	0.2156	0.582875125432904
0.8683	0.8594	0.1907	0.6786	0.6122	0.6107	0.902122056688123
0.6414	0.6503	0.0889	0.4297	0.3582	0.3483	0.781026379040288
0.6777	0.6789	0.1121	0.4717	0.3965	0.4003	0.768128732934296
0.1892	0.1835	0.0207	0.1043	0.0789	0.0833	0.390473832940595
0.003	0.0027	4e-04	0.0022	0.0023	0.0026	0.0217310354187596
0.3424	0.3298	0.0318	0.1906	0.1516	0.1439	0.548064614257703
0.3015	0.2896	0.0338	0.1745	0.1346	0.1336	0.466082675385423
0.029	0.0316	0.0046	0.0202	0.0148	0.0149	0.103455282764923
0.4612	0.4529	0.0606	0.2809	0.2266	0.2181	0.610886371999686
0.9095	0.9005	0.2112	0.7516	0.6812	0.6983	0.935773918924515
0.0631	0.0753	0.0089	0.0443	0.0372	0.0305	0.198772644175523
0.1855	0.1731	0.0198	0.1066	0.0825	0.0911	0.374106306055749
0.8183	0.8223	0.1551	0.6211	0.5403	0.5535	0.871248125305758
0.3823	0.3774	0.0456	0.2245	0.1783	0.1869	0.558511643874388
0.0355	0.0412	0.0033	0.0238	0.0184	0.0192	0.154735572841277
0.3067	0.3125	0.0275	0.1766	0.1435	0.1313	0.527718032533331
0.8043	0.8052	0.1542	0.6076	0.5403	0.5306	0.865295247820507
0.5591	0.554	0.068	0.3511	0.2734	0.2806	0.708586992579915
0.0362	0.0443	0.0064	0.0292	0.0192	0.0183	0.134052345264617
0.5816	0.5885	0.0717	0.3632	0.2986	0.2958	0.73163934599861
0.6881	0.6919	0.1035	0.4766	0.3763	0.3906	0.787913008386137
0.0119	0.0114	8e-04	0.0095	0.0043	0.0041	0.0666563456044202
0.426	0.4254	0.0504	0.2578	0.1977	0.2008	0.60282041922942
0.5895	0.5809	0.0856	0.3812	0.328	0.3241	0.703063221787818
0.0813	0.0814	0.0106	0.049	0.0383	0.0415	0.255190264113821
0.0107	0.0117	0.0019	0.0096	0.008	0.0069	0.0627303592008095
0.3178	0.2827	0.031	0.166	0.1334	0.1431	0.504268761232143
0.2588	0.265	0.0292	0.1478	0.1064	0.1151	0.457719214634691
0.0298	0.0283	0.0036	0.019	0.016	0.0129	0.122128721384389
0.9848	0.9851	0.4068	0.9408	0.9051	0.9092	0.989108711287061
0.4783	0.4747	0.0596	0.2933	0.2195	0.2453	0.636146858653303
0.5609	0.5513	0.0812	0.3651	0.3008	0.2921	0.688848102067787
0.1124	0.1146	0.0119	0.0689	0.0516	0.0548	0.252901879299579
0.4406	0.4454	0.0443	0.2556	0.2036	0.2135	0.629181362021463
0.3004	0.2995	0.0347	0.1776	0.1395	0.137	0.47920884531596
0.0068	0.0059	0.0017	0.0052	0.0042	0.0017	0.0356034427529625
0.1444	0.1442	0.017	0.0846	0.0616	0.0613	0.309178902085581
0.4284	0.4372	0.0479	0.2486	0.1994	0.2064	0.577015243737317
0.9549	0.9618	0.2603	0.8526	0.7899	0.791	0.969620096212777
0.1886	0.1735	0.0218	0.0983	0.076	0.0794	0.38165334422642
0.0789	0.0802	0.0078	0.0493	0.0361	0.0368	0.242951283530704
0.4539	0.4751	0.0532	0.2924	0.2282	0.2288	0.633795683715135
0.1352	0.1397	0.0147	0.0813	0.0589	0.0586	0.33213077261068
0.6945	0.69	0.0997	0.4717	0.3797	0.3856	0.787394584035806
0.1813	0.1809	0.0204	0.1062	0.0783	0.0767	0.353325158781604
0.0132	0.0119	0.0024	0.0088	0.0076	0.0059	0.0631721889906484
0.1825	0.1902	0.0182	0.1041	0.0795	0.0844	0.392252249492246
0.4782	0.4905	0.0571	0.2932	0.239	0.238	0.632124217121366
0.4244	0.4295	0.0617	0.2669	0.2196	0.217	0.56893553208441
0.1723	0.1857	0.0195	0.105	0.0817	0.0804	0.337783265879867
0.2033	0.2052	0.0258	0.1304	0.1007	0.0961	0.349451019437346
0.4364	0.4511	0.0532	0.272	0.2097	0.2137	0.626541122922535
0.004	0.0039	8e-04	0.0032	0.0015	0.0013	0.0242242769093333
0.6925	0.6986	0.1073	0.4924	0.4154	0.4255	0.798544874807329
0.0319	0.0265	0.0024	0.0177	0.0139	0.0125	0.109407867850697
0.2844	0.2874	0.0393	0.171	0.1381	0.1396	0.433301785072025
0.0635	0.0569	0.0073	0.0373	0.0295	0.0264	0.172961270409725
0.1525	0.1505	0.0158	0.085	0.0694	0.0695	0.306274175817995
0.7982	0.8002	0.1463	0.5961	0.5228	0.5193	0.861244271875519
0.0061	0.0053	0.0011	0.0039	0.0031	0.0035	0.0371248298950225
0.0149	0.0101	0.0015	0.0102	0.0053	0.0069	0.0665504296774524
0.5845	0.6028	0.1016	0.3932	0.3491	0.3427	0.676927125152729
0.9288	0.9139	0.2647	0.8081	0.7321	0.7518	0.947586722615031
0.2554	0.2589	0.025	0.1406	0.1175	0.122	0.481489845486417
0.058	0.0604	0.0069	0.0364	0.0284	0.0296	0.184453784309306
0.9982	0.9982	0.6006	0.9904	0.9827	0.9847	0.998546783108064
0.1564	0.1514	0.0168	0.0868	0.0688	0.0651	0.316020111215661
0.2667	0.2698	0.0356	0.1562	0.1265	0.1221	0.419302822294511
0.6144	0.6197	0.1	0.4071	0.3341	0.3377	0.725093258065754
0.9509	0.9494	0.3882	0.8654	0.8252	0.8276	0.962153593057325
0.7139	0.7357	0.1118	0.5002	0.4237	0.4293	0.823248725878821
0.0286	0.0303	0.0031	0.0176	0.0156	0.0162	0.132571443082405
0.3514	0.3393	0.0366	0.2098	0.1622	0.1535	0.533087048496677
0.4633	0.4786	0.0632	0.2908	0.2344	0.2413	0.627083488895574
0.1285	0.1291	0.0167	0.0768	0.0545	0.0626	0.266281046199561
0.6996	0.6843	0.0866	0.4709	0.3761	0.3815	0.804071002934839
0.6834	0.6997	0.1095	0.4828	0.3951	0.4074	0.790251453046157
0.441	0.442	0.0592	0.281	0.2243	0.2254	0.582083175654311
0.6453	0.6474	0.1007	0.4399	0.368	0.3665	0.739835568982237
0.0062	0.0071	0.001	0.0049	0.0029	0.0027	0.0370662341329398
0.3775	0.3622	0.0393	0.2149	0.1591	0.1647	0.570500239687556
0.0212	0.0176	0.002	0.0119	0.008	0.0071	0.0768171861993626
0.4133	0.4232	0.0371	0.2393	0.1857	0.1918	0.612494544143392
0.0814	0.0832	0.0101	0.0488	0.0377	0.0374	0.226259396157095
0.4566	0.4473	0.0696	0.2908	0.2333	0.2266	0.576256565690707
0.0155	0.0187	0.0015	0.0129	0.0087	0.0067	0.0779835080708533
0.0333	0.0293	0.0032	0.0212	0.0167	0.0128	0.144369142067981
0.5602	0.5468	0.0842	0.3689	0.2945	0.2944	0.675448073161644
0.6491	0.6351	0.0906	0.4353	0.3553	0.3737	0.759020422511634
0.3173	0.3057	0.0372	0.1798	0.1358	0.1394	0.490581296283771
0.3134	0.3298	0.0282	0.195	0.141	0.143	0.559928746764877
0.4451	0.4335	0.0585	0.2777	0.223	0.2172	0.579772257576021
0.08	0.0709	0.0104	0.0447	0.0359	0.0303	0.222756122497439
0.0698	0.0735	0.0096	0.0475	0.0345	0.0366	0.221626363664388
0.3844	0.3863	0.0472	0.2299	0.1788	0.1863	0.543679731871905
0.0155	0.0143	0.0022	0.0096	0.0086	0.0081	0.0715980915287259
0.0019	0.0012	5e-04	0.001	0.0014	0.0011	0.0145873834238918
0.5601	0.5567	0.0651	0.3447	0.28	0.2883	0.695909086587848
0.8857	0.8628	0.238	0.724	0.6424	0.6483	0.908306636563597
0.012	0.0161	0.0018	0.0093	0.0065	0.008	0.0589612437970567
