FMP	RMP	FPP	UPP	ANPP	NPP	ANCOVA
0.0012	0.0018	0.0037	0.0127	0.0062	0.008	0.129851022949608
0.0129	0.0145	0.0131	0.0716	0.0417	0.0345	0.299183619516989
3e-04	1e-04	1e-04	7e-04	0	2e-04	0.00417355660472388
9e-04	3e-04	8e-04	0.003	0.0015	0.0013	0.0257056485127099
0	0	2e-04	1e-04	3e-04	2e-04	0.00260245811640247
0.0011	0.0017	0.0013	0.004	0.0031	0.0016	0.044593069304656
0.0046	0.0046	0.0036	0.0222	0.0103	0.0092	0.120554492733468
0.0301	0.0309	0.0355	0.1271	0.0819	0.0811	0.424245294707222
0.4118	0.4017	0.029	0.3734	0.2219	0.2145	0.605117014980977
0.0028	0.0018	0.0023	0.0109	0.0073	0.0092	0.127879479755525
0.0558	0.0536	0.0223	0.149	0.0876	0.0718	0.4726061245399
2e-04	0	0	0	0	0	0.000495480857340977
0.1193	0.1305	0.0375	0.2838	0.152	0.1597	0.704043658926472
2e-04	1e-04	1e-04	5e-04	5e-04	5e-04	0.0200576677825737
0.0052	0.0024	5e-04	0.0164	0.0056	0.0067	0.0855587518086215
0.0179	0.0143	0.0175	0.09	0.0445	0.047	0.419395440026863
0.0093	0.0104	0.0047	0.0269	0.0152	0.0169	0.124998994403714
0.0017	0.0018	3e-04	0.0046	0.0027	0.003	0.0239708689844527
0.0011	9e-04	0.0012	0.0074	0.0025	0.0042	0.0854495398779702
0	7e-04	3e-04	9e-04	1e-04	5e-04	0.0143529526872049
0.014	0.0158	0.0158	0.0795	0.0422	0.0416	0.41817549629555
0.0021	0.0041	0.0063	0.0184	0.0127	0.0122	0.189460336250979
0	1e-04	0	0.0011	3e-04	2e-04	0.00964802633903232
0.307	0.3239	0.0743	0.4352	0.2616	0.2611	0.766112187687149
0.0014	0.0012	0.0024	0.007	0.0022	0.0047	0.0650767385943724
0.0065	0.0053	0.007	0.0321	0.018	0.0165	0.212090250293183
0.0486	0.0425	0.0222	0.1457	0.0688	0.0673	0.504908889475768
6e-04	0.0012	9e-04	0.0034	0.001	0.0018	0.0419906049161568
0.1816	0.1795	0.0536	0.324	0.1811	0.1928	0.670289325387097
0.1114	0.1314	0.038	0.2511	0.1514	0.1429	0.568786645810394
0.0099	0.0088	0.009	0.0548	0.0264	0.0284	0.326768446038802
0.0167	0.0172	0.013	0.0761	0.0364	0.0337	0.326464832052123
2e-04	7e-04	9e-04	0.0042	0.0026	0.0023	0.043904315588495
0.0027	0.0015	2e-04	0.0026	0.0028	0.0014	0.0147264293356817
0.078	0.0655	0.0168	0.1439	0.0759	0.0783	0.375098146320669
0.0014	0.0019	0.0015	0.0147	0.0081	0.0067	0.126129199032685
1e-04	2e-04	0.002	0.0059	0.0031	0.0038	0.0672596776781881
0.0078	0.0081	0.0019	0.0244	0.0137	0.0089	0.151831787375424
0.0084	0.006	0.0049	0.0284	0.0138	0.0158	0.151725707152355
0.0058	0.0061	0.0079	0.0373	0.0202	0.0182	0.257568034249965
0.0191	0.0182	0.0172	0.0839	0.0462	0.0447	0.376322343401067
0.0118	0.0128	0.009	0.0539	0.0302	0.0314	0.304995993471254
0.0192	0.0244	0.0076	0.0725	0.0296	0.0311	0.275623489386312
8e-04	8e-04	8e-04	0.0043	0.0017	0.0013	0.0228891106172736
0.0011	1e-04	5e-04	0.0018	0.0016	2e-04	0.0229430424585891
5e-04	6e-04	2e-04	0.0013	0.0022	0.0014	0.0305062217499527
1e-04	8e-04	0.0013	0.003	0.0021	0.0016	0.0485284416922382
2e-04	1e-04	9e-04	0.0018	1e-04	4e-04	0.0178175651327726
9e-04	8e-04	0.0018	0.006	0.0044	0.0037	0.0626372120166399
0.0036	0.0031	7e-04	0.0068	0.0032	0.0041	0.0415173993864373
4e-04	8e-04	5e-04	0.0015	4e-04	9e-04	0.0125980297731359
0	0	0	2e-04	0	0	0.000530798077366567
0.1752	0.1811	0.0083	0.1393	0.0818	0.0801	0.219537819741562
0.0016	0.0016	0.0022	0.0117	0.0038	0.0044	0.0876098413605632
0	1e-04	0	5e-04	2e-04	0	0.00136591810772639
0.0713	0.0739	0.0082	0.1099	0.0479	0.0541	0.305561247929139
2e-04	1e-04	1e-04	8e-04	1e-04	2e-04	0.00960878709995539
0.01	0.0107	0.0042	0.0325	0.0148	0.0171	0.16510039994428
2e-04	4e-04	8e-04	0.0055	0.0023	0.0023	0.0323913224562678
0.1014	0.098	0.0136	0.1425	0.0724	0.0787	0.33082066692627
0.0568	0.0513	0.0065	0.0831	0.0396	0.0433	0.200668200466213
3e-04	1e-04	1e-04	2e-04	2e-04	0	0.00485904909526083
0	2e-04	2e-04	8e-04	3e-04	6e-04	0.0146176976174394
0	0	1e-04	1e-04	0	0	0.00171912852366385
1e-04	0	5e-04	0.0014	8e-04	0.001	0.0273735695457099
0.0091	0.0078	0.0075	0.0347	0.0258	0.0221	0.205165046100132
0	0	0	0	3e-04	2e-04	0.00199352681418149
6e-04	2e-04	0	0.0032	0.0012	9e-04	0.0213702226510746
0.0134	0.0139	0.0029	0.0441	0.0201	0.021	0.168430997198277
6e-04	0.0013	0.005	0.0092	0.0074	0.0065	0.110816720424506
0.1521	0.1439	0.0301	0.251	0.1353	0.1429	0.581346751444572
0.0098	0.0088	0.0063	0.0375	0.0206	0.0218	0.206516073184672
0.0109	0.0136	0.0013	0.0237	0.0095	0.0112	0.0971951097116281
0.0016	0.0015	0.002	0.0114	0.0058	0.0052	0.0944673168223416
0.0521	0.0467	0.0285	0.1471	0.0867	0.0819	0.420088621041722
3e-04	0.001	0.0022	0.0085	0.0048	0.0039	0.0921241214932227
0.0012	6e-04	0.0028	0.0114	0.0056	0.0058	0.0997684392727876
2e-04	0	0	0	7e-04	1e-04	0.00395293598005384
0.0061	0.0044	0.0017	0.0198	0.0098	0.0054	0.0783714720945885
5e-04	0.0011	7e-04	0.0038	0.0022	0.003	0.0533932539645352
0.0022	0.0036	0.0031	0.015	0.0118	0.0116	0.121854688793467
0	0	0	0	0	0	0.000903584887643277
0.0275	0.0252	0.0203	0.0984	0.0581	0.0637	0.346067843157071
0.4205	0.4352	0.0323	0.3558	0.2349	0.2302	0.549251728305262
0.0015	0.0012	3e-04	0.0061	0.0033	0.0023	0.064824150450946
2e-04	1e-04	8e-04	0.003	8e-04	0.0015	0.0272803642111973
0.0108	0.0086	0.0116	0.0469	0.0312	0.0318	0.25362159501475
0	0	0	0	0	0	6.07020591943181e-05
0	2e-04	1e-04	3e-04	0	0	0.00710504108915034
0	1e-04	0	0	0	0	0.000775130983118083
0.0054	0.0031	0.005	0.0213	0.014	0.0116	0.16619277167677
7e-04	1e-04	0.0017	0.0057	0.0059	0.0034	0.0602517762848201
0.0012	1e-04	7e-04	0.004	0.0018	0.0038	0.0570555240606007
4e-04	8e-04	1e-04	0.001	0.0013	0.0018	0.0072835677777383
1e-04	0	0	1e-04	1e-04	0	0.002066318708015
0.3144	0.3067	0.0491	0.3637	0.2071	0.2202	0.617718269587831
0.0694	0.0659	0.0151	0.135	0.0645	0.067	0.350001020199615
0.002	0.0019	0.0031	0.0205	0.0101	0.0087	0.162344341104989
0.009	0.0109	0.0034	0.0314	0.014	0.0175	0.195426284517429
0.0056	0.0088	0.0041	0.0353	0.0166	0.0174	0.195208860791587
0.0016	0.0017	0.0025	0.0099	0.0054	0.0061	0.0896443198050346
2e-04	2e-04	4e-04	0.0022	7e-04	6e-04	0.0155095017945882
7e-04	0.0014	0.0019	0.0106	0.0048	0.0061	0.0733900205356543
0.0046	0.0055	0.0027	0.0236	0.0147	0.011	0.145265435417441
0.0029	0.0036	0.0023	0.0154	0.0087	0.0075	0.0835913684276927
0	3e-04	8e-04	0.0042	0.0021	0.0028	0.0400085327617653
0	0	0	5e-04	1e-04	1e-04	0.00337434009193707
0.0153	0.0134	0.0217	0.0729	0.047	0.0447	0.373730438212805
0.0189	0.017	0.0156	0.0752	0.0415	0.0394	0.347879642293934
0.0636	0.0507	0.0256	0.156	0.0822	0.0844	0.46213588373291
0.0022	0.0022	0.002	0.0136	0.0066	0.0081	0.120277137205893
0.3352	0.3346	0.0417	0.3515	0.2182	0.2213	0.596424670066255
0.0378	0.0371	0.0087	0.0809	0.043	0.0388	0.251887189606035
6e-04	5e-04	0.0014	0.0033	0.0013	0.001	0.0424612331975073
0	0	0	0	3e-04	0	0.00309457477482544
0.0059	0.0058	0.0103	0.0383	0.0258	0.0271	0.267590352856379
0.0057	0.006	0.0013	0.0139	0.0068	0.0062	0.0706874266554199
0.0555	0.0535	0.0239	0.1299	0.0718	0.0783	0.415883535047479
0.0016	0.0026	0.0014	0.0106	0.0053	0.0034	0.0553367077280601
0.2838	0.291	0.0546	0.3846	0.2349	0.2353	0.736770907084905
0.0015	0.0018	0.0018	0.0111	0.0072	0.0052	0.106760518129832
5e-04	0.0015	6e-04	0.0049	0.0022	0.0023	0.0380810869181622
0.0028	0.0025	0.0038	0.0215	0.01	0.0135	0.163304743055917
0.0122	0.0154	0.0053	0.0456	0.0216	0.0174	0.187844446660575
4e-04	8e-04	0.0017	0.0073	0.0041	0.0048	0.0547398687734889
0.3717	0.3553	0.1553	0.5715	0.3938	0.3911	0.86573317576881
0.0011	0.001	2e-04	0.0035	0.0014	0.0014	0.0211217283222289
6e-04	1e-04	6e-04	0.0017	7e-04	0.001	0.0197266324215815
1e-04	4e-04	0.001	0.0012	8e-04	9e-04	0.0134117701694186
0	5e-04	6e-04	0.0017	7e-04	4e-04	0.0320904765579325
0.0034	0.002	0.0018	0.013	0.0072	0.0083	0.101106604445449
0.1473	0.1389	0.0162	0.192	0.0919	0.1084	0.396092440726203
0.0039	0.005	0.0077	0.0296	0.0183	0.0203	0.192503287414224
0	0	6e-04	0.002	8e-04	0.0018	0.027793349537228
6e-04	0	0	0.0012	0.0012	0.001	0.0150351487358135
2e-04	2e-04	2e-04	9e-04	1e-04	2e-04	0.00412318791374397
0.0015	0.0018	0.003	0.0093	0.0068	0.007	0.104701699017568
0.0268	0.0224	0.006	0.0634	0.0296	0.0291	0.205865072702683
0.0297	0.0266	0.0122	0.0899	0.0478	0.0469	0.309713736433651
0.1127	0.1057	0.0508	0.2824	0.1634	0.1709	0.686984323466392
0.0027	0.003	0.002	0.0138	0.008	0.0078	0.121032142936144
0	0	0	0	1e-04	0	0.00118816211072454
0.0052	0.007	0.0058	0.0283	0.0142	0.0147	0.218438358798266
0.0105	0.01	0.0073	0.0481	0.0204	0.0258	0.215124207655048
0.0693	0.0659	0.0157	0.1295	0.0673	0.0717	0.377965366220593
0.0074	0.0094	0.0071	0.0439	0.022	0.0252	0.261391755693954
0.0159	0.0185	0.01	0.0659	0.0351	0.036	0.338547692218935
1e-04	3e-04	0	8e-04	8e-04	2e-04	0.00731369129085304
0.0576	0.0512	0.0282	0.1424	0.088	0.0888	0.452651621144404
0.0084	0.0069	0.0059	0.0303	0.0154	0.017	0.167622266114036
6e-04	6e-04	4e-04	0.0032	0.0016	0.0028	0.038488655003401
0.0027	0.0022	0.0023	0.0153	0.0077	0.006	0.110566378949414
0.1255	0.1294	0.089	0.3311	0.2191	0.2119	0.738595232729771
0.0052	0.0059	0.0042	0.0198	0.0103	0.0086	0.122702123237206
3e-04	3e-04	4e-04	0.0015	7e-04	0.001	0.019036638418474
0.0014	0.0031	7e-04	0.0034	0.0017	0.0024	0.0232446962932005
0.0126	0.0151	0.012	0.063	0.0314	0.0356	0.309856254749418
2e-04	2e-04	2e-04	0.0023	0.0016	0.0012	0.0345101440610734
0	0	0	0	0	0	0.00035587611247411
8e-04	1e-04	2e-04	0.0013	0.0013	0.0018	0.0249289196290304
0.0192	0.0179	0.0024	0.0311	0.0171	0.0146	0.110337261435192
0	0	0	1e-04	4e-04	0	0.00195089915823237
0	0	0	2e-04	3e-04	2e-04	0.0101575610263386
0.0048	0.003	0.0022	0.0172	0.0079	0.0098	0.12701986193053
0.0019	0.0011	0.0041	0.0155	0.0071	0.006	0.143509886778213
0	0	0	0	0	0	7.65376182817336e-05
0.0117	0.0208	0.0077	0.0593	0.0313	0.0272	0.270294092541972
0.0325	0.0344	0.004	0.0411	0.0222	0.0176	0.114566758463497
0	0	0	0	0	0	0.000705778070686252
0.1291	0.1355	0.0419	0.2618	0.1413	0.1478	0.589070753250081
4e-04	0.0012	0.001	0.0037	0.0039	0.0019	0.0400101594748725
0.0074	0.0052	0.0029	0.0274	0.0131	0.0144	0.110128273247973
8e-04	5e-04	9e-04	0.0042	0.0022	0.0036	0.0471798859564064
0.1953	0.2314	0.0449	0.3306	0.1888	0.1909	0.666948020294756
0	0	0	0	0	2e-04	0.00336908715449838
0.0034	0.0033	0.0023	0.0146	0.007	0.0092	0.0789275594964023
0.0028	0.0038	0.0025	0.0135	0.0061	0.0054	0.125411525673657
1e-04	0	0	0	1e-04	0	0.000343478667723093
4e-04	2e-04	0.0013	0.0034	0.0033	0.0033	0.0508426002972619
0.0032	0.0034	0.0036	0.0146	0.0094	0.0094	0.0828000131540203
0.0013	4e-04	2e-04	0.0018	1e-04	0.0015	0.0098354538154712
0	0	1e-04	7e-04	0	1e-04	0.00474719260456972
0.0029	0.0021	0.0013	0.0118	0.0048	0.0069	0.0876613744208076
0	0	0	0	0	0	8.55807405816789e-05
0.0865	0.0847	0.0514	0.2475	0.1571	0.154	0.674716310129173
0.0102	0.0075	0.0037	0.0363	0.0155	0.0172	0.165574423088731
0.0187	0.0198	0.0154	0.0853	0.0479	0.0457	0.38250445308456
0.0026	0.0012	0.0034	0.0135	0.0071	0.0073	0.100849420080904
0.0058	0.0045	0.0027	0.0167	0.0104	0.0082	0.100017689920069
0.1866	0.1775	0.1111	0.381	0.2656	0.2678	0.712383539276108
0	2e-04	6e-04	8e-04	9e-04	7e-04	0.0217886362807012
0.0224	0.0214	0.0203	0.0979	0.0481	0.0547	0.355420035279066
0.0166	0.0159	0.0211	0.0841	0.0415	0.0528	0.447237400062665
0.0013	4e-04	0.001	0.0061	0.0016	0.0022	0.0536036972422531
0.0068	0.0063	0.0103	0.0456	0.0266	0.021	0.254113892953362
3e-04	4e-04	2e-04	0.0012	1e-04	2e-04	0.0102968636387039
6e-04	2e-04	7e-04	0.0025	0.0014	6e-04	0.0224899712446366
0.001	6e-04	2e-04	0.0046	0.0019	0.0022	0.0301432585023431
0.0137	0.0222	0.0103	0.0772	0.0389	0.0383	0.407295178972436
1e-04	0	8e-04	3e-04	2e-04	1e-04	0.00816026441407222
0	1e-04	0	3e-04	0	0	0.00195874479513769
0.0705	0.0823	0.014	0.1288	0.0668	0.0676	0.342701744501221
0.0019	0.0029	0.0023	0.0119	0.0066	0.0047	0.06586792550945
0.0013	2e-04	0.0015	0.0029	0.0025	0.0015	0.0377402213112787
8e-04	4e-04	8e-04	0.0027	0.0024	0.0027	0.0445039805779349
0	0	0	0	0	0	0.000338715276188422
0.0967	0.1033	0.0077	0.1321	0.0703	0.0645	0.346864581012413
0	0	0	0	0	0	6.28124025623235e-05
0	0	3e-04	0.0013	4e-04	6e-04	0.0179157705232002
0.0185	0.0169	0.007	0.0569	0.0268	0.0316	0.211058051520016
0.0575	0.0629	0.0296	0.1649	0.0853	0.079	0.464579177072454
1e-04	2e-04	4e-04	0.0014	1e-04	4e-04	0.00912289786783134
7e-04	9e-04	2e-04	0.0016	6e-04	5e-04	0.00659718448104805
0.0043	0.0045	0.0052	0.026	0.0131	0.0148	0.190578949090366
0.6621	0.6895	0.1294	0.6067	0.4692	0.4548	0.787863091332347
0.0026	0.0032	0.0061	0.0253	0.0124	0.0154	0.229684804807264
0.0161	0.0145	0.0256	0.0984	0.0577	0.0573	0.409320148881404
0.001	2e-04	0.0026	0.0049	0.0042	0.0028	0.0689990677696884
7e-04	3e-04	0.0014	0.0051	0.0039	0.0038	0.0696642085859688
0.0118	0.008	0.0033	0.0299	0.0155	0.0168	0.161868094618638
0.0032	0.0027	0.0032	0.0142	0.0084	0.0081	0.148926520740626
0.0062	0.0062	0.0064	0.032	0.018	0.0197	0.147182778210791
0.0472	0.053	0.0308	0.1716	0.0962	0.0946	0.544510117278401
0.0074	0.0048	0.005	0.0268	0.0159	0.0147	0.157732411637654
0.0049	0.0047	0.0017	0.0143	0.0068	0.0063	0.0700591375691
4e-04	2e-04	2e-04	0.0024	5e-04	9e-04	0.0157547156534815
3e-04	0	9e-04	9e-04	0.0013	5e-04	0.00630397377771357
0.0092	0.0107	0.0045	0.0312	0.0179	0.017	0.16006677920685
2e-04	1e-04	9e-04	0.0032	0.0024	0.0018	0.0443817990188239
0.0052	0.0049	0.0032	0.0215	0.0101	0.0093	0.16491669411954
0.2566	0.2479	0.0749	0.3341	0.2314	0.2212	0.615191182109102
0.0083	0.0059	0.0028	0.0209	0.0114	0.0093	0.151412757864669
0.003	0.0038	0.0068	0.0216	0.0176	0.0111	0.187628413802239
0.0836	0.1007	0.0301	0.1982	0.1032	0.1102	0.50504555044351
0	0	0	3e-04	2e-04	2e-04	0.0050703348200975
0.0017	9e-04	0.0041	0.0114	0.0073	0.0062	0.0955357773203263
0	1e-04	0	1e-04	2e-04	1e-04	0.00264655123810692
0.0056	0.0051	3e-04	0.011	0.0043	0.0039	0.0520283292658167
0.0416	0.0371	0.0215	0.1267	0.0696	0.0725	0.450207707330418
0	0	1e-04	0.0021	6e-04	5e-04	0.0220821848515391
0	0	0	4e-04	1e-04	4e-04	0.00665514050451328
7e-04	2e-04	6e-04	0.0043	0.0021	0.0027	0.0555545730623362
0.1119	0.1187	0.0173	0.1625	0.0904	0.0912	0.371554305947824
0.0254	0.0209	0.001	0.0207	0.0113	0.0087	0.0489500503066104
0.0027	0.0025	0.0045	0.0207	0.0106	0.01	0.169932269767682
1e-04	1e-04	1e-04	8e-04	1e-04	6e-04	0.016734329613963
0.0012	0.001	0.0019	0.008	0.0043	0.0043	0.0859892329192525
0.0012	8e-04	1e-04	0.002	6e-04	0.0017	0.0112511973396293
4e-04	2e-04	0	6e-04	4e-04	1e-04	0.00506606010093546
8e-04	6e-04	8e-04	0.0096	0.0043	0.0048	0.0881255033260895
0.0107	0.0125	0.005	0.0311	0.0149	0.0164	0.153264562478089
0.0179	0.0141	0.0167	0.0859	0.0518	0.0491	0.42576854428932
3e-04	0.001	0.0016	0.0063	0.0032	0.0037	0.0767023111055351
2e-04	0	4e-04	0.0019	0.001	0.001	0.0147259963586159
0.0147	0.0089	0.0168	0.0557	0.0357	0.0326	0.33313321369015
0.0095	0.0037	0.0076	0.0383	0.0187	0.0204	0.265497140360722
0.0596	0.0726	0.0121	0.1309	0.0648	0.0594	0.383433224226122
5e-04	8e-04	0.0025	0.0079	0.0045	0.006	0.0753266678860039
0.0311	0.0349	0.0133	0.0928	0.0477	0.0467	0.323077469588545
0	0	0	0	0	0	0.00103437768077411
0.01	0.0112	0.0037	0.0318	0.014	0.0122	0.122284562871437
0.3918	0.411	0.0594	0.4874	0.2901	0.2888	0.786015988134097
3e-04	4e-04	3e-04	0.002	0.0016	8e-04	0.031178659316322
0.0049	0.0047	0.0058	0.0224	0.0173	0.0134	0.152126260479963
0.017	0.0168	8e-04	0.0196	0.0085	0.0095	0.0535171593062837
0.0083	0.0063	0.0113	0.0409	0.0205	0.0221	0.278630125952111
0.015	0.0145	0.0102	0.0682	0.038	0.0309	0.303877959940283
0	7e-04	0	4e-04	6e-04	0	0.0026858883783013
0.0058	0.0057	0.0116	0.045	0.0252	0.0279	0.284711685172873
1e-04	0.0013	0.0012	0.0062	0.0042	0.0042	0.0730847246613755
4e-04	5e-04	7e-04	0.0037	0.0018	0.0022	0.0565059789890313
0.0056	0.0064	4e-04	0.0059	0.0042	0.0034	0.0243787400762575
0.1923	0.1805	0.0702	0.3332	0.2163	0.2084	0.661323238689293
3e-04	7e-04	0.0012	0.0045	0.0016	0.0016	0.0415517738592014
0.0086	0.0056	0.0026	0.0254	0.0096	0.015	0.158982550905282
0.134	0.1326	0.1096	0.3154	0.2261	0.2224	0.651489878589241
0.0098	0.0137	0.0079	0.0512	0.026	0.0287	0.317816145352224
9e-04	0.0011	4e-04	0.0024	0.0014	0.0018	0.0158896178460406
0	1e-04	2e-04	3e-04	1e-04	0	0.00287102256319886
0.0153	0.0097	0.0172	0.0741	0.0367	0.0388	0.381771798975867
0.0056	0.009	0.0085	0.0334	0.0217	0.02	0.205403882259271
0	1e-04	0.0012	0.0028	0.0014	0.0017	0.0388147346175097
0.0057	0.0039	0.0048	0.0291	0.0153	0.016	0.173107271418515
0.0039	0.0022	0.0038	0.0157	0.0089	0.0083	0.106217734497874
0.0019	0.004	0.005	0.0248	0.0142	0.0185	0.214748166102703
0.0125	0.0138	0.0141	0.0655	0.0372	0.0381	0.377260512279302
0	0	0	7e-04	4e-04	5e-04	0.00488380854593124
0.0228	0.0212	0.0181	0.0996	0.0549	0.0573	0.401405244460002
4e-04	6e-04	0.0017	0.0052	0.0037	0.0032	0.0697045071463282
0.0023	0.0032	0.0015	0.013	0.007	0.0076	0.0982317704608129
0.0017	0.003	0.004	0.0136	0.007	0.0103	0.136879306815433
9e-04	4e-04	0.0019	0.0081	0.0043	0.0038	0.0674896603573322
0.1671	0.1713	0.0111	0.1813	0.0899	0.0927	0.358248823515132
0.0061	0.0071	0.0127	0.0469	0.0299	0.0283	0.294430886538777
0.0063	0.0082	0.0054	0.0286	0.0175	0.0179	0.149686039211458
5e-04	0	1e-04	0.0018	2e-04	5e-04	0.0130033629928276
0	0	0	4e-04	1e-04	0	0.000560417858632887
0.0203	0.0219	0.0279	0.0996	0.0643	0.0605	0.402228441021048
0.0056	0.0055	0.0091	0.0363	0.0192	0.0208	0.25075734161752
3e-04	0	4e-04	0.0015	6e-04	3e-04	0.00712534713669746
0.0033	0.0027	0.0024	0.0167	0.0096	0.0086	0.074006808559166
0	2e-04	1e-04	8e-04	2e-04	3e-04	0.00389170333649402
0.0016	0.003	0.0038	0.019	0.0107	0.0112	0.173080870321999
3e-04	0	4e-04	0.0013	5e-04	6e-04	0.0195822747741653
4e-04	2e-04	3e-04	0.0013	2e-04	7e-04	0.0157622663843073
0	8e-04	3e-04	0.0016	9e-04	5e-04	0.0268631830445131
0.7001	0.6736	0.1258	0.6938	0.4957	0.4832	0.902812646192148
1e-04	0	5e-04	0.0014	2e-04	9e-04	0.013109720884909
0	1e-04	0	0.001	2e-04	7e-04	0.00616683185328739
0.0022	0.0041	0.0045	0.016	0.0094	0.0096	0.109534245979542
0	0	0	0	0	0	0.000115167128128585
1e-04	0	0	8e-04	3e-04	4e-04	0.0103877343472965
0	0	0	1e-04	0	1e-04	0.00229726683936004
3e-04	0.0012	0.0011	0.0052	0.003	0.0019	0.0361684841369192
0.0381	0.0417	0.0327	0.1528	0.0957	0.0856	0.484998589336726
6e-04	0	7e-04	0.0025	0.0014	0.0012	0.039446184395715
0.0122	0.0127	0.0135	0.0692	0.041	0.0437	0.335472988323831
0.0091	0.0081	0.0018	0.0214	0.0117	0.0103	0.107219498792325
5e-04	5e-04	0	4e-04	1e-04	3e-04	0.00405444351407418
1e-04	2e-04	1e-04	0.0016	1e-04	2e-04	0.0101080248747378
0.0017	0.0015	0.0023	0.0084	0.0041	0.0079	0.0718004085859047
0.1611	0.1665	0.0202	0.1833	0.109	0.1039	0.359409815824354
7e-04	0.0014	0.0016	0.0067	0.0027	0.0034	0.0649222533147659
0.001	9e-04	5e-04	7e-04	2e-04	7e-04	0.00389937287439381
0.1805	0.159	0.0741	0.3347	0.205	0.2144	0.68253084601149
3e-04	6e-04	4e-04	0.0026	0.0025	0.001	0.0435467675601048
0	7e-04	2e-04	0.0016	6e-04	0.0011	0.0216878355524092
0.0077	0.0094	0.011	0.0528	0.0299	0.0252	0.318422872357778
0.0025	0.0041	0.0036	0.0173	0.0085	0.0063	0.137916312431761
0.0098	0.0126	0.0197	0.0741	0.0407	0.0445	0.344829405183744
0.0319	0.0339	0.0039	0.0617	0.0326	0.0308	0.179190447476304
0.0108	0.012	0.0169	0.057	0.0361	0.0349	0.242739660405927
4e-04	1e-04	0	0.0013	3e-04	4e-04	0.00937932884961609
0	0	2e-04	0.001	5e-04	6e-04	0.0107608574505281
1e-04	7e-04	1e-04	6e-04	3e-04	3e-04	0.00361583970126995
0.0264	0.0357	0.0171	0.1007	0.0513	0.0521	0.356858983662984
4e-04	2e-04	1e-04	8e-04	3e-04	2e-04	0.00810828384348396
0.1201	0.1195	0.0833	0.3043	0.1992	0.2034	0.67359607222718
0.0019	0.0032	0.0011	0.0087	0.0046	0.0027	0.0513518820443293
0.0068	0.0079	0.0021	0.0246	0.0142	0.0137	0.12119664288417
2e-04	1e-04	5e-04	0.0013	0.0016	0.0012	0.0269900895140061
0.1177	0.1225	0.0196	0.1932	0.1028	0.1056	0.441106163607927
0.0012	3e-04	0.0023	0.0114	0.003	0.0051	0.103755830132939
2e-04	0	9e-04	0.0023	0.001	7e-04	0.0263232373630566
1e-04	1e-04	4e-04	8e-04	0.0011	9e-04	0.016934130297983
0.0176	0.0119	0.001	0.0231	0.0091	0.0096	0.0884328998285488
0.1041	0.1104	0.0067	0.1187	0.0652	0.0622	0.281600009619203
0.0154	0.0121	0.0145	0.0677	0.0364	0.034	0.307688360794812
0.0095	0.0095	0.0107	0.0438	0.0264	0.0242	0.249402491157023
4e-04	0	1e-04	0.0017	4e-04	7e-04	0.0139532406960313
0.0401	0.0454	0.0062	0.0618	0.0349	0.0344	0.197989314293389
0.0345	0.0319	0.0309	0.1272	0.0752	0.0742	0.427717661414876
3e-04	4e-04	4e-04	0.0031	0.0011	7e-04	0.0272494770757707
5e-04	0	4e-04	0.0014	8e-04	0.0012	0.0210795133773496
0.0027	0.0014	0.0037	0.0187	0.0088	0.0076	0.16090644794988
0.0067	0.0065	0.0058	0.0356	0.0206	0.0195	0.230614871969372
0.0011	4e-04	1e-04	8e-04	4e-04	9e-04	0.0129307255660634
0.0165	0.0217	0.0117	0.0656	0.0324	0.0347	0.301915938918107
0.0078	0.009	0.0034	0.0302	0.0128	0.0147	0.118045045326127
0.2882	0.2807	0.0371	0.2817	0.1765	0.1798	0.496538652250325
3e-04	0.0011	0.0016	0.0028	0.0019	0.0028	0.0496806625542394
0.0098	0.0101	0.0079	0.0511	0.0268	0.0309	0.284927486722916
0.0555	0.0523	0.0042	0.0728	0.0297	0.0329	0.206344344871972
0.0064	0.0076	0.0028	0.0144	0.0078	0.0086	0.0743618324439451
0.3521	0.3367	0.0518	0.3899	0.2344	0.252	0.636817535354479
0.001	4e-04	9e-04	0.0052	0.0023	0.0024	0.0345912219546302
0.0169	0.0173	0.0078	0.0528	0.0293	0.0307	0.230818640100585
0.0231	0.0295	0.018	0.1096	0.054	0.0632	0.388897203382406
0.0028	0.0026	0.0036	0.0159	0.0075	0.0084	0.16463781800348
0.0012	8e-04	1e-04	0.0036	0.0015	7e-04	0.0264278298160962
0.0046	0.0025	0.0018	0.013	0.0053	0.0056	0.074704281203594
0.0097	0.0079	0.0015	0.0131	0.0059	0.006	0.0353180066557329
0.0045	0.0034	0.0066	0.0238	0.0124	0.0111	0.134578134853854
0.0015	0.001	0.002	0.0059	0.0039	0.0034	0.0450136525005325
0.0066	0.0094	0.0135	0.0588	0.0318	0.0382	0.328974435080074
0	0	0	4e-04	0	0	0.00460692936327968
0	0	0	0	0	0	0.00198451490001121
0.2274	0.2257	0.0295	0.2323	0.1425	0.1416	0.433428821392003
0	0	5e-04	0.0014	4e-04	2e-04	0.0141098606280758
5e-04	9e-04	1e-04	0.0034	0.002	0.0012	0.0425285174389757
0	1e-04	0	4e-04	1e-04	6e-04	0.00732900764809118
0.0019	0.0012	0.0037	0.015	0.0078	0.007	0.0832953794512381
0.0099	0.0093	0.0013	0.0133	0.0065	0.0083	0.0450516585772032
0.0373	0.0412	0.0069	0.0821	0.0374	0.0404	0.250859896179603
9e-04	0.0024	2e-04	0.0041	0.0027	0.0022	0.0224228777918717
0.0111	0.0112	0.0097	0.0537	0.0267	0.0299	0.330513537391288
0	0	1e-04	5e-04	3e-04	0	0.00179048628153061
0	0	4e-04	4e-04	4e-04	5e-04	0.00950162497930568
0	1e-04	8e-04	0.0029	0.0014	6e-04	0.0351240502111157
5e-04	5e-04	0.0015	0.0045	0.0031	0.0027	0.0633141744785188
0.0055	0.0027	0.0018	0.0122	0.0073	0.0059	0.0838060189853498
0.0444	0.0464	0.0216	0.1254	0.0718	0.07	0.399106297859915
0.0153	0.0176	0.0216	0.0814	0.0454	0.0512	0.370029051519684
0.0062	0.006	0.0025	0.022	0.0104	0.0104	0.125039639027537
0.041	0.0386	0.025	0.1371	0.0844	0.0793	0.524568785356704
0.0049	0.0069	0.004	0.0216	0.0134	0.012	0.0997732642161765
8e-04	3e-04	0.002	0.0057	0.0027	0.0035	0.0782125816924717
1e-04	3e-04	0.001	0.0018	0.0022	0.0014	0.041767545047892
0.0122	0.0147	0.0171	0.0626	0.0366	0.0392	0.296175977477889
0.0014	9e-04	2e-04	0.0018	0.0017	0.0014	0.022598374372196
0.0196	0.0194	0.007	0.0579	0.0314	0.0299	0.211581468608313
0.0024	0.0035	0.0016	0.0122	0.007	0.005	0.0664760457563388
0.005	0.0036	7e-04	0.0074	0.0021	0.002	0.0258942706709294
3e-04	0	2e-04	0.0011	8e-04	2e-04	0.00917142877779998
7e-04	5e-04	2e-04	0.0024	0.0011	0.002	0.0315991905101467
0.0074	0.0043	0.0047	0.0279	0.0141	0.0149	0.205594702095315
0.0011	5e-04	0.0019	0.0076	0.0057	0.0043	0.101919885838225
0.0012	0.0013	3e-04	0.0035	0.0022	0.0026	0.0414642943699547
4e-04	4e-04	8e-04	0.0043	0.0024	0.0026	0.0444048364241158
0.0122	0.0117	0.0115	0.0533	0.0315	0.0299	0.285390507847119
0.0064	0.0061	0.0014	0.0136	0.0065	0.0049	0.0384329813121456
2e-04	0	0	6e-04	3e-04	1e-04	0.00516349987831283
2e-04	1e-04	7e-04	0.0026	3e-04	0.001	0.0288898290183806
0.0036	0.004	0.0026	0.0188	0.0099	0.0105	0.103045300376167
0.0031	0.0032	0.0058	0.0275	0.0174	0.0204	0.203780968674021
0.0206	0.0187	0.025	0.0844	0.051	0.0581	0.377546461639283
0.0028	0.0029	0.0016	0.0093	0.0066	0.0052	0.108339984794255
0.2818	0.2865	0.1052	0.4392	0.3057	0.2934	0.7481616191328
0.0014	2e-04	0.0023	0.0072	0.0034	0.0047	0.0636583984556755
0.0831	0.0902	0.0218	0.1756	0.0914	0.0942	0.457015242830319
0.0085	0.0086	0.0044	0.0362	0.0171	0.0176	0.210971587209407
0.0334	0.0314	0.0049	0.0498	0.028	0.0278	0.109802967240993
0	1e-04	1e-04	9e-04	0	1e-04	0.0150013939617238
0.0013	0.002	0.0019	0.0104	0.0069	0.0064	0.101675845904436
0	0	1e-04	0	1e-04	1e-04	0.00274796951935921
0.0276	0.032	0.0056	0.0533	0.0292	0.0288	0.173035864184814
0.0248	0.027	0.0264	0.12	0.0696	0.07	0.467676105998119
0.0085	0.0099	0.0096	0.0427	0.0244	0.0251	0.294997539306586
0.003	0.0053	0.002	0.019	0.0082	0.0094	0.11386249979397
0	3e-04	4e-04	9e-04	3e-04	4e-04	0.0154769159887836
3e-04	2e-04	0.0013	0.0032	0.0022	0.0012	0.0298271194275728
0.0038	0.0032	0.0062	0.0262	0.0155	0.0132	0.199975796562041
0.0409	0.0432	0.0052	0.0696	0.0288	0.0306	0.190571263611833
0.002	0.0032	0.0046	0.0174	0.011	0.0094	0.16826717502704
0.1131	0.0996	0.0715	0.2976	0.1992	0.1919	0.73825978391993
0.0693	0.0752	0.0763	0.2525	0.1648	0.1662	0.625589142108444
0.002	0.0028	0.0027	0.0121	0.0065	0.0085	0.105164685904461
0.0016	0.005	0.0087	0.0262	0.0166	0.0159	0.177405623638903
2e-04	0	0	5e-04	2e-04	4e-04	0.00303457896876813
0	0	5e-04	0.0021	0.0016	8e-04	0.0270659765598845
6e-04	6e-04	8e-04	0.0036	0.0036	0.0024	0.0650835774695676
1e-04	2e-04	3e-04	0.002	0.0016	7e-04	0.0273538673455507
0.0419	0.0324	0.0157	0.1208	0.0584	0.0616	0.446541312835988
0.0057	0.0071	0.0065	0.0353	0.0222	0.0199	0.260882143978137
0.0017	0.0023	0.0015	0.0079	0.0036	0.0039	0.0615173391962998
0.0025	6e-04	0.0017	0.0066	0.003	0.0039	0.0439247967288235
1e-04	5e-04	9e-04	0.0031	0.0019	0.0018	0.0404918008463053
9e-04	0.0011	0.0016	0.0088	0.0037	0.0057	0.0897055559311554
0.0025	0.0036	0.0056	0.0229	0.0134	0.0142	0.18287748721189
5e-04	5e-04	8e-04	0.0068	0.0039	0.0026	0.0467397354276868
0.9244	0.9401	0.2468	0.877	0.7613	0.7652	0.961881027294418
0	1e-04	0	0	0	0	0.000821876158128606
0.0666	0.0824	0.009	0.125	0.0598	0.0619	0.316419965687919
0	0	0	2e-04	0	1e-04	0.00263506454740432
0.1469	0.1511	0.0073	0.1028	0.0685	0.0717	0.169054716785391
0.0012	0.0014	1e-04	0.0021	6e-04	0.0016	0.00760824905154875
0.0142	0.0195	0.0245	0.0933	0.0512	0.0567	0.426860933746362
0.0037	0.0017	0.001	0.0063	0.0049	0.0041	0.0507127436210647
0.298	0.3023	0.0818	0.3814	0.2477	0.2439	0.650493660536164
0.0327	0.0295	0.0269	0.1263	0.0741	0.0676	0.460634123153782
4e-04	6e-04	7e-04	0.0021	0.0022	7e-04	0.0357483482444397
0.0023	0.0012	0.0019	0.0141	0.0073	0.0095	0.137347041874161
0.0107	0.0102	0.0118	0.0531	0.0291	0.0342	0.259364975529394
0	0	4e-04	3e-04	4e-04	3e-04	0.00618049630939594
0.0033	0.0036	0.0053	0.026	0.014	0.0131	0.216307275286561
0	0	2e-04	2e-04	2e-04	4e-04	0.00497441658902039
0.0269	0.035	0.0197	0.1138	0.0659	0.0583	0.450752995570232
0.1267	0.1163	0.002	0.088	0.0408	0.0449	0.171517050987258
0.0019	0.0016	0.0013	0.0101	0.0045	0.0055	0.0822355659717115
0.0623	0.0558	0.0023	0.0394	0.0201	0.0187	0.0741212078042677
1e-04	0	3e-04	0.0013	0.001	0.0011	0.0264622350611535
9e-04	3e-04	4e-04	0.0023	0.0016	0.002	0.0382641444102766
0.0315	0.034	0.012	0.0743	0.041	0.0369	0.251186518714545
1e-04	0	0	4e-04	0	1e-04	0.00139263237834634
9e-04	0.0011	0.0021	0.0066	0.0046	0.004	0.0712691339307825
0.0177	0.0154	0.0061	0.0443	0.0247	0.0222	0.17552567153463
0.0034	8e-04	0.0021	0.0097	0.0075	0.006	0.0730027867576857
0.0012	0.0012	6e-04	0.0062	0.0021	0.0028	0.0501696185729878
0.8324	0.8242	0.171	0.7611	0.6054	0.6147	0.893489542374072
3e-04	0	2e-04	1e-04	4e-04	2e-04	0.00258729541069497
5e-04	1e-04	1e-04	0.002	6e-04	6e-04	0.0110185667746659
0	0	0	2e-04	0	1e-04	0.00143702250452634
0.004	0.0025	0.0012	0.007	0.0028	0.0031	0.0232993403786551
0.0071	0.0071	0.0019	0.0186	0.0117	0.0095	0.0732592252469161
0	0	7e-04	9e-04	8e-04	2e-04	0.0097916644904155
7e-04	0.0017	0.0017	0.0069	0.0034	0.0047	0.0519518343722954
0.4068	0.4297	0.2077	0.632	0.4565	0.4691	0.895391881974301
0.6136	0.6302	0.0976	0.563	0.3943	0.3979	0.775059000366931
3e-04	5e-04	0.0013	0.006	0.003	0.0035	0.0745765572970907
0.001	5e-04	5e-04	0.0016	0.0012	0.0011	0.0115906951740979
0.0016	0.0025	0.0034	0.0138	0.0105	0.0085	0.127965375210312
0.0023	0.0038	6e-04	0.0093	0.0031	0.0041	0.0504965063485834
0	1e-04	8e-04	4e-04	0.0018	0.0016	0.0290398930196887
0.1138	0.1167	0.035	0.1986	0.1207	0.1193	0.450423589315294
0.0116	0.0108	0.0112	0.0631	0.036	0.0315	0.357458996253255
0.001	8e-04	0.0019	0.0091	0.0058	0.0035	0.0848878188943539
0.0025	0.0015	0.0023	0.0094	0.0065	0.0043	0.0795533905799766
0.1629	0.1501	0.0171	0.1938	0.1016	0.1003	0.394268769374838
0.0041	0.0039	0.0047	0.0271	0.0133	0.0118	0.147361867445255
0.0035	0.0053	0.0013	0.018	0.0128	0.0102	0.117297991464896
0.0258	0.0235	0.0179	0.1129	0.0561	0.057	0.560445813309382
1e-04	0	0	2e-04	7e-04	3e-04	0.0043680474308762
0.0024	0.0015	0.0039	0.0184	0.0072	0.0085	0.15539627280749
0.0012	0.0023	0.004	0.0136	0.0057	0.0084	0.128746944456281
0.0614	0.0548	0.0381	0.1983	0.1146	0.1063	0.633946405308488
0.0048	0.0055	0.0112	0.0405	0.021	0.0253	0.256158743912756
8e-04	0.0033	0.006	0.0211	0.0088	0.0105	0.181463333633123
0.001	5e-04	9e-04	0.0043	0.0031	0.0016	0.0296664264956684
0.001	5e-04	7e-04	0.0036	0.0022	0.0019	0.0484443450858481
0.001	0.0022	0.0018	0.0065	0.0032	0.0048	0.0577257635144457
0.5042	0.4974	0.0643	0.4746	0.3153	0.3192	0.726895380590672
0.0018	9e-04	0.0051	0.0191	0.0111	0.0099	0.163764309538793
0.0048	0.0049	0.0089	0.0285	0.0197	0.0182	0.214244313810945
1e-04	7e-04	1e-04	4e-04	5e-04	4e-04	0.00412338980191745
0.0019	0.0014	0.001	0.0045	0.0033	0.002	0.0410441415564752
2e-04	2e-04	6e-04	0.0026	0.002	0.0013	0.0463428523088667
0.0027	0.0024	0.0034	0.0116	0.0053	0.0059	0.119977831463742
0.0031	0.0041	0.0011	0.0115	0.0047	0.0058	0.0668881794637845
0.0046	0.0056	0.0036	0.0218	0.0127	0.009	0.0894989894880049
9e-04	1e-04	0	9e-04	1e-04	3e-04	0.00159594298202529
9e-04	0.0029	7e-04	0.0076	0.0046	0.0043	0.0574334957900419
2e-04	4e-04	3e-04	0.0014	9e-04	4e-04	0.0183141261293038
4e-04	0.0013	0.002	0.0065	0.0034	0.0038	0.0774971835297574
6e-04	0.0013	0.0012	0.004	0.0024	0.0012	0.0193617148376433
0.0048	0.0056	0.0026	0.0109	0.0054	0.0063	0.0430369286888348
0.0034	0.0021	0.0027	0.012	0.0108	0.0073	0.073478744889939
1e-04	4e-04	1e-04	3e-04	0	1e-04	0.00632057641425067
1e-04	2e-04	2e-04	0.0014	3e-04	3e-04	0.00563145925779015
0.0174	0.0128	0.0106	0.0556	0.0286	0.0279	0.227410431309355
2e-04	0.0018	0.004	0.0072	0.0054	0.0047	0.08415294601757
1e-04	1e-04	2e-04	6e-04	7e-04	2e-04	0.00569944838133581
1e-04	4e-04	0.0015	0.0048	0.0032	0.0028	0.0500968595271975
0.0013	4e-04	0.0013	0.0038	0.0015	0.0028	0.0338885422049618
8e-04	0.0012	0.0038	0.0139	0.0083	0.0076	0.136664001451449
6e-04	7e-04	0.0026	0.0075	0.0042	0.0029	0.0516952420581075
0.8638	0.865	0.1956	0.7953	0.663	0.657	0.906797916600616
0.0159	0.014	0.0022	0.029	0.0182	0.0139	0.0826581528797202
0	3e-04	0	0.0031	0.0013	7e-04	0.0423545327638244
2e-04	1e-04	4e-04	5e-04	3e-04	9e-04	0.0163393677022849
0.0025	0.0018	1e-04	0.0033	0.0013	0.001	0.0152793808691192
0	0	0	2e-04	0	0	0.00220458840108084
0.0046	0.0044	0.0024	0.0159	0.0076	0.0057	0.0665813281981786
9e-04	0.0017	5e-04	0.0073	0.0047	0.0033	0.0855403054213021
0.0014	5e-04	0.0021	0.0147	0.0057	0.0072	0.105694247766076
3e-04	0	0	0	1e-04	0	0.000772614363867258
1e-04	3e-04	3e-04	0.002	0.0014	0.0012	0.029554344420471
0	6e-04	3e-04	0.001	4e-04	8e-04	0.0131573787773188
0.001	0.0017	0.003	0.0134	0.0061	0.0052	0.0884015302092414
0.0034	0.0078	0.0063	0.0265	0.0185	0.0204	0.198403098050202
0.0022	0.0031	0.0038	0.0148	0.0094	0.007	0.12425448994791
0.0089	0.0098	0.0042	0.0313	0.0117	0.0176	0.148626909258657
0.0848	0.0826	0.0143	0.1302	0.0647	0.0738	0.318258113051281
0	0	3e-04	5e-04	1e-04	1e-04	0.00381987323606508
1e-04	4e-04	2e-04	0.0011	0.0012	0.0011	0.0262707804285464
0.0012	0.0022	2e-04	0.0046	0.003	0.0023	0.0213505974461082
0	0	0	1e-04	0	0	0.000330402631220334
0.0044	0.0042	0.0038	0.0182	0.0103	0.0106	0.0868065742363449
2e-04	0	1e-04	2e-04	2e-04	6e-04	0.00954271789989311
6e-04	0	2e-04	0.0016	0.001	0.0018	0.018212662330742
0.0136	0.0132	0.0164	0.0652	0.0402	0.0426	0.318961750248535
8e-04	0	2e-04	5e-04	7e-04	4e-04	0.00917635627831973
0.052	0.0486	0.0026	0.0386	0.0207	0.0218	0.0847476271407877
0.0416	0.0536	0.0427	0.1826	0.1064	0.107	0.549251266475498
7e-04	6e-04	6e-04	0.0025	0.0026	0.0016	0.0339816957029723
0	0	0	2e-04	2e-04	4e-04	0.00264281991849173
1e-04	1e-04	9e-04	0.0042	0.0018	0.0018	0.049276291807329
1e-04	2e-04	5e-04	0.0011	5e-04	5e-04	0.0128698128460417
0.2018	0.2124	0.029	0.301	0.1629	0.1498	0.609806706925698
0.0196	0.021	0.0189	0.0779	0.0377	0.0446	0.328095355619044
0.0287	0.0256	0.0036	0.0437	0.0245	0.025	0.146823678198161
0.043	0.0476	0.0164	0.126	0.0618	0.0668	0.365061891632998
1e-04	2e-04	0	1e-04	1e-04	2e-04	0.0016615158485073
6e-04	3e-04	1e-04	0.0011	8e-04	5e-04	0.0121483893089265
0.0087	0.0105	0.0068	0.0401	0.0192	0.0169	0.21652623334639
0.0093	0.0046	0.0081	0.0403	0.0227	0.0216	0.194866641689426
0.0241	0.0228	0.0059	0.0579	0.0319	0.0269	0.162671226019377
1e-04	3e-04	4e-04	7e-04	6e-04	8e-04	0.0157747970555744
0.0064	0.0054	0.0056	0.0282	0.0115	0.0128	0.129285750347513
0.0282	0.022	0.0063	0.0577	0.031	0.0339	0.223170601391301
0.0065	0.0051	0.0122	0.0438	0.0241	0.0267	0.266291211336503
4e-04	0	2e-04	0.0012	0.0012	6e-04	0.0100024133300942
0.0019	0.0013	4e-04	0.0064	0.0034	0.0032	0.0297055517066851
0.006	0.0087	0.004	0.0281	0.0154	0.0157	0.161835081802987
0.1354	0.122	0.0948	0.3269	0.2242	0.2244	0.704123859100283
0.0148	0.0132	0.0067	0.0493	0.022	0.0186	0.161582143857947
0.0098	0.0118	0.0077	0.0555	0.0299	0.0279	0.289831938904513
6e-04	1e-04	4e-04	1e-04	5e-04	2e-04	0.00846310741928256
4e-04	2e-04	0	6e-04	8e-04	6e-04	0.00688876788202579
5e-04	6e-04	7e-04	0.0041	0.002	0.0021	0.0474072571915755
5e-04	4e-04	7e-04	0.0048	0.002	0.0021	0.0558059576262435
1e-04	1e-04	5e-04	6e-04	3e-04	4e-04	0.00995454472370697
0.0192	0.0184	0.0222	0.0907	0.0492	0.0512	0.398130962426785
1e-04	2e-04	0	9e-04	5e-04	4e-04	0.00833191320404313
0.2209	0.2285	0.016	0.1969	0.1143	0.1139	0.351596482156259
0.0214	0.0219	0.0021	0.0444	0.0204	0.0202	0.155699539308531
0.0065	0.0053	0.0097	0.0373	0.023	0.0218	0.296421282668036
0.0114	0.0071	0.0069	0.0445	0.0209	0.0262	0.250756972039573
9e-04	6e-04	2e-04	0.0016	0.0013	6e-04	0.0121903410704003
0.2277	0.2134	0.0306	0.2815	0.1512	0.1503	0.546496284176065
0	0	3e-04	0.0028	0.0017	9e-04	0.039922337597014
0.0066	0.0064	0.012	0.0397	0.0236	0.0252	0.292099581921369
0.0013	9e-04	2e-04	0.0045	0.0012	0.0014	0.0344059823677586
0.0225	0.0181	0.0043	0.05	0.0206	0.0259	0.173969277183608
0.016	0.0164	0.0105	0.0611	0.0311	0.0304	0.218260098462178
0.0181	0.0223	0.0028	0.0253	0.0118	0.0101	0.0756647131073894
2e-04	3e-04	2e-04	0.0015	4e-04	9e-04	0.0299726107295937
0	0	1e-04	0	0	0	0.000368935580132785
1e-04	2e-04	8e-04	0.0017	7e-04	0.0011	0.0233516160434061
0	1e-04	0	1e-04	0	1e-04	0.00370490098503905
1e-04	4e-04	4e-04	0.0018	7e-04	5e-04	0.0177021819481815
0.1664	0.1362	0.0378	0.2986	0.164	0.1514	0.690419586273614
0.1186	0.116	0.0291	0.2226	0.1163	0.1202	0.538808155655282
0.0285	0.0272	0.0134	0.0706	0.0428	0.0395	0.225938888475942
0.0575	0.075	0.0502	0.2225	0.1268	0.1286	0.654597717996337
0.0162	0.0137	0.0083	0.0457	0.0257	0.0277	0.199945150223113
0.0209	0.0144	0.0274	0.1011	0.054	0.0603	0.444461568873268
0.0026	0.0023	0.0013	0.012	0.0065	0.0041	0.0688592091427058
0.17	0.1846	0.1064	0.3829	0.2571	0.2583	0.741040771597522
0.0017	0.0021	0.0054	0.0154	0.0075	0.0084	0.101889756091178
0	0	0	3e-04	0	3e-04	0.000551266832579649
0.127	0.1255	0.0077	0.1033	0.0567	0.0591	0.19330659341412
0.0012	6e-04	4e-04	0.0059	0.002	0.0022	0.0271633785919879
0.0034	0.004	0.0089	0.0288	0.0194	0.0163	0.206034868551181
0.0011	1e-04	5e-04	0.003	0.0015	6e-04	0.0219399668963607
0	0	0	8e-04	4e-04	3e-04	0.00570221742958738
0.0101	0.0146	0.0101	0.0562	0.0231	0.029	0.347818546344073
0.0047	0.0046	3e-04	0.0041	0.0019	0.0013	0.0119187178374927
0.0356	0.0497	0.0118	0.1162	0.0595	0.0613	0.440328117603493
0.0058	0.0061	0.0013	0.0175	0.0087	0.005	0.118339398104369
0.0014	0.0015	0.0016	0.0084	0.0051	0.0035	0.0970265680040764
1e-04	4e-04	7e-04	0.0019	7e-04	0.0014	0.0220457958843288
1e-04	0	3e-04	0.0017	7e-04	6e-04	0.0187244122868641
4e-04	3e-04	0.0013	0.0031	0.0024	0.0024	0.0401644176514648
0	0	3e-04	0.0013	1e-04	7e-04	0.0115991389016332
0.0032	0.0034	0.0023	0.0109	0.0081	0.0068	0.0737308210390313
0	1e-04	2e-04	6e-04	2e-04	4e-04	0.00844109345450682
0.0066	0.0028	0.0073	0.0302	0.0155	0.0171	0.188750184426412
0.0924	0.09	0.0038	0.0721	0.0452	0.0353	0.157185629107598
0.0021	0.0037	0.0027	0.013	0.0065	0.0049	0.127002424827982
2e-04	0.0011	0.0018	0.0081	0.0042	0.0021	0.067687822055686
0.0518	0.0461	0.0165	0.1045	0.06	0.0646	0.299713277724316
1e-04	0	3e-04	0.0012	0.0011	7e-04	0.0136524038894677
0	0	0	0	0	0	0.000495678432563823
2e-04	8e-04	4e-04	0.0014	0.0012	0.0011	0.0154343739369204
1e-04	0	4e-04	2e-04	4e-04	6e-04	0.0129420870420314
0.0017	0.0022	0.0032	0.0147	0.0078	0.0091	0.156910207568628
0.0075	0.0085	0.0029	0.0223	0.0086	0.0111	0.107926305675053
3e-04	0	8e-04	0.0012	5e-04	5e-04	0.0225220488148274
1e-04	0	0	9e-04	0	4e-04	0.00886161916345273
2e-04	2e-04	0.001	0.0033	0.003	0.0021	0.0369657699693265
0.005	0.0035	0.001	0.014	0.0048	0.0054	0.0741834292795347
0.0067	0.0056	0.0058	0.0349	0.0174	0.0174	0.204957757267307
0.0328	0.0264	0.0167	0.101	0.0542	0.0562	0.341584430160276
0.001	0.0023	0.0016	0.0092	0.006	0.0053	0.0995519562512573
1e-04	0	4e-04	3e-04	1e-04	2e-04	0.00669531728919649
0	2e-04	1e-04	0.0013	4e-04	4e-04	0.011695988624883
6e-04	7e-04	0.0022	0.0068	0.0061	0.0084	0.0892552673656816
0	0	0	0	4e-04	0	0.00112570469549408
0.0013	0.0012	0.0014	0.0072	0.0041	0.0036	0.0799536182805894
0.009	0.0069	0.0041	0.0344	0.0177	0.0173	0.180471673176557
2e-04	0	2e-04	0.0013	0.0013	7e-04	0.0326055471469816
0.0093	0.0109	0.0028	0.0301	0.0148	0.0164	0.15386035641301
0.0019	0.0025	6e-04	0.007	0.003	0.0026	0.0364237053604386
0.0048	0.003	0.006	0.0264	0.0136	0.0155	0.204796981786573
0.0074	0.0079	0.0096	0.0535	0.0231	0.0242	0.343451086458548
2e-04	6e-04	2e-04	0.0012	0.001	6e-04	0.0128012132698461
0.002	0.002	0.0011	0.0098	0.0069	0.0044	0.0703818002175609
0.0185	0.0142	0.0084	0.0599	0.0338	0.039	0.281575909354254
0.0138	0.0136	0.0074	0.0442	0.0264	0.0246	0.185983301849239
0.0023	0.0016	0.0039	0.0132	0.0113	0.0111	0.123824287257815
0.2551	0.2396	0.0497	0.3753	0.2214	0.2193	0.713038137199245
1e-04	0	1e-04	4e-04	1e-04	0	0.00446731810820602
5e-04	1e-04	0	0.002	5e-04	1e-04	0.00468512378816934
0	3e-04	1e-04	2e-04	5e-04	1e-04	0.00382051000399311
0.0097	0.0097	0.0043	0.042	0.02	0.0165	0.229704516070561
0.0064	0.0063	0.0011	0.0144	0.008	0.0094	0.0596108025281959
0.0059	0.0072	0.0025	0.0192	0.0083	0.0075	0.0752229043295818
0	0	0	6e-04	0	1e-04	0.00641470260004143
0.011	0.0116	0.0017	0.0235	0.0108	0.0131	0.0845577399420651
0.0024	0.003	6e-04	0.0087	0.0056	0.0046	0.0900907176647849
0.0561	0.0575	0.038	0.174	0.0952	0.1032	0.552323848700286
0.0289	0.0285	0.0043	0.0516	0.0265	0.029	0.130989572425623
0.0051	0.0056	6e-04	0.0089	0.0048	0.0029	0.0325084934788635
0.0013	0.0013	0.0024	0.0103	0.004	0.0068	0.102721005818531
0.0125	0.0111	5e-04	0.0151	0.0057	0.0035	0.0401676837789514
0.0017	0	0.0014	0.0053	0.0024	0.0037	0.0656761497420233
6e-04	2e-04	6e-04	0.0026	0.0011	0.001	0.0153352030262583
0.4415	0.4341	0.0267	0.336	0.2112	0.2248	0.491416794718906
0.0039	0.0033	5e-04	0.0104	0.0037	0.0038	0.0387500003389076
0.0014	4e-04	0.0015	0.0045	0.0031	0.0024	0.0308792401540093
4e-04	0.0012	0.0018	0.0091	0.0047	0.0073	0.101883067030011
0	0	4e-04	9e-04	1e-04	0.0013	0.0111381425069167
0.0504	0.0503	0.0126	0.1192	0.0571	0.0612	0.345340492347809
0.0013	0.0029	0.0048	0.0169	0.0099	0.0096	0.133930749135767
7e-04	8e-04	0	0.0027	8e-04	0.0012	0.0103049450782278
0.0624	0.0577	0.0367	0.1949	0.1122	0.1192	0.590187093607524
0.0056	0.0064	0.0094	0.0438	0.0306	0.0256	0.27306144178011
0	0	0	1e-04	0	2e-04	0.00162516417702495
0	0	0	6e-04	0	1e-04	0.00200349146166098
0.0261	0.0274	0.0211	0.1025	0.0606	0.0598	0.412229675030643
1e-04	0	1e-04	0	3e-04	3e-04	0.00701531057553425
6e-04	0.0012	0.0031	0.0107	0.0053	0.0075	0.0833720662470246
1e-04	2e-04	8e-04	0.0019	0.0014	0.0015	0.0336587857446618
0.0016	0.001	8e-04	0.0059	0.0037	0.0023	0.0389537179675902
0	3e-04	3e-04	0.0018	0.0012	0.001	0.0218746535707208
0.0586	0.059	0.0365	0.2018	0.1077	0.118	0.57307963717858
1e-04	0	0	0	1e-04	0	0.000792739906934354
0	0	0	0	0	0	0.000257804003723274
0.004	0.0046	0.0072	0.0308	0.0191	0.0155	0.197524852683084
3e-04	2e-04	8e-04	0.0024	0.0013	0.0018	0.0262453054286003
1e-04	5e-04	2e-04	6e-04	3e-04	3e-04	0.00615176530490503
2e-04	5e-04	0	0.001	4e-04	1e-04	0.0102476153369994
0.0121	0.0099	0.0026	0.0272	0.0112	0.0077	0.106778508904408
0.0177	0.0163	0.0189	0.0875	0.0487	0.0469	0.371584518437714
0	2e-04	1e-04	0.001	7e-04	0.0014	0.0134200481295253
0.5564	0.5393	0.0416	0.4988	0.3002	0.3057	0.767937053520004
0	0	1e-04	0	1e-04	0	0.00136748738488579
0.1768	0.181	0.113	0.4011	0.2714	0.2697	0.79011074110039
0.0142	0.0144	0.0118	0.0658	0.0341	0.0329	0.232307593402009
0.0743	0.0726	0.0507	0.2036	0.128	0.1289	0.543068685802926
9e-04	0.0012	0.0022	0.0085	0.0065	0.0043	0.0829341395635133
0	0	0	0	3e-04	0	0.0041036370575628
0	0	0	0	0	1e-04	0.000387682651714004
6e-04	2e-04	2e-04	7e-04	0	3e-04	0.00281019197385086
3e-04	0	3e-04	0.0018	0.0013	6e-04	0.0226030604992525
0.0067	0.0079	0.0117	0.0443	0.025	0.0282	0.300333785734571
0	0	0	0	0	0	0.000355383180484074
0.0012	0.0013	0.0046	0.0119	0.0091	0.0069	0.131969450294524
0	0	0	0	0	0	2.95725463678311e-05
0.0022	0.0029	1e-04	0.0037	0.0011	0.0014	0.0151090382858368
0	0	0	0	0	0	0.000272193196866224
0.0229	0.0221	0.022	0.1116	0.0592	0.0639	0.505103827275458
0.0016	0.0013	0.0026	0.014	0.0052	0.0075	0.134857825468653
0.0044	0.0059	0.0056	0.0237	0.0143	0.0146	0.192387877612851
8e-04	1e-04	3e-04	0.003	0.0018	0.003	0.034458292549225
0.0026	0.0034	0.0063	0.0228	0.0161	0.0134	0.172177427722205
0.0112	0.0146	0.0011	0.0228	0.0092	0.0098	0.0740050288364055
0.0232	0.0235	0.0201	0.0918	0.055	0.0595	0.347145063224681
0.0035	0.0023	0.0036	0.0169	0.0104	0.0088	0.146755139154114
0	0	7e-04	8e-04	0.001	3e-04	0.0141666818429279
0.0019	0.0024	5e-04	0.0075	0.003	0.0037	0.0459108951936399
0.0499	0.0555	0.0036	0.0614	0.0358	0.035	0.16283776439703
0.3338	0.3369	0.0577	0.3857	0.2504	0.2406	0.662237196229051
0.0013	6e-04	0.0025	0.0068	0.0048	0.0038	0.0653202411302349
1e-04	2e-04	7e-04	0.0029	0.0026	5e-04	0.0321621592023034
0	0	0	2e-04	1e-04	0	0.00247995294859635
0.0026	0.0025	0.0029	0.0139	0.0106	0.01	0.0927061358879083
0.0023	0.0034	0.001	0.0072	0.0036	0.0037	0.0279893924703599
0	0	0	0	0	0	0.000972072356850159
0.0083	0.0149	0.0083	0.0499	0.026	0.0321	0.252681957952302
0.016	0.0154	0.005	0.0282	0.0152	0.0158	0.0880932986182967
2e-04	2e-04	0.0011	0.0024	0.0022	8e-04	0.0378150912536629
0.0037	0.0078	0.0065	0.0307	0.0166	0.0148	0.171558564112436
0.0262	0.0252	7e-04	0.0179	0.0101	0.0078	0.0413829156548398
9e-04	5e-04	0.0024	0.0058	0.0042	0.0037	0.0665602679477874
0.1723	0.1596	0.0922	0.3744	0.2385	0.2392	0.718275128396375
0.0122	0.0136	0.0117	0.0608	0.0367	0.0347	0.284732350640956
0.0589	0.059	0.0339	0.1697	0.1009	0.1031	0.468541702696799
0.2111	0.2104	0.0969	0.4297	0.2807	0.2788	0.83897851041205
0.0061	0.0061	0.0089	0.0327	0.0166	0.0187	0.224048877599637
0.0036	0.0022	0.0025	0.0199	0.0084	0.0073	0.129610350129674
0.0395	0.0329	0.0046	0.0695	0.0358	0.0345	0.227377748997217
0.0018	0.0018	0.0031	0.018	0.009	0.0094	0.161750282602077
0.0175	0.0171	0.0043	0.045	0.0205	0.0194	0.142020056072249
0	0	0	4e-04	7e-04	1e-04	0.0093844791949367
0.0051	0.0044	0.0046	0.0251	0.0143	0.0152	0.17595396033569
4e-04	1e-04	0.0017	0.0059	0.0057	0.0029	0.0671770877641986
0	0	3e-04	2e-04	1e-04	4e-04	0.00621666707640264
0.149	0.1416	0.0735	0.3219	0.1966	0.2135	0.691569679512467
0.0167	0.0157	0.0077	0.0463	0.0246	0.0237	0.222472925927806
8e-04	6e-04	0	5e-04	2e-04	3e-04	0.00223490542967943
0.0026	0.001	0.0017	0.0083	0.0061	0.0031	0.0941499683756374
0.0018	0.0015	0.0018	0.0092	0.0057	0.0065	0.0915746749448814
1e-04	6e-04	3e-04	0.0018	9e-04	0.001	0.024577922154645
0.0033	0.0035	0.001	0.0112	0.0057	0.0066	0.0491747167313468
0	4e-04	3e-04	8e-04	9e-04	0.0011	0.0247413794412833
4e-04	2e-04	0	8e-04	1e-04	6e-04	0.00426676146599327
0.0034	0.0025	0.0054	0.0236	0.016	0.0121	0.15342693888715
0.0025	0.0032	0.0036	0.0187	0.0141	0.009	0.151266226783335
0.014	0.0135	0.0069	0.0617	0.0265	0.0293	0.258270912284956
0	1e-04	2e-04	7e-04	1e-04	5e-04	0.0099430416701484
0	2e-04	1e-04	7e-04	0	4e-04	0.00438893067755897
0.0963	0.0955	0.0073	0.0821	0.0477	0.0477	0.154532573596144
5e-04	5e-04	1e-04	0.0012	7e-04	1e-04	0.00550358998134692
0.002	9e-04	0.0028	0.0083	0.0067	0.0055	0.0986343473984398
0.2181	0.2183	0.0582	0.3364	0.194	0.2084	0.670845626561887
2e-04	0	2e-04	3e-04	2e-04	7e-04	0.0142275174578408
0	0	0	2e-04	3e-04	1e-04	0.0052262718976327
0.0079	0.0064	0.0017	0.0208	0.011	0.0105	0.0974518703729789
1e-04	0	3e-04	0.0021	7e-04	8e-04	0.0193091223259403
0.0166	0.0171	0.0023	0.0284	0.0157	0.0155	0.0942906099770949
0.0189	0.0192	0.0136	0.0955	0.0509	0.0562	0.362548329147834
0.0013	6e-04	0.0016	0.0048	0.0024	0.0019	0.0592778039538634
0.0064	0.006	0.0026	0.0233	0.0112	0.0118	0.113379329589433
0	0	0	0	0	0	0.000104307465899263
0.0854	0.0772	0.0214	0.193	0.1005	0.0938	0.492505843505477
0.0083	0.0071	0.0011	0.0151	0.0078	0.0049	0.0402580086019474
0.0093	0.0123	0.0026	0.0253	0.0112	0.0119	0.0926277383202003
0	1e-04	2e-04	4e-04	2e-04	3e-04	0.0119783911349487
0.0683	0.0677	0.0021	0.046	0.0245	0.0285	0.0866146769299807
0.3357	0.3075	0.1537	0.547	0.3771	0.3818	0.871990144437223
1e-04	0	1e-04	5e-04	5e-04	3e-04	0.0103418845063856
0.0015	0.0011	0.0023	0.0113	0.0047	0.0056	0.101900234819793
0.1633	0.1454	0.0674	0.3401	0.2073	0.2039	0.734779203731151
4e-04	0.001	8e-04	0.0052	0.0025	0.002	0.0446859146819755
0.0055	0.0027	0.003	0.0199	0.012	0.0147	0.175779101305048
0.0029	0.0031	0.0058	0.0235	0.0114	0.0129	0.188241931035386
0.0022	0.002	0.0051	0.0208	0.0103	0.0112	0.188863961292257
0	1e-04	4e-04	5e-04	5e-04	7e-04	0.0118918183498809
0	0	0	0	0	0	0.000952473602480111
2e-04	4e-04	1e-04	5e-04	4e-04	3e-04	0.00545016713603674
0.0398	0.0464	0.0174	0.12	0.0634	0.0691	0.363750261598634
0.0071	0.0053	0.0138	0.0418	0.033	0.0302	0.253540305914392
0	0	0	0	0	0	0.000796475072713239
0.004	0.0032	0.0057	0.0237	0.0159	0.0141	0.162032444828308
0	0	0	0	0	0	0.000451307086294776
4e-04	7e-04	1e-04	0.0037	6e-04	0.0011	0.0221187522501426
0	0	2e-04	0.0016	0.0019	3e-04	0.018792940028654
0.0063	0.005	0.0017	0.0103	0.0049	0.0047	0.0500425991270941
4e-04	5e-04	0.0027	0.0054	0.0021	0.0033	0.0762833485914214
2e-04	6e-04	1e-04	0.0014	0.0011	0.0027	0.0258689941833354
9e-04	0.0012	0.0036	0.0131	0.0067	0.0081	0.122628621221797
1e-04	0	2e-04	9e-04	6e-04	7e-04	0.00951751638297705
0.0025	0.0025	0.006	0.0148	0.0115	0.0109	0.154582206123181
3e-04	1e-04	5e-04	0.0017	0.0018	0.0011	0.0201133132758411
0.0038	0.0038	0.0032	0.0159	0.0075	0.011	0.140007321832517
0.0027	0.0019	0.0022	0.014	0.0096	0.0081	0.134738980299982
0.1781	0.1772	0.0257	0.2385	0.1321	0.132	0.525280775613741
0.004	0.0062	0.0033	0.0203	0.0063	0.0084	0.12301557824365
0	0	1e-04	0	3e-04	1e-04	0.00200329830145856
0.0114	0.015	0.0129	0.0802	0.0451	0.0382	0.35608065534076
1e-04	1e-04	2e-04	0.001	4e-04	4e-04	0.010922132742199
0.0022	0.0026	0.0032	0.0162	0.0094	0.0082	0.172099688123897
2e-04	4e-04	4e-04	0.0025	8e-04	0.0018	0.0288101995285143
0.0376	0.0399	0.0171	0.108	0.0593	0.0595	0.300750579823042
0.0175	0.0157	0.0057	0.0439	0.0224	0.0225	0.205362026190828
1e-04	1e-04	0.0012	0.0018	0.0011	4e-04	0.0199183793788665
0.0089	0.0092	0.0067	0.0341	0.0173	0.0175	0.216330962565419
0.0012	5e-04	6e-04	0.0069	0.003	0.0031	0.0622985721484839
0.0023	0.0019	0.0012	0.01	0.0053	0.0066	0.0719308777012657
0.0018	0.0016	9e-04	0.0052	0.0026	0.002	0.0312112064172475
0.0544	0.0528	0.004	0.0723	0.0312	0.0287	0.180290082100996
0.0023	0.0017	0.002	0.0089	0.005	0.0047	0.0881871459291525
0.001	3e-04	0.0014	0.0035	0.0029	0.0028	0.0718838646060167
0	0	0	1e-04	1e-04	0	0.00241246415194385
8e-04	5e-04	0.0021	0.0074	0.0045	0.0042	0.0886612601817761
1e-04	4e-04	4e-04	0.0015	0.0019	6e-04	0.0209457442772874
0.0014	7e-04	8e-04	0.0038	0.0033	0.0025	0.0550862476510031
5e-04	1e-04	7e-04	0.0025	0.0017	0.0021	0.0363134962643183
0.005	0.0042	0.0082	0.0295	0.0206	0.0192	0.222828476298384
0.0348	0.0371	0.0125	0.0996	0.0485	0.0577	0.378856466185983
9e-04	0.0012	0.002	0.0093	0.0058	0.0045	0.0932092313153486
0.306	0.291	0.0167	0.2636	0.1357	0.1413	0.448398444806648
0.1115	0.1118	0.0283	0.1956	0.1044	0.1129	0.518579354370815
0.001	7e-04	0.0019	0.0051	0.004	0.0042	0.0733371251848349
0	0	1e-04	0	3e-04	0	0.00128365345104575
0.0039	0.0047	0.0043	0.0277	0.0116	0.0142	0.171386519813262
1e-04	2e-04	0	2e-04	1e-04	3e-04	0.00406581598220406
0.0011	9e-04	6e-04	0.0037	0.0012	0.001	0.0276344058410803
0.0018	0.001	0.0013	0.0086	0.0034	0.004	0.0668169352795887
2e-04	1e-04	2e-04	0.0024	8e-04	0.0014	0.0258731343091339
0.0012	0.0013	7e-04	0.0037	0.0024	0.0027	0.0705721932574462
0	4e-04	3e-04	0.0013	5e-04	7e-04	0.0165413173444039
0	1e-04	3e-04	0.0013	9e-04	3e-04	0.0149781163700954
0	1e-04	0	3e-04	0	1e-04	0.00577356967100924
2e-04	1e-04	0	8e-04	0	0	0.00284877167004283
0.1924	0.1918	0.1152	0.4145	0.2788	0.2709	0.790136972814515
0.015	0.0183	0.0084	0.0558	0.0273	0.0262	0.278787622684462
0.2402	0.2377	0.1416	0.4791	0.3407	0.3269	0.837398844836036
0.5021	0.5364	0.0721	0.5548	0.3303	0.3572	0.834683671356643
0.1176	0.0984	0.0219	0.1923	0.1048	0.1025	0.46934030395337
5e-04	4e-04	8e-04	0.0015	0.001	6e-04	0.0262870710117733
0.0018	0.0024	0.003	0.0148	0.0064	0.0089	0.112720139332429
0	0	0	0	1e-04	0	0.00185321600908232
0.0064	0.0078	0.0011	0.0151	0.0082	0.0077	0.0849537911434511
0	0	0	1e-04	0	0	0.000675141745086667
0.0042	0.003	0.0037	0.0179	0.0111	0.0097	0.153393666876746
0	0	2e-04	4e-04	9e-04	1e-04	0.0111058647002541
0.0097	0.0135	0.0068	0.0402	0.0223	0.0219	0.223968754467941
0	0	0	0	1e-04	1e-04	0.00396230651349131
0.0013	6e-04	0.0021	0.0119	0.0048	0.0073	0.0903061362920345
0.0169	0.0185	0.0062	0.0473	0.0263	0.0253	0.213967286851725
0	0	0	2e-04	4e-04	0	0.00910980040565847
5e-04	0	4e-04	0.0018	0.0011	9e-04	0.0195151194874437
0.4222	0.4012	0.089	0.5316	0.3343	0.3327	0.834187247589423
0.0091	0.0074	0.0079	0.0379	0.0244	0.0212	0.219410124701222
0.0152	0.01	0.0183	0.0783	0.042	0.0469	0.357356000519824
0.036	0.0412	0.0313	0.1324	0.0765	0.0794	0.470204716716234
1e-04	2e-04	9e-04	0.0033	0.0023	0.0019	0.0418327982625869
0	0	7e-04	0.0011	0.0014	9e-04	0.0349152395358678
2e-04	1e-04	9e-04	0.0021	0.0016	0.001	0.0353005141557672
0.0087	0.006	0.0072	0.0403	0.02	0.0235	0.221425086400006
0.0013	0.0023	0.0026	0.008	0.0052	0.0045	0.100339728910127
2e-04	0	0	1e-04	0	0	0.00154722694507307
0.0011	0.0021	0.0023	0.0144	0.0073	0.0095	0.106056706291451
0.0053	0.0065	0.0095	0.0452	0.0247	0.0278	0.262583075585943
1e-04	1e-04	0	5e-04	4e-04	1e-04	0.00209858316007422
0.0084	0.0078	0.0144	0.0585	0.0302	0.0328	0.268880851221498
0	0	0	0	0	0	0.000323078594113932
1e-04	3e-04	0.0015	0.0052	0.0028	0.0026	0.0675959997634167
0.0998	0.0934	0.0119	0.1199	0.0694	0.0647	0.297938224831373
0.0113	0.0066	0.0023	0.0263	0.0108	0.0121	0.117228478598358
0.0019	0.0018	0	0.0013	2e-04	9e-04	0.00188564228800729
0	0	0	2e-04	0	0	0.000462864845588219
0.0359	0.0347	0.0063	0.0752	0.0396	0.0371	0.2260885392017
0.0132	0.0191	0.003	0.0369	0.0143	0.0193	0.157292099021318
0.004	0.002	0.0044	0.0159	0.0084	0.0083	0.121705888818682
0.0147	0.0155	0.0072	0.0541	0.0269	0.0296	0.269837097047889
0.0197	0.0239	0.0233	0.0906	0.0504	0.0542	0.362723070399045
4e-04	8e-04	3e-04	0.0042	0.0011	0.0015	0.0190133377279106
0.003	0.0023	0.0017	0.0072	0.0044	0.0043	0.0569269664135833
0.0012	0.0037	0.0026	0.0121	0.0072	0.006	0.120918963065013
0	4e-04	2e-04	0.0013	5e-04	6e-04	0.0173568039011386
1e-04	2e-04	2e-04	0.0016	9e-04	0.0014	0.0195729768900503
0.0388	0.0316	0.0216	0.1078	0.0572	0.0604	0.341566044796957
0.0085	0.0073	0.0071	0.0442	0.0198	0.0231	0.219985217908471
8e-04	1e-04	0.0012	0.0053	0.0014	0.0025	0.0627202589238155
8e-04	8e-04	1e-04	0.0028	4e-04	0.002	0.0121903477058742
6e-04	3e-04	4e-04	0.0024	0.0012	8e-04	0.0299515827514423
0.0027	0.0034	0.0037	0.0173	0.0081	0.0077	0.127499763925078
4e-04	0.001	1e-04	0.0027	8e-04	0.0013	0.0235498998339353
1e-04	0.0012	0.0017	0.0062	0.0053	0.0041	0.0676624031311544
0.0027	0.0017	0.0023	0.014	0.0076	0.0054	0.0654297593690075
0.019	0.0178	0.0069	0.0606	0.0287	0.0337	0.255906313826974
0.0095	0.0115	0.0069	0.0487	0.0216	0.0248	0.237478999686678
0.2217	0.205	0.1278	0.4574	0.3119	0.3186	0.807332389117535
0	3e-04	0	0.0013	3e-04	8e-04	0.00811504839459747
1e-04	7e-04	0.0019	0.0068	0.0029	0.0034	0.0717408019585054
0.0013	0.0016	0.0059	0.0186	0.0118	0.0116	0.185161676894992
0.0013	0.0017	0.0029	0.0146	0.007	0.0068	0.113291798003719
5e-04	2e-04	1e-04	8e-04	5e-04	0.0017	0.00490258282614783
9e-04	0.001	0.0025	0.0117	0.0054	0.0053	0.100619939103225
2e-04	7e-04	4e-04	0.0033	0.0017	0.002	0.0343127455923742
0	0	0	0	0	0	0.000580340478043345
0.0443	0.0411	0.021	0.1359	0.0712	0.075	0.423802777588777
0.0052	0.0039	0.007	0.0385	0.0224	0.0188	0.229091525346545
0.0045	0.0029	0.0022	0.0138	0.0069	0.0058	0.0964614973492591
0.02	0.0235	0.0286	0.0974	0.0671	0.0659	0.405674826968945
0.0043	0.0054	0.0053	0.0266	0.015	0.0141	0.207262625396266
0.2048	0.1984	0.0246	0.2016	0.1254	0.1285	0.360842478021793
2e-04	5e-04	6e-04	0.004	0.0029	0.0011	0.0192332949081926
1e-04	1e-04	1e-04	4e-04	4e-04	3e-04	0.0100882293649326
0	0	2e-04	4e-04	1e-04	0	0.0051623407589652
0.0066	0.0063	0.0012	0.0201	0.0076	0.0084	0.0968098867419502
0.0427	0.0406	0.0294	0.1484	0.0828	0.0867	0.514902873251169
0	0	1e-04	3e-04	7e-04	3e-04	0.00628462249497308
0.0834	0.08	0.0111	0.1162	0.0611	0.0574	0.30501466903991
0.2043	0.215	0.0696	0.3678	0.2299	0.2301	0.68170861010274
0.0096	0.0068	0.006	0.0414	0.0212	0.0174	0.227215337719281
4e-04	5e-04	0	9e-04	1e-04	4e-04	0.00444036581075711
1e-04	1e-04	0.0021	0.0056	0.004	0.0033	0.0747957179561235
3e-04	2e-04	2e-04	0.001	3e-04	9e-04	0.0226941516755879
1e-04	8e-04	2e-04	0.0033	0.0022	0.0015	0.0350038192489489
0.0235	0.0251	0.0064	0.0511	0.0256	0.0243	0.184904233933437
0.2611	0.2622	0.1288	0.4808	0.3247	0.3243	0.806981330906511
0.0035	0.0044	0.0013	0.0136	0.004	0.0062	0.0728529076970169
0.0062	0.0052	0.0029	0.0231	0.0106	0.0119	0.150336792346479
0.0045	0.0033	0.0088	0.0358	0.0203	0.0201	0.257722837441936
0.0278	0.0274	0.0237	0.1133	0.0639	0.0681	0.447273162591427
0.0696	0.0721	0.0476	0.2431	0.1338	0.1441	0.650550593858424
0.1963	0.1979	0.0563	0.3345	0.1906	0.2032	0.660549781675233
0.092	0.0968	0.0092	0.1006	0.0559	0.053	0.213586320713197
0.0057	0.0039	0.0097	0.0319	0.0146	0.0201	0.233188603016254
5e-04	6e-04	0.0013	0.0046	0.002	0.0025	0.0541997183735747
0.0074	0.0051	0.0029	0.0268	0.0131	0.0174	0.150505963733078
0.0018	0.001	8e-04	0.0042	0.0012	0.0021	0.01916328597728
0.1191	0.1297	0.092	0.3154	0.2002	0.2076	0.683007578642893
3e-04	8e-04	6e-04	0.0021	0.0015	0.0024	0.0234191198238293
0.0017	0.0034	0.002	0.016	0.008	0.0063	0.116542769996557
0.0507	0.0529	0.007	0.0697	0.0402	0.0432	0.200061397928029
0.0036	0.0029	0.002	0.021	0.0124	0.0101	0.123966298382485
0.0023	0.0023	0.0019	0.0099	0.0078	0.0072	0.112345529558732
0.0469	0.0513	0.0241	0.1333	0.0757	0.0787	0.496503421341195
0.0013	9e-04	9e-04	0.0027	5e-04	0.002	0.038021407968141
0.0124	0.0125	0.0043	0.0326	0.0158	0.016	0.092909113625915
0.0393	0.0451	0.0513	0.1681	0.1092	0.103	0.519179168017584
0.0513	0.0548	0.0097	0.1058	0.0516	0.0554	0.281396131622574
0.0041	0.0058	0.0028	0.0167	0.0048	0.0049	0.0830967049739001
0.0672	0.0602	0.0117	0.0957	0.0489	0.0522	0.246839351097645
0.0089	0.0069	0.0125	0.0534	0.028	0.0286	0.323337293729197
0	0	0	0	0	0	0.000744920002418802
9e-04	0.0011	9e-04	0.0079	0.0041	0.0026	0.0844546658922007
0.0169	0.0159	0.0195	0.069	0.0398	0.0445	0.26762868469913
8e-04	0.0013	0.0011	0.01	0.0052	0.0063	0.121801401730547
6e-04	2e-04	4e-04	9e-04	2e-04	3e-04	0.0123285515997094
0	0	0	6e-04	6e-04	3e-04	0.00668988585166612
7e-04	8e-04	0	4e-04	2e-04	5e-04	0.0029917417706478
0.0133	0.0118	0.0195	0.0684	0.0398	0.0424	0.370621254755001
0.0169	0.0166	0.0134	0.0697	0.0413	0.0409	0.378371170832273
0.004	0.0035	0.0078	0.0299	0.0184	0.0151	0.228877772875769
0.0017	0.0013	3e-04	0.004	0.0017	0.0017	0.0144684162061868
3e-04	6e-04	5e-04	0.0034	0.0026	0.0014	0.0257221041655409
0.0014	6e-04	0.0011	0.0078	0.0047	0.0036	0.050684452413238
0	2e-04	1e-04	0.001	6e-04	1e-04	0.0115115034194555
0.0028	0.0015	0.0027	0.0134	0.0101	0.0092	0.101572653998666
0.049	0.0539	0.005	0.0815	0.0347	0.0307	0.217436620775792
0.0035	0.002	0.0036	0.0205	0.0091	0.0074	0.1170480143946
2e-04	1e-04	0	5e-04	2e-04	3e-04	0.00726660360288742
0	0	1e-04	2e-04	0.0011	0	0.00741624110837172
0.0079	0.0084	0.0111	0.0412	0.0256	0.028	0.282672227605324
