FMP	RMP	FPP	UPP	ANPP	NPP	ANCOVA
0.0087	0.0098	0.0047	0.036	0.0167	0.0196	0.176214434347416
1e-04	2e-04	3e-04	0.0015	9e-04	6e-04	0.0254986582391072
1e-04	0	1e-04	2e-04	4e-04	0	0.00564131353070583
8e-04	9e-04	7e-04	0.004	0.0018	0.0011	0.0233889846103178
6e-04	7e-04	0.0017	0.0058	0.0028	0.0031	0.0562165237848793
0	0	1e-04	3e-04	2e-04	4e-04	0.0107067432889023
0.0074	0.0083	0.0111	0.0436	0.0305	0.0312	0.341658408481961
8e-04	1e-04	6e-04	0.0014	0.0021	6e-04	0.0337812375869604
0.0015	0.0027	0.0016	0.0071	0.0045	0.0052	0.0492763353559885
0	0	1e-04	6e-04	1e-04	1e-04	0.00964648794614123
3e-04	0	0	0.001	5e-04	5e-04	0.0187310964310236
0	0	0	0	0	0	0.000121552170232362
0	1e-04	0	4e-04	1e-04	2e-04	0.00453912143533036
2e-04	5e-04	0.0015	0.0042	0.003	0.0022	0.0543499767787354
6e-04	6e-04	0.0024	0.0056	0.0031	0.0023	0.0594441377761129
9e-04	9e-04	2e-04	0.0017	8e-04	3e-04	0.00483921742658335
0.0384	0.0358	0.0258	0.1261	0.0786	0.0794	0.439924606395433
3e-04	5e-04	3e-04	0.0027	0.0018	0.0016	0.0433761101619099
2e-04	5e-04	1e-04	0.0014	8e-04	1e-04	0.00551261625091563
0.3857	0.3818	0.0331	0.309	0.2025	0.1912	0.454048691831263
0.0115	0.0133	4e-04	0.0091	0.004	0.0041	0.0181480870607465
0	1e-04	0	0	0	0	9.35101652624225e-05
2e-04	2e-04	1e-04	5e-04	8e-04	3e-04	0.00962467826341549
0.0275	0.0244	0.0256	0.1169	0.0671	0.0689	0.500884067963239
0	1e-04	2e-04	9e-04	5e-04	5e-04	0.0117828138435586
2e-04	0	3e-04	8e-04	0	1e-04	0.00959272868329181
0.005	0.0034	0.0021	0.0146	0.0071	0.0047	0.0839330404116219
0.0041	0.0064	0.0138	0.0426	0.0249	0.0193	0.250402298861716
5e-04	3e-04	4e-04	0.0024	0.0021	0.0018	0.0365818635557488
0.002	0.0021	0.0027	0.0141	0.0083	0.0073	0.118962980698074
0.0026	0.0018	0.0027	0.0111	0.0056	0.0051	0.0899990018051917
0.1042	0.103	0.0413	0.2214	0.1327	0.1411	0.530727409293599
1e-04	0	2e-04	7e-04	5e-04	5e-04	0.0090386494681176
0	0	1e-04	3e-04	2e-04	1e-04	0.00554412516977397
0	0	0	3e-04	1e-04	0	0.000292929179754074
0.0013	7e-04	1e-04	0.0027	0.0011	0.0013	0.00895656959210307
0.032	0.0392	0.0073	0.0653	0.0365	0.0357	0.209276371410398
1e-04	3e-04	7e-04	0.0024	0.002	0.0018	0.0456163066566793
0.1829	0.1803	0.0192	0.2526	0.1276	0.1205	0.540503608432879
5e-04	0	0.001	0.0033	0.0017	0.0019	0.040301800564134
0	0	0	0	0	0	2.81755278825814e-05
0.0088	0.0096	0.0024	0.0237	0.0121	0.0092	0.0931417047836208
0.0493	0.0484	0.0118	0.0767	0.0465	0.0457	0.19499635055392
0.0045	0.0038	0.0032	0.0214	0.0109	0.0155	0.117686228456995
9e-04	0.0015	0.0015	0.0083	0.0042	0.006	0.105112072021661
0	0	0	0	0	0	4.0417198035831e-05
0	0	0	0	0	0	0.000765772372288699
2e-04	0	2e-04	0.0033	9e-04	0.0014	0.0281910187820232
0.0259	0.0263	0.0128	0.0779	0.0463	0.0474	0.257162253019996
3e-04	2e-04	1e-04	0.0012	4e-04	6e-04	0.015544823249813
0.0011	8e-04	5e-04	0.0046	0.0014	8e-04	0.0261324756147099
0.0081	0.0071	0.0165	0.0739	0.0424	0.0388	0.400991992656911
0.0019	0.0011	0.0033	0.0118	0.0076	0.0066	0.120111806682447
0.0186	0.0115	0.0023	0.0243	0.0139	0.0125	0.089374087032808
2e-04	0	3e-04	9e-04	7e-04	9e-04	0.0082706408109422
0	0	0	0	0	0	0.000651037934563927
4e-04	0	5e-04	5e-04	1e-04	5e-04	0.00792092627779058
0.0142	0.0131	0.007	0.0533	0.0248	0.0234	0.238110946052483
0.015	0.019	0.0054	0.0442	0.0233	0.0239	0.166508434193775
0.0152	0.0129	0.0084	0.0473	0.0242	0.0257	0.153848389493456
1e-04	6e-04	2e-04	0.0018	0.0015	0.0028	0.0202991796209217
3e-04	8e-04	3e-04	0.0034	0.003	8e-04	0.044570981948765
0	0	0	3e-04	0	1e-04	0.0018437415100971
0.0078	0.0037	0.0041	0.0332	0.0131	0.0157	0.223050458173388
1e-04	0	2e-04	5e-04	8e-04	4e-04	0.0058644377631425
0.0064	0.0074	0.0059	0.0301	0.0243	0.016	0.197201983985835
0.001	0.0012	0.001	0.0072	0.003	0.0033	0.0343465675789707
1e-04	4e-04	5e-04	0.0014	6e-04	9e-04	0.0137640685897416
3e-04	7e-04	3e-04	0.0018	5e-04	1e-04	0.020046032361696
0.0052	0.0098	0.004	0.0284	0.0125	0.0162	0.16773117652679
0.0177	0.0176	0.0014	0.0306	0.012	0.0126	0.125634616181164
0.0156	0.0149	0.0028	0.0332	0.0147	0.0149	0.108615434998548
0	1e-04	2e-04	5e-04	3e-04	1e-04	0.00719725783840458
0.0032	0.0047	0.0041	0.0206	0.0113	0.0153	0.206905760668387
0	4e-04	4e-04	0.0018	8e-04	6e-04	0.012928305908092
0.0035	0.0038	0.0011	0.012	0.0044	0.0065	0.0503555419143779
0.001	8e-04	0.001	0.0033	0.0017	0.0013	0.0466766874165781
0.0252	0.0198	0.0192	0.0981	0.0528	0.0572	0.350303257659661
9e-04	0.0013	0.0018	0.0066	0.004	0.003	0.0692162429315697
3e-04	0	2e-04	0.0015	3e-04	0	0.00418748361885331
6e-04	0.001	0.001	0.0046	0.0031	0.0032	0.0556190973417515
1e-04	1e-04	0	0.001	0	3e-04	0.0104488170621882
0.1788	0.1806	0.0652	0.3169	0.1962	0.2054	0.613535434492002
2e-04	0	1e-04	0.0013	9e-04	0.0013	0.0192355921982468
0.0097	0.0107	0.0156	0.059	0.0351	0.0321	0.343256537854637
0.0321	0.0331	0.0233	0.119	0.0629	0.0606	0.407252991720012
0	0	6e-04	0.0021	0.0013	0.001	0.0211094358035014
0.0026	0.0034	0.0056	0.0176	0.0133	0.013	0.150005798864519
0.0045	0.0064	0.0097	0.0416	0.0249	0.0218	0.223641213649792
0	0	2e-04	0.0015	8e-04	6e-04	0.0162750048335033
7e-04	1e-04	6e-04	0.005	0.0029	0.0027	0.0415057579668296
0.0047	0.004	0.0039	0.0196	0.011	0.0119	0.15605994585252
0	0	0	0	0	0	0.000317462564624549
0.1259	0.1246	0.0316	0.22	0.1269	0.1263	0.514222195046674
0	0	0	3e-04	4e-04	2e-04	0.0086723265783766
0.0024	9e-04	0.0026	0.0098	0.006	0.0055	0.0667805120047476
5e-04	2e-04	3e-04	0.0022	9e-04	0.0013	0.0314844242068564
0	0	0	0	0	1e-04	0.000702989459277737
0.0037	0.0027	0.0036	0.0281	0.0114	0.0144	0.165223571667087
0	1e-04	0	3e-04	0	0	0.00330107077062806
0	0	0	0	1e-04	1e-04	0.00100182007516453
0	0	6e-04	5e-04	5e-04	7e-04	0.0104072180591999
0.0192	0.0149	0.0083	0.0593	0.0307	0.0328	0.264333762763738
0.0011	0.001	0.002	0.0121	0.006	0.0062	0.14060788777495
0	0	2e-04	6e-04	8e-04	2e-04	0.00614615245787925
8e-04	0.0012	0.0022	0.0093	0.0039	0.0047	0.0928473832420741
0	6e-04	5e-04	0.0018	0.0016	0.0017	0.0261240619120847
0.014	0.0153	0.0083	0.0609	0.0326	0.0347	0.316808761753117
3e-04	2e-04	8e-04	0.0051	0.0028	0.0039	0.0472694939551234
0	0	0	0	0	0	0.000359895684161013
0	2e-04	1e-04	7e-04	1e-04	4e-04	0.00470363111433124
7e-04	4e-04	0	0.0025	5e-04	9e-04	0.0178901998315888
2e-04	1e-04	8e-04	0.0026	0.0014	0.0015	0.0390982527645844
0.0045	0.0049	0.0066	0.0288	0.0205	0.0158	0.17795752240501
3e-04	0	4e-04	0.0017	0.0028	0.0015	0.0413643946130211
1e-04	1e-04	0	0	3e-04	5e-04	0.00331486262611417
0.1605	0.1653	0.0324	0.2022	0.1188	0.1181	0.382593840412162
0.002	0.0015	0.0016	0.0075	0.0034	0.0033	0.0543902850600968
0.0039	0.0048	0.0062	0.0311	0.0196	0.0187	0.222638980402184
0.0025	0.0016	0.0033	0.016	0.0075	0.0088	0.121901395437301
0.0075	0.0084	0.0085	0.0453	0.0245	0.0215	0.237418463116568
1e-04	0	1e-04	9e-04	0.0011	2e-04	0.0176873188612699
0	1e-04	1e-04	8e-04	6e-04	8e-04	0.00715346790275423
0.0021	0.0028	0.0059	0.0199	0.0102	0.0132	0.141486450360009
0	1e-04	4e-04	8e-04	8e-04	6e-04	0.0164778512360028
0.0093	0.01	0.0153	0.0668	0.0319	0.0363	0.353591562655108
0.0216	0.0132	0.0212	0.0918	0.0478	0.053	0.473452906958397
0.0012	0.0018	2e-04	0.0054	0.0049	0.0029	0.0349830393825449
0	2e-04	0	2e-04	1e-04	4e-04	0.00112889776153953
1e-04	0	0	3e-04	0	1e-04	0.00250036019135211
3e-04	3e-04	0	1e-04	2e-04	1e-04	0.0041154772142904
0.0074	0.0109	0.002	0.0296	0.0107	0.0108	0.12230698608058
0	1e-04	5e-04	4e-04	1e-04	0.001	0.0104720610921453
0.0031	0.0045	0.0013	0.0104	0.005	0.0053	0.0399236558077585
0.0042	0.0037	0.0057	0.0299	0.0139	0.0123	0.211717697366165
0	0	6e-04	0.0013	0.0011	9e-04	0.0306018243179438
0	0	0	1e-04	0	0	0.000199513096004597
0	0	0	0	1e-04	1e-04	0.000619204108079814
0	0	1e-04	8e-04	0	2e-04	0.00484926168923937
4e-04	1e-04	7e-04	0.002	7e-04	7e-04	0.029617062630912
0	0	2e-04	0.0024	0.0014	0.0013	0.0234059908846857
0.0111	0.0131	0.0126	0.0575	0.0288	0.0281	0.316785419751896
0.1133	0.1202	0.0198	0.1962	0.099	0.0983	0.451993649093936
8e-04	8e-04	0.0025	0.007	0.0035	0.0034	0.081300326453467
0	1e-04	0	1e-04	0	0	0.00117785581567837
8e-04	6e-04	0.0011	0.0061	0.0022	0.0022	0.0576101239576854
4e-04	0	1e-04	4e-04	4e-04	2e-04	0.0087253293053848
0	0	1e-04	9e-04	4e-04	3e-04	0.00846668012103544
0.0068	0.0065	0.0029	0.0245	0.012	0.0106	0.154948430709587
0.0183	0.0139	0.0116	0.0585	0.029	0.0353	0.260515354687709
0.0053	0.004	0.0046	0.0277	0.0125	0.0162	0.158826665102954
0.021	0.0196	0.0092	0.0725	0.0359	0.0331	0.337399978189071
0.0071	0.0076	0.0053	0.0225	0.0128	0.0119	0.116897587300756
0	0	2e-04	8e-04	0	3e-04	0.012734399129484
0.0012	7e-04	7e-04	0.0046	0.0033	0.002	0.044343444662731
4e-04	5e-04	0.0019	0.0038	0.0017	0.0023	0.0542361704096124
0.2078	0.2243	0.0312	0.2806	0.1576	0.1654	0.549238401825332
0.0084	0.0083	0.0117	0.0458	0.0229	0.0218	0.23949828420808
0.0098	0.0107	0.0032	0.0334	0.0141	0.0141	0.133143999196429
0.0013	0.0011	7e-04	0.0041	0.0029	0.0023	0.0585254689979577
1e-04	0	1e-04	4e-04	4e-04	2e-04	0.0041476544726649
0.0171	0.0169	0.0065	0.0558	0.0266	0.0257	0.184542184591814
0	0	0	0	0	0	0.00171998026511574
1e-04	0	0	3e-04	2e-04	6e-04	0.00358140113205958
0.0394	0.0427	0.0093	0.0837	0.044	0.0373	0.208490004933743
0	0	0	0	2e-04	0	0.0017353304434184
0	0	1e-04	1e-04	1e-04	0	0.00101451463966411
1e-04	0	1e-04	7e-04	2e-04	2e-04	0.0059012490854955
0.1753	0.1562	0.0734	0.3393	0.2159	0.2008	0.711528101934365
0.0076	0.0079	0.005	0.0303	0.0158	0.0201	0.205643078869198
1e-04	0	2e-04	0.0016	5e-04	0.0012	0.0309071472687554
2e-04	0	5e-04	0.0027	0.0015	0.0013	0.0387172142691927
0.0343	0.0321	0.0124	0.0956	0.0445	0.043	0.329878283689482
1e-04	0	0	1e-04	2e-04	4e-04	0.00296521462424613
3e-04	5e-04	0	6e-04	0	2e-04	0.00672531824215719
0.0083	0.0069	0.0098	0.0404	0.0245	0.0213	0.242061493008862
0.0267	0.026	0.026	0.1138	0.0681	0.067	0.516006967895251
6e-04	2e-04	7e-04	0.0022	0.0027	0.0017	0.0321975232239435
0.0014	0.0024	0.0023	0.0118	0.0082	0.0083	0.114067722437647
0.0018	0.0014	6e-04	0.0059	0.0047	0.0064	0.0493878962717021
0.0145	0.0136	0.0144	0.0713	0.0468	0.0434	0.317478320196507
0.2159	0.213	0.0504	0.2944	0.1855	0.181	0.556455784783431
0	4e-04	2e-04	0.001	3e-04	1e-04	0.0185349439565967
2e-04	0	3e-04	0.002	8e-04	0.001	0.0263115636258029
7e-04	3e-04	7e-04	0.0017	7e-04	0.0012	0.0303086016915936
0	3e-04	1e-04	0.0012	2e-04	0.001	0.0192899076677468
0	0	4e-04	1e-04	6e-04	6e-04	0.0112852667606258
5e-04	3e-04	1e-04	0.0019	0.0013	9e-04	0.0156622117254581
0	0	0	1e-04	4e-04	2e-04	0.00318120369077058
0.0013	7e-04	0.0012	0.0073	0.0027	0.0021	0.0637189743874566
0.0994	0.091	0.0333	0.2306	0.121	0.1288	0.580107024425701
0.0018	0.002	0.0018	0.0074	0.0051	0.0061	0.116467319206809
0.0018	0.001	0.0023	0.0145	0.0073	0.0077	0.137568391473625
0	0	1e-04	1e-04	0	1e-04	0.00315447230165528
5e-04	0	5e-04	0.0021	0.0017	0.0022	0.0257366405574894
0.0801	0.0647	0.0254	0.16	0.0893	0.0911	0.461817840469665
0.0077	0.0083	0.0104	0.0466	0.0297	0.0281	0.33879193824879
0.0189	0.021	0.0095	0.0554	0.0233	0.0312	0.215069197421065
0.0076	0.0091	0.0125	0.0502	0.0333	0.0314	0.259161570615954
0.0063	0.0101	0.0127	0.0513	0.0275	0.0282	0.250559876298671
0	0	2e-04	0.0014	7e-04	5e-04	0.0133587763472087
0.0026	0.003	0.0012	0.011	0.0058	0.0071	0.07295682183734
4e-04	0	2e-04	0.0024	5e-04	0.0014	0.0354178246045453
0.0043	0.0014	0.0049	0.0231	0.0147	0.0122	0.200948416681146
2e-04	2e-04	5e-04	0.0013	9e-04	7e-04	0.0149611925914728
0.0016	3e-04	0.0023	0.0072	0.0036	0.0039	0.0867923256688994
1e-04	7e-04	4e-04	0.0027	0.0015	0.001	0.0238562978073678
5e-04	4e-04	0.0015	0.0036	0.0018	0.0034	0.0663715021277331
9e-04	8e-04	3e-04	0.0039	0.0027	0.001	0.0250834104850764
0.005	0.0079	0.0086	0.0359	0.0209	0.0211	0.240871174556576
9e-04	0.0018	0.0015	0.0072	0.0049	0.0043	0.104399288812451
1e-04	0	1e-04	5e-04	2e-04	2e-04	0.00687343665596056
0.0051	0.0032	0.004	0.0215	0.0103	0.0117	0.165906352865302
0.001	0.0019	0.0016	0.0067	0.0021	0.0031	0.068033380937108
0.0024	0.0038	0.0032	0.017	0.0085	0.0103	0.116577473298218
3e-04	0	4e-04	0.0019	0.001	0.0012	0.0310142941502082
0.0029	0.0043	4e-04	0.0081	0.0039	0.0035	0.0399610075876211
0	0	1e-04	4e-04	2e-04	2e-04	0.00905394548208716
0	1e-04	1e-04	3e-04	2e-04	2e-04	0.00558931430756819
0.0811	0.0773	0.0126	0.1227	0.0591	0.0628	0.293292360021186
0.0113	0.0133	0.0019	0.0316	0.0144	0.0132	0.118797179618496
0.0427	0.0359	0.0221	0.1386	0.0665	0.0713	0.558378352290698
0.0022	0.0014	0.0016	0.0095	0.005	0.0056	0.0979625594368202
0	0	0	5e-04	1e-04	2e-04	0.00374924014234868
6e-04	0.0014	9e-04	0.0038	0.002	0.0016	0.0255897516787931
0.0148	0.0145	0.0081	0.0576	0.0339	0.0305	0.214174788839379
0.002	0.0018	0.002	0.015	0.0095	0.0086	0.0865846550953415
0	2e-04	2e-04	0.0013	0.0014	0.001	0.0226721434617346
0.0208	0.0229	0.0123	0.072	0.0343	0.0376	0.235442917479662
2e-04	0	7e-04	0.0029	0.0018	0.0013	0.0319629096759576
0.1598	0.1671	0.0407	0.3025	0.174	0.1658	0.651799060866338
0.016	0.014	0.0055	0.048	0.0205	0.0217	0.182495521513624
0.0158	0.0178	0.0118	0.058	0.034	0.0331	0.255306878540497
4e-04	4e-04	3e-04	0.0029	0.002	0.0014	0.0196128300982506
0	0	5e-04	0.0011	3e-04	1e-04	0.00903285956888003
1e-04	1e-04	9e-04	0.0039	0.0014	0.0029	0.0363904738318255
5e-04	0.001	7e-04	0.0044	0.0027	0.002	0.0651105587812579
0	0	2e-04	1e-04	1e-04	2e-04	0.0022591978674372
0.001	0.001	0.001	0.0038	0.0024	0.0017	0.0555514651675255
0.0034	0.0069	0.0062	0.0317	0.0169	0.0143	0.235721316049438
0.0367	0.0416	0.0062	0.0582	0.0322	0.0306	0.185304286793626
9e-04	8e-04	7e-04	0.0071	0.005	0.004	0.0626367533232576
0.0015	0.0017	0.0039	0.0136	0.0079	0.0072	0.134474462988194
0	1e-04	1e-04	0	2e-04	1e-04	0.000908923912145997
5e-04	4e-04	0.0016	0.0035	0.0028	0.0032	0.0479177453649556
0.0984	0.1007	0.0058	0.0902	0.0468	0.0497	0.159128483417663
0.0102	0.0111	0.0164	0.0597	0.0356	0.0423	0.336184048062138
1e-04	4e-04	1e-04	0.0017	6e-04	0.0011	0.0189549037589163
0.0222	0.0139	0.0072	0.0507	0.0233	0.0254	0.222563449422257
0.0099	0.0159	0.0071	0.0471	0.0245	0.0246	0.179309470763531
0.0146	0.0204	0.0143	0.0717	0.0415	0.0354	0.334540081908201
0.0013	0.0013	0.0019	0.0112	0.0061	0.0048	0.0954359156118736
3e-04	0	0	2e-04	1e-04	1e-04	0.00156343852294731
0.0012	6e-04	0.0011	0.0057	0.0023	0.004	0.057999968159802
1e-04	0	1e-04	4e-04	4e-04	2e-04	0.00967753899141598
0.0026	0.0041	0.0031	0.0175	0.0079	0.007	0.13928066417465
0.0029	0.0037	0.006	0.0251	0.0114	0.0141	0.207028340845306
2e-04	6e-04	6e-04	0.0018	0.002	9e-04	0.0261314082570199
0.0015	0.0014	0.0016	0.0123	0.0072	0.0064	0.0633595311531564
6e-04	0.0015	0.0023	0.0048	0.0044	0.004	0.0870610152349649
1e-04	4e-04	7e-04	0.0016	0.0013	0.0013	0.0437038558996089
0.0178	0.0224	0.0101	0.0809	0.0417	0.0448	0.351316863839719
0.0034	0.0042	0.007	0.0296	0.015	0.0199	0.251251274752468
2e-04	7e-04	0.0013	0.005	0.0018	0.0017	0.0443640561814877
0.0087	0.0102	0.0033	0.028	0.0167	0.0138	0.116721609841739
0	2e-04	2e-04	0.0024	3e-04	5e-04	0.0121165085404679
0.183	0.1977	0.0575	0.3041	0.1935	0.1858	0.591332278197807
1e-04	1e-04	6e-04	0.0017	0.0014	0.0011	0.0385679510942444
0.0018	0.0011	0.0029	0.0109	0.0068	0.0079	0.0781233543053107
0	0	2e-04	7e-04	7e-04	1e-04	0.0139228949708114
0.06	0.0547	0.0038	0.072	0.0304	0.0349	0.209013117330188
0.0084	0.0065	0.0089	0.0371	0.0213	0.0228	0.243816271866813
0.0027	0.0046	0.0015	0.0144	0.0072	0.0098	0.0879449953884121
0.0341	0.0282	0.0194	0.1087	0.0592	0.0572	0.39294788308686
0.0024	0.0029	0.0035	0.0217	0.0128	0.0148	0.188134289224125
2e-04	0	3e-04	2e-04	2e-04	5e-04	0.00827198144737027
0.0025	0.0019	2e-04	0.0056	0.0042	0.0036	0.0333023485571691
0.158	0.1653	0.0307	0.252	0.1349	0.1362	0.5193911151055
0	0	0	2e-04	2e-04	1e-04	0.00706698842098644
8e-04	0.0015	0.0022	0.0092	0.0052	0.005	0.102496510489577
0.0206	0.0206	0.0137	0.0669	0.0383	0.0392	0.244499232195195
1e-04	1e-04	7e-04	0.0016	0.0017	0.0019	0.0164308874783476
0.0011	0.003	7e-04	0.0075	0.0035	0.0036	0.0671897652398827
2e-04	2e-04	4e-04	0.0018	0.0013	6e-04	0.0196016963002171
0.0099	0.0102	0.0167	0.0611	0.0347	0.0312	0.346685773485075
0	0	0	1e-04	0	4e-04	0.00217789018920647
0.0182	0.0203	0.0079	0.0566	0.0322	0.033	0.277809547971231
0.01	0.0082	0.0174	0.0695	0.0366	0.0343	0.375703592908178
7e-04	3e-04	0.0022	0.0075	0.0053	0.0036	0.0959120408457924
4e-04	7e-04	0.0012	0.003	0.002	0.0018	0.0318692115634886
5e-04	4e-04	7e-04	0.0035	0.0019	5e-04	0.0401335579084731
0.0147	0.0137	0.0224	0.0862	0.0495	0.051	0.437549987376844
0.0053	0.0059	9e-04	0.0118	0.0055	0.0069	0.0467310374335026
1e-04	0	5e-04	0.0013	1e-04	3e-04	0.0177453345488934
0	5e-04	1e-04	0	1e-04	1e-04	0.0011394826474454
6e-04	5e-04	8e-04	0.0044	0.0024	0.0014	0.0300738586985441
1e-04	1e-04	3e-04	0.0015	8e-04	0.001	0.0197837451829007
5e-04	4e-04	0.0012	0.0024	0.003	0.0025	0.0511746795162032
1e-04	1e-04	5e-04	0.003	0.0012	0.0012	0.0311707607427919
9e-04	6e-04	7e-04	0.0041	0.0012	0.0022	0.0277807774998521
2e-04	0	0	0.001	3e-04	1e-04	0.00301146070462944
0	7e-04	0	0.0041	0.0018	0.0013	0.0194975234511456
0.1436	0.1557	0.036	0.2707	0.1496	0.1521	0.633896353209124
0.0053	0.0102	0.0073	0.0414	0.02	0.0198	0.255004843280316
0.0012	5e-04	9e-04	0.0033	0.0038	0.0035	0.0528089060934254
1e-04	0	0	1e-04	1e-04	1e-04	0.0037577580850396
0	0	5e-04	0.0017	9e-04	0.001	0.0252858025821322
2e-04	1e-04	5e-04	9e-04	0	6e-04	0.0169331806502743
1e-04	2e-04	4e-04	0.0031	3e-04	0.001	0.0210752859171468
0.0011	0.0016	0.0018	0.0065	0.004	0.0046	0.0599500872496113
0.0016	0.0022	4e-04	0.0051	0.0017	0.0021	0.0246616496714806
0	0	0	0	0	0	0.000600184127041146
1e-04	1e-04	9e-04	8e-04	9e-04	0.0021	0.0212480365472905
3e-04	7e-04	4e-04	0.0037	0.0011	0.0022	0.0165807457073453
2e-04	6e-04	3e-04	0.0012	8e-04	5e-04	0.0122052456469371
0.0034	0.002	0.0017	0.0161	0.0075	0.0076	0.0994630452191164
0	0	3e-04	1e-04	2e-04	0	0.00265418601407254
0.0033	0.0061	0.0054	0.031	0.0171	0.0131	0.195714253733372
0.0041	0.0054	0.009	0.0347	0.0175	0.0201	0.231812644663895
0.0016	0.001	0.0016	0.0102	0.0042	0.0066	0.0783651342679891
3e-04	0.0015	3e-04	0.0016	4e-04	7e-04	0.0176308801897412
0	0	0	0	0	0	0.000164525087179786
4e-04	8e-04	0	7e-04	2e-04	4e-04	0.00288600150829709
5e-04	2e-04	3e-04	7e-04	4e-04	3e-04	0.00657928414817549
0.0254	0.0268	0.0265	0.1023	0.0643	0.0618	0.390643927921193
0.0027	0.0036	0.0017	0.0114	0.0051	0.0055	0.0844980374420257
0.0021	0.0015	0.0026	0.0187	0.0106	0.0087	0.107229943037758
1e-04	4e-04	4e-04	0.0013	9e-04	0.001	0.0220170632898636
0.1378	0.1439	0.012	0.1362	0.0751	0.0701	0.291992360724195
5e-04	6e-04	0.0011	0.0053	0.0019	0.0017	0.0525594415971893
1e-04	2e-04	5e-04	8e-04	3e-04	2e-04	0.0124962577994919
0.0066	0.004	0.0064	0.03	0.0196	0.0181	0.219916505532074
0.0157	0.0146	0.001	0.0169	0.0079	0.0075	0.0624661825519224
2e-04	2e-04	1e-04	0.0012	9e-04	7e-04	0.0127152373520534
0	1e-04	0	2e-04	0	0	0.00529890201849252
0.0466	0.0452	0.0337	0.1818	0.1003	0.0946	0.55692034306392
0.0016	0.0025	0.0017	0.0124	0.0077	0.0062	0.0604328227811247
0.0016	7e-04	0.0021	0.0077	0.004	0.0054	0.062113634178286
0.0103	0.0063	0.0043	0.0282	0.017	0.014	0.129529287357444
0.1193	0.1318	0.0473	0.2398	0.1527	0.1442	0.547839140954328
2e-04	2e-04	2e-04	0.0012	7e-04	6e-04	0.019718797947741
1e-04	2e-04	3e-04	9e-04	6e-04	7e-04	0.00586319207057267
0	0	4e-04	2e-04	3e-04	2e-04	0.00712391752435716
0.7324	0.7521	0.2586	0.7657	0.6255	0.6272	0.940390844440855
0.0138	0.0105	0.0098	0.0589	0.0394	0.0344	0.333960259492442
0.0075	0.006	0.0117	0.0492	0.0258	0.0268	0.298214591066146
0.0065	0.0037	0.0052	0.0272	0.0189	0.02	0.146360399513897
0.0188	0.0181	0.0094	0.057	0.0281	0.0293	0.244678884743332
0.0114	0.016	0.0034	0.0342	0.0148	0.0134	0.17431234997086
0.0012	4e-04	9e-04	0.0035	0.0033	0.0012	0.0479313567247848
1e-04	4e-04	5e-04	0.0012	9e-04	0.001	0.0223263320061171
0	0	0	0	2e-04	0	0.00109913350989202
0.002	0.0027	0.0029	0.0174	0.0098	0.0093	0.104318599237456
5e-04	5e-04	2e-04	0.0032	0.0015	9e-04	0.0182237582207899
0.0032	0.0032	0.0016	0.0133	0.0065	0.0068	0.0779259458530841
2e-04	1e-04	2e-04	9e-04	7e-04	1e-04	0.00781637138243229
0.0184	0.0171	0.0253	0.0871	0.0577	0.0562	0.404631847281412
0.0198	0.0133	0.0113	0.0696	0.043	0.041	0.303992221177205
0.1046	0.1113	0.013	0.1688	0.088	0.0856	0.381699675492871
0	1e-04	0	0.0025	7e-04	8e-04	0.0210703968145032
0.0039	0.0019	0.0048	0.0167	0.0098	0.0095	0.139366542817686
0.0249	0.0251	0.0262	0.1029	0.0518	0.0593	0.349427368556665
1e-04	1e-04	0	0	0	0	0.000504235977992125
0.0624	0.0675	0.0283	0.158	0.0869	0.0941	0.467970035824491
0.0015	7e-04	0.0049	0.0218	0.0136	0.0098	0.197938951358582
0.0236	0.025	0.0216	0.1074	0.0573	0.0583	0.407076839932408
0.0011	4e-04	0.0013	0.0046	0.0021	0.0037	0.0668988239135437
0	0	0	0	0	0	2.693362678123e-05
5e-04	7e-04	0.001	0.0047	0.002	0.0033	0.0545523932204835
0	1e-04	2e-04	6e-04	1e-04	4e-04	0.00884123798748916
0	0	0	0	0	0	1.07665327652176e-05
2e-04	3e-04	5e-04	0.001	8e-04	9e-04	0.015715391188195
0.007	0.0091	0.0038	0.024	0.0122	0.0125	0.130056928839412
7e-04	1e-04	0.001	0.003	0.0029	0.0013	0.025596412170672
6e-04	7e-04	8e-04	0.0044	0.0039	0.0038	0.0607912859727583
0.017	0.0135	0.0032	0.0418	0.0201	0.0191	0.146047436904844
0.0049	0.0026	0.0021	0.0176	0.0085	0.0092	0.103442296390689
0.003	0.0048	0.0077	0.0286	0.0171	0.02	0.23045650053262
0.0079	0.0086	0.0074	0.0427	0.0254	0.0227	0.308813113779853
0	0	2e-04	0.0013	3e-04	2e-04	0.00592651509761463
0.0046	0.0033	0.0087	0.0336	0.018	0.0157	0.245615754465501
2e-04	2e-04	1e-04	7e-04	1e-04	3e-04	0.00564929768419824
0.0078	0.0062	9e-04	0.0273	0.0121	0.0111	0.0930613359530954
0.0027	0.0026	0.0028	0.0167	0.0073	0.0069	0.119839790629696
2e-04	2e-04	4e-04	0.0021	8e-04	0.0014	0.0257743535099687
0.0034	0.0027	5e-04	0.0072	0.0021	0.0042	0.0320699630726363
0.4182	0.4453	0.0747	0.4974	0.3044	0.3073	0.799839797599135
0.0026	0.0014	0.0055	0.0174	0.0094	0.0093	0.123317037424044
0.1184	0.1414	0.0249	0.2134	0.1155	0.1052	0.482128439435301
0.0013	5e-04	0.0022	0.0076	0.0041	0.0053	0.073471550148687
2e-04	2e-04	7e-04	0.0039	0.002	0.0013	0.0465773068244631
0	0	2e-04	0.0026	3e-04	6e-04	0.0101396420946816
0.0114	0.0091	0.0144	0.0553	0.0295	0.036	0.333454476953163
0.0061	0.0054	3e-04	0.0059	0.0022	0.0039	0.0237139301657925
3e-04	1e-04	8e-04	0.0031	0.0019	0.0022	0.0489804941672713
0.0722	0.0788	0.0671	0.259	0.1592	0.1532	0.629058758228842
0	0	0	0	0	0	4.29304280822979e-06
0.0026	0.0028	0.0037	0.0165	0.0109	0.0125	0.129127074479046
0.0313	0.0308	0.0442	0.1332	0.0855	0.0853	0.422812299252942
0	0	1e-04	6e-04	1e-04	3e-04	0.00633272361225011
9e-04	0.002	7e-04	0.0052	0.0014	0.0035	0.0516254794859433
0.0103	0.0121	0.0037	0.0318	0.0175	0.018	0.153596275118645
0	4e-04	2e-04	0.002	6e-04	5e-04	0.0148449534862382
0.0111	0.0082	0.0077	0.0484	0.0232	0.0221	0.256335391976916
0.0046	0.0047	0.0019	0.0175	0.0085	0.0076	0.0969428268347537
1e-04	3e-04	0.001	0.0017	0.001	7e-04	0.0135801540983591
0.0025	0.0022	0.0035	0.015	0.009	0.0096	0.127893090667864
0	0	1e-04	8e-04	3e-04	1e-04	0.00719438013058784
0.0085	0.0087	0.0108	0.042	0.0259	0.027	0.230740529933025
1e-04	1e-04	1e-04	0.0017	5e-04	6e-04	0.0177196769335429
0	0	1e-04	0	0	1e-04	0.00500869028664924
0.019	0.0276	0.0042	0.0455	0.0211	0.0223	0.136145945917076
0.0216	0.0203	0.0027	0.0362	0.0197	0.0147	0.0966699668213999
0	0	0	0	0	0	1.43126516187409e-05
0.0066	0.0061	0.0071	0.0298	0.0183	0.0161	0.205061881345227
0.0412	0.0416	0.0061	0.0828	0.0385	0.0408	0.251136725517697
0.0025	7e-04	0.003	0.0108	0.0078	0.0052	0.104115381424498
0.0071	0.0062	0.0081	0.0465	0.0233	0.0259	0.34047669762781
0	0	0	0	1e-04	2e-04	0.00215955087740456
0	0	0	2e-04	0	0	0.00222065520640557
4e-04	4e-04	4e-04	9e-04	7e-04	3e-04	0.0176069592711848
0	0	0	1e-04	0	1e-04	0.00449503595829876
4e-04	1e-04	8e-04	0.0041	0.0016	0.0016	0.036383815333044
0.0026	0.0028	0.0047	0.0196	0.0122	0.0089	0.157623780944774
0.0398	0.0337	0.0368	0.1546	0.0884	0.0836	0.522814673233417
0	0	0	8e-04	2e-04	4e-04	0.00257677056868463
0.0168	0.0185	0.0167	0.0788	0.0518	0.055	0.367675307889576
0	0	0	1e-04	0	0	0.0041336592409906
2e-04	6e-04	0.0013	0.0064	0.0042	0.0042	0.0645244567092943
0	0	0	3e-04	4e-04	2e-04	0.00473599258274206
1e-04	0	1e-04	1e-04	0	2e-04	0.00171963021700536
0.001	2e-04	0.0011	0.0045	0.0029	0.0036	0.0613195166757669
0.001	6e-04	4e-04	0.0023	0.0018	0.002	0.0270200292226449
3e-04	2e-04	7e-04	0.0042	0.0016	0.0013	0.0221148840521324
6e-04	7e-04	5e-04	0.0041	0.001	9e-04	0.024348970184821
1e-04	6e-04	0.0019	0.0072	0.0048	0.0033	0.0600081445294575
9e-04	1e-04	0.0013	0.0042	0.0018	0.0019	0.0280568374789297
0.0399	0.0398	0.0055	0.0708	0.0323	0.0337	0.209167676772313
0.0092	0.0096	0.0132	0.0532	0.0346	0.0334	0.298965181198893
1e-04	2e-04	5e-04	9e-04	3e-04	7e-04	0.0116370476338299
0.0573	0.0471	0.0035	0.0487	0.0253	0.0272	0.106064002169398
3e-04	5e-04	5e-04	0.0017	0.0013	0.0012	0.0428469151086609
0.0076	0.0042	4e-04	0.0127	0.0036	0.004	0.045224847526288
0.0273	0.0291	0.0199	0.109	0.0663	0.0545	0.379605139782883
4e-04	4e-04	0.001	0.0023	0.0025	0.0028	0.0521978334697368
0	0	2e-04	5e-04	2e-04	1e-04	0.00425472185894708
1e-04	1e-04	5e-04	0.0018	7e-04	0.0017	0.0313880854654899
0.0015	0.0014	0.0026	0.013	0.0065	0.0052	0.104069633557832
0	0	1e-04	0	0	1e-04	0.00242369443473852
0.0028	9e-04	0.002	0.0113	0.0071	0.0071	0.118815697366848
0.0026	0.002	7e-04	0.0047	0.0019	0.002	0.011331288535899
3e-04	1e-04	6e-04	0.0046	0.0014	0.0013	0.0433190623794315
2e-04	8e-04	2e-04	0.0012	7e-04	8e-04	0.00502307893829504
0.0198	0.0197	0.0196	0.0874	0.0562	0.0504	0.400712282880493
0.0198	0.0181	0.0159	0.0782	0.0472	0.0418	0.340397314199618
0	0	0	5e-04	2e-04	3e-04	0.00842088671415142
1e-04	0	0	5e-04	0	1e-04	0.00192570704508488
6e-04	7e-04	4e-04	0.0041	0.0016	0.0023	0.0406369538375464
0.0085	0.0079	0.014	0.0516	0.0268	0.0297	0.317434466608412
0.013	0.016	0.02	0.0745	0.0406	0.0387	0.328982360438573
1e-04	3e-04	5e-04	6e-04	3e-04	5e-04	0.0139246609302746
0	0	0	3e-04	0	0	0.00179731333953227
0.0119	0.0133	0.0154	0.0799	0.0494	0.044	0.393750268334009
0	0	0	4e-04	2e-04	3e-04	0.00448069647032948
0	0	0	0	1e-04	0	0.000449964389948128
7e-04	6e-04	5e-04	0.0039	0.0014	4e-04	0.0187776513279631
4e-04	6e-04	7e-04	0.0026	0.0016	0.002	0.0319956947225806
0.006	0.0074	0.01	0.0407	0.0246	0.0254	0.272750960586855
0.0032	0.0046	0.0017	0.0177	0.0098	0.0083	0.111678776655975
7e-04	7e-04	0.001	0.0031	0.0021	0.003	0.0536922212457962
0	0	3e-04	6e-04	2e-04	7e-04	0.0104705535260318
0.0063	0.0089	0.0067	0.0334	0.0171	0.0177	0.254701553394479
1e-04	4e-04	3e-04	0.0017	0.0013	8e-04	0.0143517302610997
1e-04	5e-04	4e-04	0.0031	0.0018	0.0014	0.0327176256110743
0.0186	0.0166	0.0013	0.0302	0.0157	0.0096	0.121007046299962
0	0	0	1e-04	0	0	0.00041857598703459
0.0027	0.001	0.0015	0.0063	0.0052	0.0034	0.100881543471634
0.0037	0.0029	0.0027	0.0148	0.0094	0.0084	0.111148026428689
2e-04	4e-04	2e-04	9e-04	2e-04	4e-04	0.00689033691174524
0.0021	0.0015	0.0035	0.0096	0.0065	0.0075	0.0907347067005526
2e-04	0	2e-04	6e-04	9e-04	3e-04	0.0156061168562054
0	0	0	0	0	0	3.85998165897393e-05
6e-04	1e-04	1e-04	0.003	0.0017	0.0026	0.02751601165118
0	0	0	2e-04	0	1e-04	0.00342522408970829
0.0079	0.009	0.014	0.0571	0.029	0.0269	0.334397771279461
0.0027	0.0043	0.003	0.0214	0.008	0.0098	0.170375794494559
0	0	0	0.0014	4e-04	5e-04	0.0120764877080191
0	0	0	0	0	0	0.000128902434021364
0.0018	0.0014	0.0017	0.0092	0.0037	0.0047	0.100840844558949
0.007	0.0073	9e-04	0.0084	0.0036	0.0039	0.0231001759672705
0	2e-04	1e-04	0.0017	8e-04	7e-04	0.0132194874685806
0	0	0	0	0	0	0.000379145847296037
3e-04	2e-04	1e-04	5e-04	3e-04	2e-04	0.00685425860697525
0	0	0	0	1e-04	0	0.000446778236565961
3e-04	2e-04	4e-04	0.0015	2e-04	3e-04	0.0163200053535661
0.702	0.7043	0.177	0.7113	0.5363	0.5372	0.89769143650881
0.0274	0.0286	0.0148	0.0959	0.0568	0.0539	0.370283271409908
1e-04	0	3e-04	7e-04	1e-04	2e-04	0.00629680213673042
0	0	0	2e-04	0	1e-04	0.00121724150135706
2e-04	1e-04	8e-04	0.0015	0.0011	0.0014	0.0305455917387401
7e-04	0.0011	0.0013	0.0054	0.0032	0.0012	0.0669593737361768
0	2e-04	0	1e-04	1e-04	1e-04	0.00166366743277196
7e-04	8e-04	6e-04	0.0026	0.0011	0.0016	0.0306510876819758
0	0	0	1e-04	0	1e-04	0.000599154165503004
6e-04	0	2e-04	7e-04	3e-04	9e-04	0.0190077794232469
1e-04	1e-04	0	2e-04	0	1e-04	0.00146601600880317
4e-04	0	4e-04	0.0015	9e-04	0.0012	0.0353282121493601
9e-04	6e-04	9e-04	0.0059	0.0021	0.0031	0.0334394236362363
0.0042	0.0031	0.0089	0.0279	0.0199	0.0188	0.182471060976534
0.0118	0.0136	0.0163	0.0722	0.0377	0.0444	0.254090608385299
0	0	4e-04	0	1e-04	0	0.00252405039297021
0.001	4e-04	0.0018	0.0113	0.0032	0.0028	0.0762523237903548
0.012	0.0087	0.0153	0.0648	0.0392	0.0408	0.35626357626056
0	0	0	0	0	0	4.1316087689771e-06
0.001	0.001	0.0013	0.0066	0.0038	0.0048	0.0539285693795395
0.0076	0.0054	0.0057	0.0373	0.0216	0.0175	0.174191696362124
0.0046	0.0077	0.003	0.027	0.013	0.0132	0.162957000332495
0	0	2e-04	0.0014	3e-04	3e-04	0.00939566602388008
0.03	0.0332	0.021	0.1125	0.0635	0.0564	0.399650001583917
0.0179	0.0188	0.0182	0.0942	0.05	0.0561	0.430167890785243
0.0183	0.0156	0.0214	0.088	0.052	0.0515	0.394953548492476
8e-04	8e-04	0.0018	0.0066	0.0039	0.004	0.0841514091233962
0.0067	0.0039	0.0042	0.025	0.013	0.0094	0.150520179041112
0.0046	0.0069	0.0047	0.0319	0.0161	0.0168	0.247638132015893
0.0036	0.0038	0.0037	0.019	0.0133	0.0108	0.1041068331532
0.0319	0.0294	0.0075	0.0649	0.0329	0.0306	0.232616320875045
0	2e-04	2e-04	2e-04	1e-04	2e-04	0.0029490773775043
0.0032	0.0024	0.002	0.0129	0.0087	0.0092	0.146141467727614
2e-04	0	1e-04	8e-04	6e-04	8e-04	0.00779956169449489
0	0	1e-04	3e-04	1e-04	1e-04	0.00612752228271426
0.0034	0.0052	1e-04	0.0038	0.0025	0.0021	0.0134000058965687
0.0107	0.0205	0.0143	0.0759	0.0429	0.047	0.361296199443435
0.0081	0.0082	0.016	0.0596	0.0387	0.035	0.268712853125759
0.6122	0.6001	0.129	0.6354	0.4571	0.4579	0.879023477758488
0.0118	0.0094	0.0111	0.0469	0.0269	0.0263	0.246150688513123
4e-04	4e-04	0.0013	0.0032	0.0025	0.0025	0.0576897347019742
0	0	3e-04	9e-04	2e-04	5e-04	0.00889704845318578
9e-04	0.0016	0.0035	0.0127	0.0066	0.0073	0.10136910245389
2e-04	4e-04	7e-04	0.0025	0.0022	0.002	0.0366902986730137
0	0	0	1e-04	1e-04	1e-04	0.00205326774316915
0.0045	0.0027	0.0022	0.0161	0.008	0.0082	0.105443070724606
0.03	0.027	0.0328	0.1222	0.0724	0.0745	0.462577979293421
0.0205	0.0199	0.0142	0.088	0.0428	0.0392	0.364473178236475
2e-04	0	6e-04	0.0028	0.0011	0.0013	0.0432538964428624
1e-04	0	0	0.001	6e-04	3e-04	0.0121275053537952
0.0092	0.0077	0.0041	0.0297	0.0108	0.0162	0.186345751431339
0.0033	0.007	0.006	0.0343	0.0174	0.0181	0.243931463019167
0.0299	0.0302	0.0392	0.1353	0.0846	0.0817	0.4921388605922
0.459	0.4809	0.1082	0.5867	0.3913	0.3839	0.866237360851082
0.0096	0.0082	1e-04	0.0119	0.0048	0.0039	0.0425533522615412
0	0	0	5e-04	2e-04	9e-04	0.00207416511157092
0	0	0	0	0	0	6.72422383328714e-06
0	1e-04	4e-04	0.0027	0.0013	0.0011	0.0202685644629994
1e-04	0	2e-04	5e-04	4e-04	2e-04	0.0048110280762173
0.0126	0.0127	0.0172	0.0681	0.0435	0.0457	0.338401672402713
4e-04	2e-04	0.002	0.0052	0.0026	0.0029	0.056136167003226
3e-04	1e-04	1e-04	3e-04	4e-04	1e-04	0.00795408113641263
0.0015	0.002	0.0034	0.0163	0.0074	0.0086	0.141945123052938
0	0	0	0	0	0	0.000183494276051254
1e-04	1e-04	0.0013	0.0032	0.0027	0.0015	0.04496716291286
0.0022	0.0022	0.0019	0.0139	0.0065	0.0093	0.134231436260264
2e-04	6e-04	3e-04	0.0014	0.0015	9e-04	0.0278607864300419
3e-04	8e-04	3e-04	0.0019	9e-04	9e-04	0.0357634818082305
0.0061	0.0077	0.0035	0.0212	0.0087	0.0115	0.0942892040175246
0.0018	0.0024	0.0024	0.0148	0.0078	0.0076	0.137709415352054
6e-04	0	4e-04	5e-04	3e-04	7e-04	0.00933623932050106
0.0011	0.0014	0.0017	0.0067	0.0024	0.0039	0.0690894258311414
0.0683	0.081	0.032	0.1914	0.0981	0.1106	0.560516105541262
7e-04	4e-04	3e-04	0.0023	9e-04	6e-04	0.0138565216184583
0.0146	0.0131	0.0115	0.0607	0.03	0.0342	0.308448969697824
0	0	0	2e-04	4e-04	0	0.00343242584927727
0.0045	0.0042	0.0049	0.0202	0.0138	0.0105	0.122268773979883
0.0357	0.0296	0.0329	0.1413	0.0849	0.0885	0.507888599693381
0	0	0	3e-04	0	0	0.00048555007389955
6e-04	5e-04	5e-04	0.0045	0.0027	0.0028	0.051205673637308
3e-04	4e-04	0	0.0015	5e-04	8e-04	0.017904897471525
0.0024	0.0018	0.003	0.0183	0.0099	0.0066	0.115728522128558
0.0043	0.0023	0.0029	0.0183	0.0066	0.0103	0.0967844251964162
0	0	0	1e-04	4e-04	5e-04	0.00759831790142445
1e-04	4e-04	8e-04	0.0024	0.0018	0.002	0.0496387339931202
1e-04	1e-04	3e-04	4e-04	1e-04	4e-04	0.00899472707083059
0.0147	0.0111	0.0084	0.0538	0.027	0.0245	0.258480161245238
0	0	0	1e-04	2e-04	1e-04	0.00247334090011498
0	1e-04	0	4e-04	5e-04	4e-04	0.0137119177084097
6e-04	7e-04	0	0.001	6e-04	1e-04	0.000756706674622319
0	0	4e-04	0.0012	4e-04	5e-04	0.00654803539652844
0	1e-04	3e-04	5e-04	2e-04	2e-04	0.00602100485156508
0	0	0	0	0	2e-04	0.00393228934897867
0.0011	0.0015	0.0023	0.0093	0.0067	0.0077	0.0853005678194714
0.0759	0.0767	0.0214	0.164	0.0878	0.0891	0.424491330262371
0.3117	0.3185	0.0176	0.2455	0.1469	0.1569	0.389598642467265
3e-04	8e-04	0	0.0016	0.0012	0.0014	0.00804236870485856
6e-04	0	6e-04	9e-04	0.0013	9e-04	0.0268825860568434
0	8e-04	8e-04	0.0039	0.0022	0.0023	0.0546008097350656
0.0014	0.0024	0.0022	0.0118	0.0051	0.0062	0.0854339765827828
3e-04	0	9e-04	0.0032	0.0013	0.001	0.0411135690182439
3e-04	1e-04	3e-04	0.0013	6e-04	2e-04	0.0204244664218943
2e-04	1e-04	8e-04	0.0039	0.0011	0.0022	0.0433536460955475
6e-04	5e-04	0.0017	0.0034	0.0024	0.0043	0.071530398910662
0.0024	0.0023	0.0058	0.0158	0.0112	0.0084	0.127191032089091
0.011	0.0099	0.0037	0.027	0.0151	0.0128	0.13315780344323
7e-04	4e-04	5e-04	0.0033	0.0018	4e-04	0.0210485757387243
3e-04	3e-04	7e-04	0.0019	0.0018	0.0016	0.0242109678359767
1e-04	0	4e-04	0.0033	0.0012	0.0017	0.0405287055565616
0	4e-04	3e-04	0.0016	0.0012	7e-04	0.023707897707854
2e-04	1e-04	1e-04	7e-04	4e-04	5e-04	0.00819788873970512
0.0096	0.0054	0.0022	0.0108	0.0063	0.0073	0.0522851631003742
1e-04	0.0015	5e-04	0.0033	0.0013	0.0019	0.0568517560683457
0	0	0	2e-04	1e-04	0	0.00263001472063871
0.0053	0.0048	0.0048	0.0244	0.0139	0.0174	0.129047885210749
0.0035	0.0044	0.0063	0.0307	0.0173	0.0164	0.19291279797931
0.0016	0.0015	0.0046	0.0175	0.0111	0.0115	0.158039040405328
3e-04	5e-04	3e-04	0.0015	9e-04	7e-04	0.0106765051565674
2e-04	1e-04	1e-04	4e-04	0	1e-04	0.00403044360815446
0.0207	0.0166	0.0064	0.0452	0.0278	0.0283	0.177808699684398
0.0068	0.0067	6e-04	0.0098	0.0025	0.0042	0.0380344975322666
0	0	0	0	0	0	0.000137030219083976
0	5e-04	4e-04	0.0014	0.0012	5e-04	0.0195009454210489
1e-04	0	2e-04	2e-04	0	0	0.00345109382737128
8e-04	2e-04	9e-04	0.0032	0.0018	0.003	0.0539887734388951
0	0	0	0	0	0	0.000104477843649928
0.1208	0.1119	0.047	0.236	0.1388	0.1503	0.539565105373917
0.0014	8e-04	0	0.0035	0.001	9e-04	0.0116153072449759
0	0	0	0	0	0	0.000857192991111635
4e-04	1e-04	0.0012	0.0015	9e-04	9e-04	0.024684923054131
1e-04	5e-04	3e-04	0.002	7e-04	0.0012	0.0212715470857271
6e-04	0.0011	0.0016	0.0075	0.0042	0.0036	0.0828500227166232
0	0	0	8e-04	5e-04	0.0011	0.0113163777199009
0	1e-04	0	7e-04	1e-04	2e-04	0.0026559857565196
0.2611	0.2368	0.107	0.4628	0.2966	0.3037	0.820363207670615
1e-04	0	1e-04	4e-04	1e-04	0	0.00206683270477136
0.0025	0.0017	0.0034	0.0124	0.0059	0.0063	0.0921819330566673
0	0	0	1e-04	2e-04	3e-04	0.00404115418217356
6e-04	7e-04	0.0013	0.005	0.0015	0.0026	0.0447064042577927
0.2941	0.2878	0.0859	0.4676	0.2978	0.2744	0.831723051167774
0	0	0	0	1e-04	0	6.75959541704568e-06
0.0106	0.0096	0.0125	0.0484	0.0297	0.0304	0.239072667432398
2e-04	0	4e-04	0.0015	6e-04	7e-04	0.0162178768212011
0.0027	0.0026	0.0036	0.0177	0.0099	0.009	0.10830708558501
3e-04	0	3e-04	7e-04	0.0012	9e-04	0.0126241659840013
0.4214	0.3825	0.0364	0.408	0.244	0.2506	0.629870125540097
3e-04	0	4e-04	0.0029	0.0014	0.0019	0.0205803467715677
8e-04	0.0029	0.0024	0.0133	0.0078	0.0048	0.0987786411216929
0.0024	0.0022	0.0034	0.0134	0.0087	0.0082	0.0998676375639583
8e-04	9e-04	0.0012	0.0073	0.0027	0.0033	0.0375049016729313
0.0013	7e-04	0.003	0.0111	0.0053	0.0047	0.0902463750869678
0.0069	0.0136	0.01	0.0509	0.0265	0.0225	0.297753998245307
0	0	0	0	1e-04	0	0.00233634665469923
0.0104	0.0092	0.017	0.0582	0.035	0.032	0.311663773456472
0.0492	0.0647	0.025	0.1458	0.0801	0.0766	0.411682205355052
9e-04	0.0013	0.0023	0.0077	0.0037	0.0068	0.0912809593050933
9e-04	0.001	4e-04	0.0021	0.0013	0.0017	0.0168486018452646
0.0095	0.0117	0.0121	0.0518	0.0257	0.0308	0.227166768779834
0	0	0	0	0	0	0.000525581798339723
9e-04	3e-04	0.0018	0.0068	0.0048	0.0026	0.066734810655318
0.0017	0.0022	0.0014	0.0149	0.007	0.0077	0.0973899682725742
0.0033	0.0033	0.0051	0.0265	0.0113	0.0119	0.168183575752987
0.0022	0.0031	0.0066	0.0217	0.0115	0.0127	0.190577056417818
0.0029	0.0025	0.0039	0.0267	0.0088	0.0114	0.165669172863182
0.0938	0.0955	0.0406	0.2557	0.1364	0.1446	0.639941466273012
0	0	0	7e-04	0	6e-04	0.0121166067371226
0	0	1e-04	0.0017	0.0012	0.0013	0.00864753249307304
0	0	1e-04	0	0	0	0.00426186681531088
1e-04	2e-04	7e-04	0.0022	8e-04	0.0012	0.036668918656739
2e-04	0	5e-04	0.003	9e-04	4e-04	0.0314074219421856
0	0	0	0	0	0	0.00024735879093057
0	0	0	0	0	0	0.000228321172553596
0	0	8e-04	0.003	0.0023	0.0022	0.0325959219037307
0.0036	0.0036	0.0079	0.0274	0.0156	0.0146	0.169418419314384
0.001	3e-04	7e-04	0.0047	0.0012	0.002	0.0284770494411117
0.0031	0.0018	0.0027	0.0186	0.0069	0.0088	0.0933526806925761
0.0027	0.0019	0.0027	0.0119	0.0081	0.0071	0.108987099968084
2e-04	3e-04	4e-04	0.0015	0.0017	0.0011	0.0157291295618516
6e-04	7e-04	0.0018	0.0086	0.0032	0.0048	0.0829324584968758
0	0	2e-04	4e-04	4e-04	2e-04	0.00639281586643183
0	1e-04	4e-04	5e-04	8e-04	8e-04	0.0109151483575258
0.0025	0.0064	0.0063	0.0292	0.0165	0.0224	0.194308914693511
0.0013	0.0011	0.0024	0.0091	0.0044	0.005	0.0900144388696673
2e-04	0.0013	0.0011	0.0041	0.0017	0.0026	0.0485900227632656
0.0017	0.001	0.0023	0.0116	0.0061	0.0072	0.0948452847435246
4e-04	0.0021	0.0013	0.0091	0.0044	0.005	0.0847847541922991
6e-04	9e-04	0.0014	0.0078	0.0049	0.0042	0.0849185792670543
0.0015	3e-04	7e-04	0.0071	0.0044	0.0022	0.0727950346893362
0.0149	0.0114	0.0171	0.0749	0.0384	0.0406	0.360435182296119
0.0588	0.0643	0.0066	0.0792	0.0414	0.0374	0.230013496961715
2e-04	7e-04	2e-04	0.0027	0.0026	0.001	0.0353757213860591
0.0901	0.0811	0.0126	0.1404	0.0628	0.0704	0.365865380006718
0.0396	0.0467	0.0167	0.1101	0.0679	0.0604	0.344899729594838
0	0	0	5e-04	2e-04	0	0.00386697588580103
0.0043	0.0041	0.0023	0.0164	0.0099	0.0097	0.0736812305934134
0.0058	0.0069	0.0013	0.0198	0.0077	0.0072	0.0931297936442533
0.0029	0.0051	0.0061	0.0265	0.0125	0.0138	0.208575836897329
1e-04	0	0	8e-04	1e-04	3e-04	0.00759863976805205
0.0275	0.0334	0.0379	0.1238	0.0825	0.0815	0.428197846441791
0.0228	0.024	0.0135	0.0842	0.0463	0.0456	0.290236575869357
1e-04	0	0	4e-04	0	4e-04	0.00512188419024546
0.0018	6e-04	0.0025	0.0109	0.0062	0.0059	0.108457450557201
0.0073	0.0065	0.007	0.0414	0.0194	0.02	0.252281968308708
0	3e-04	3e-04	3e-04	0	2e-04	0.00434832412691948
0	0	0	1e-04	0	1e-04	0.00248415871805677
0	0	1e-04	0.0011	6e-04	1e-04	0.00734369091451919
4e-04	1e-04	0.0024	0.0063	0.0058	0.0035	0.0787682942407606
0	0	0	1e-04	1e-04	0	0.00306502715615005
0.0012	0.0015	0.004	0.0154	0.012	0.0106	0.158836891737668
0.0018	0.0014	0.0017	0.0088	0.0047	0.0038	0.0920324022921091
0.0159	0.0171	0.0036	0.0394	0.0184	0.0174	0.158708287537618
0	4e-04	4e-04	0.001	4e-04	2e-04	0.00599920128138026
7e-04	7e-04	4e-04	0.0028	0.0015	0.0012	0.0246705020900405
0.3412	0.3377	0.062	0.3475	0.2277	0.2238	0.547709484658918
0.0121	0.0098	0.0046	0.0404	0.0202	0.0147	0.207020487748476
0.2054	0.215	0.0375	0.315	0.1779	0.1749	0.659651308959342
0.0011	1e-04	0.0013	0.0046	0.0032	0.0039	0.0538026033723408
0.0092	0.0106	4e-04	0.0084	0.0069	0.0046	0.0132948686151141
9e-04	1e-04	5e-04	0.0019	0.0023	0.0031	0.0339604691605493
0.0668	0.0624	0.0345	0.1945	0.1042	0.1093	0.568405805797636
0.0015	0.0017	0.0018	0.0102	0.0086	0.0061	0.121348444973141
0.0037	0.0023	0.0034	0.0174	0.0096	0.0122	0.178962012658699
0.0026	0.0017	8e-04	0.0072	0.0033	0.0038	0.0349629771974928
2e-04	0	5e-04	7e-04	4e-04	7e-04	0.00684539480231933
2e-04	2e-04	0.001	0.0021	0.0012	0.0014	0.0343860005558056
6e-04	0.0042	0.0034	0.0143	0.0067	0.0097	0.110412963781341
0	1e-04	6e-04	0.0016	0.001	0.0016	0.0196817556817659
0.0023	0.0017	0.0025	0.0128	0.0063	0.0048	0.0754500871784152
0.0017	6e-04	0.0025	0.0086	0.0058	0.006	0.0656319338245136
1e-04	0	0	2e-04	1e-04	1e-04	0.00290049208944127
0.0037	0.0026	0.0043	0.0149	0.01	0.0083	0.129715390234443
0.076	0.0689	0.0407	0.2002	0.1113	0.1248	0.606424689989694
0.0084	0.0082	0.0129	0.0486	0.0286	0.03	0.302992497116473
0.001	2e-04	1e-04	7e-04	0.0014	0.0014	0.0100294466318484
0	3e-04	1e-04	4e-04	6e-04	4e-04	0.010320737124418
0.0015	0.0019	0.0046	0.0195	0.0097	0.0073	0.136342334515467
1e-04	4e-04	3e-04	0.002	4e-04	2e-04	0.0131931176344346
0.0188	0.0135	0.009	0.0483	0.0296	0.0289	0.186131699360166
0.0033	0.0019	0.0036	0.0161	0.0092	0.0083	0.131444107127491
0.0038	0.0023	0.0041	0.0222	0.0122	0.0113	0.127242822674427
3e-04	2e-04	2e-04	0.0036	6e-04	0.0011	0.0437712462136449
0.0366	0.0372	0.0499	0.1648	0.1005	0.1043	0.513681195972504
8e-04	1e-04	0.0021	0.0069	0.0033	0.005	0.0714292205015724
3e-04	3e-04	5e-04	6e-04	5e-04	0.0013	0.0285339380238933
2e-04	5e-04	1e-04	0.0023	0.0017	0.0016	0.0380470113537479
8e-04	5e-04	9e-04	0.0049	0.0021	0.0026	0.055503734490645
0.0243	0.0259	0.0134	0.0899	0.048	0.0499	0.384211619728487
0	1e-04	3e-04	7e-04	8e-04	5e-04	0.0155284990083746
0	0	0	2e-04	0	1e-04	0.00121329712889551
0	3e-04	2e-04	6e-04	4e-04	0.0014	0.0141095887162236
0.0012	6e-04	1e-04	0.0024	0.002	6e-04	0.0152440682244048
0.0013	8e-04	0.0014	0.0053	0.0014	0.0016	0.052085373018116
0.0027	0.0062	0.0042	0.0289	0.0137	0.0133	0.217686697827769
0	3e-04	2e-04	2e-04	1e-04	1e-04	0.00746807653797523
1e-04	0	3e-04	0.0014	5e-04	3e-04	0.0104376184099734
0.0092	0.011	0.0153	0.0498	0.0281	0.0324	0.248185625322242
0.0099	0.0101	0.0014	0.0227	0.0119	0.009	0.10532027383435
0.0018	0.0012	0.0028	0.0127	0.0073	0.0068	0.135458447367833
3e-04	1e-04	3e-04	0.0012	0.0015	0.0011	0.0203227216405296
0.004	0.0031	0.0014	0.0132	0.0065	0.007	0.0746148314574737
0.0284	0.0277	0.0131	0.0881	0.0431	0.0449	0.326726433904838
3e-04	6e-04	3e-04	0.0017	0.001	5e-04	0.0265819995191406
0.0028	8e-04	0.002	0.0116	0.006	0.0054	0.118725956430099
0	0	0	3e-04	0	2e-04	0.00358299136634351
0	0	2e-04	5e-04	6e-04	3e-04	0.0072826831473349
0	0	0	2e-04	2e-04	3e-04	0.0042955019384198
0.0469	0.0487	0.0021	0.0553	0.0239	0.0222	0.143710882056711
0.0014	4e-04	6e-04	0.0039	0.0023	0.0014	0.039377693670302
3e-04	4e-04	1e-04	0.0022	8e-04	3e-04	0.0270839543345596
1e-04	1e-04	0	0.0023	1e-04	0.0014	0.00938077604743271
0.0053	0.0052	0.0019	0.0176	0.0064	0.0064	0.113244387001687
3e-04	0.001	3e-04	0.0034	0.0021	7e-04	0.056950974419141
0.0011	0.0019	0.0022	0.0078	0.0044	0.0069	0.093533757223335
0	0	0	1e-04	0	0	0.000670394620362142
0.1261	0.1271	0.0298	0.1996	0.1294	0.1212	0.4733207178685
3e-04	0	4e-04	3e-04	4e-04	3e-04	0.0153821493691103
4e-04	7e-04	1e-04	0.0024	0.0012	0.001	0.0244489134945057
4e-04	9e-04	0.0022	0.0055	0.0034	0.0038	0.0614775060206975
0	0	2e-04	0.0012	4e-04	6e-04	0.016714482153615
0.0159	0.0164	0.0114	0.0599	0.0331	0.0247	0.303908399901719
0.0015	0.0015	0.0019	0.0079	0.005	0.0047	0.0374732430863928
0.0017	0.002	0.001	0.0068	0.005	0.0031	0.061846785660376
0	0	0	3e-04	1e-04	0	0.00127648385830897
0.0049	0.0057	0.0065	0.0261	0.0153	0.0137	0.171007915925869
0	0	3e-04	0.0024	3e-04	0.0011	0.0259633737797814
0.0028	0.0019	9e-04	0.0067	0.0041	0.0039	0.0354569855206926
0.0018	0.0037	0.0042	0.0166	0.0083	0.0126	0.142282997571899
0.0613	0.0633	0.0308	0.1688	0.1084	0.095	0.507479130382052
0.0131	0.0153	0.0107	0.0489	0.0322	0.0299	0.274747355342441
1e-04	2e-04	6e-04	8e-04	0.0011	0.001	0.00596182971671746
0.088	0.1074	0.0321	0.2069	0.1169	0.1243	0.560410805051163
0.2367	0.2317	0.1008	0.4576	0.2789	0.2869	0.816508156471923
4e-04	6e-04	5e-04	0.0024	0.0014	9e-04	0.0297571277928308
0.2414	0.2395	0.034	0.2829	0.1569	0.1726	0.554031970122131
0.0014	0.001	0.0037	0.0168	0.0083	0.0105	0.122051216514174
0	0	0	3e-04	1e-04	5e-04	0.00278798095306784
0	1e-04	0	5e-04	1e-04	0	0.00299382897993902
0	1e-04	1e-04	6e-04	3e-04	1e-04	0.00293369373930642
0.0083	0.0122	0.0047	0.0225	0.012	0.0203	0.102166971141182
0	1e-04	4e-04	0.0012	7e-04	8e-04	0.0308724627674702
4e-04	1e-04	6e-04	0.0017	0.0016	0.0024	0.0399174786431904
0	0	2e-04	6e-04	2e-04	2e-04	0.0176255731498742
6e-04	2e-04	9e-04	0.0056	0.003	0.0034	0.0679876620625755
0	0	0	0	0	0	1.43238750523932e-05
0	0	0	5e-04	1e-04	3e-04	0.00266915192506304
7e-04	0.0014	0.0013	0.0047	0.0016	0.0049	0.0448483052833709
0.0023	0.0045	0.0087	0.0287	0.0152	0.0181	0.22914030732195
5e-04	3e-04	0.0011	0.003	8e-04	0.0018	0.0347609314832985
0.0037	0.0047	0.0053	0.03	0.0138	0.0196	0.18134402612867
2e-04	9e-04	9e-04	0.002	0.0029	0.0014	0.0418330463890166
3e-04	5e-04	2e-04	0.0026	0.0027	0.0016	0.0345157351452503
5e-04	5e-04	4e-04	0.0023	7e-04	0.0012	0.0261772870850257
4e-04	0.0011	1e-04	8e-04	9e-04	3e-04	0.00523032060849725
9e-04	9e-04	1e-04	0.0032	7e-04	0.0012	0.0218488301524783
0	1e-04	4e-04	3e-04	0	1e-04	0.00976466277080523
5e-04	0.0012	0.001	0.0042	0.0013	0.0028	0.0421508606664069
2e-04	2e-04	2e-04	0.0025	6e-04	9e-04	0.025170311677978
0	0	1e-04	5e-04	1e-04	1e-04	0.0035776484509315
0	0	0	8e-04	2e-04	6e-04	0.0093247320146885
0.0027	0.0031	0.0029	0.0184	0.0122	0.0095	0.134975361151837
0.0234	0.0189	0.0063	0.0536	0.0261	0.0294	0.236748047509019
0	0	0	0	0	0	0.000138450844948912
5e-04	8e-04	7e-04	0.005	0.0034	0.003	0.069162926598225
5e-04	3e-04	3e-04	0.0031	3e-04	7e-04	0.0113351584088899
6e-04	0	3e-04	0.0015	0.0011	0.002	0.0404520927102579
1e-04	3e-04	5e-04	0.0015	0.0011	4e-04	0.00951732843871872
0.002	0.0041	0.0038	0.0205	0.0099	0.0102	0.166369518819554
0.0022	0.0011	0.0016	0.0065	0.0043	0.0027	0.0716900982169901
3e-04	0.0016	0.0018	0.0085	0.0048	0.0069	0.120429723189252
2e-04	1e-04	2e-04	3e-04	5e-04	7e-04	0.00236930595380156
7e-04	2e-04	5e-04	0.0028	7e-04	4e-04	0.0250433236992225
4e-04	2e-04	0.002	0.0031	0.0018	0.0025	0.0425723507018827
0.1123	0.1134	0.0077	0.1193	0.054	0.0509	0.219837622853274
0.0012	0.0024	0.0029	0.0125	0.0072	0.0074	0.125730601833787
0.0246	0.0196	0.0107	0.0872	0.0524	0.0444	0.382993501709893
0	0	0	1e-04	1e-04	4e-04	0.000547670237966549
4e-04	0.001	2e-04	0.0016	0.0014	8e-04	0.0211970846302421
6e-04	8e-04	3e-04	0.0055	0.0021	0.003	0.0439294853570824
0.0063	0.0081	0.0096	0.0367	0.02	0.0189	0.269236388480781
0.001	7e-04	4e-04	0.0027	0.0012	3e-04	0.0070080677297761
0	0	2e-04	0	0	0	0.000395204793782333
0	0	1e-04	1e-04	1e-04	2e-04	0.00284086247819868
8e-04	0.001	0.0024	0.0042	0.001	0.0018	0.0510502568509342
0.0013	8e-04	2e-04	0.0023	0.0015	6e-04	0.0147645812968062
2e-04	4e-04	0.0013	0.0029	0.0033	0.003	0.0531174888828704
0	2e-04	3e-04	0.0011	0.001	0.0011	0.0230864600186707
1e-04	0	1e-04	2e-04	4e-04	1e-04	0.0104925657194054
0	1e-04	4e-04	0.0012	2e-04	3e-04	0.020399752264822
0.0051	0.0099	0.0117	0.0369	0.022	0.025	0.277354090326256
0.0152	0.0147	0.0039	0.0361	0.0184	0.0204	0.145345584497553
0	0	2e-04	3e-04	4e-04	0	0.0117019737097415
0.0014	0.0019	0.0013	0.0063	0.0045	0.0042	0.0459095809888327
0	0	0	8e-04	6e-04	2e-04	0.00724551385541585
0.0359	0.0382	0.0023	0.0548	0.0274	0.0242	0.180466787353993
0.0091	0.0078	0.003	0.0262	0.0113	0.0106	0.124378885683345
0	0	4e-04	0.0015	6e-04	6e-04	0.016731981048601
7e-04	7e-04	0.0013	0.0062	0.0029	0.0041	0.0781763843894065
0	1e-04	3e-04	1e-04	1e-04	6e-04	0.00332077509519528
5e-04	0.001	0	5e-04	2e-04	2e-04	0.00708623488039436
1e-04	0	0	0	0	0	0.000423432505451255
0.0012	0.0012	0.0013	0.0059	0.0022	0.0027	0.0432426099794675
1e-04	0	0	2e-04	1e-04	0	0.00428571250420776
0.0051	0.0036	0.0079	0.0268	0.0141	0.02	0.216794323207907
0.0133	0.0101	0.0125	0.0632	0.0335	0.0292	0.332934271445245
0	0	0	0	1e-04	0	0.00194225939839196
0.0065	0.0104	0.0085	0.0416	0.025	0.0257	0.185832160675294
0.0038	0.0051	0.0047	0.0234	0.0125	0.0117	0.135464354683066
0.0067	0.0153	0.0059	0.0452	0.02	0.0212	0.214031867457794
0	0	0	0	1e-04	1e-04	0.00514309102888541
0.0017	0.002	0.0046	0.0179	0.0087	0.0095	0.156896173437738
0.2346	0.2584	0.117	0.4287	0.2939	0.2919	0.744674130019107
1e-04	0	0	1e-04	2e-04	0	0.000428523446773273
0	0	0	1e-04	3e-04	0	0.000250609187398236
0.0011	8e-04	0.0011	0.0034	0.0039	0.004	0.0571317805122104
0.0028	0.003	0.0027	0.0178	0.0083	0.0093	0.118997578945705
7e-04	2e-04	2e-04	0.0021	6e-04	2e-04	0.00807975130541997
6e-04	8e-04	0.0026	0.0057	0.0037	0.0016	0.0761645444122196
0	0	0	0	0	0	0.000438495307136469
0	0	1e-04	2e-04	1e-04	2e-04	0.00697759606337376
0.0112	0.01	0.0084	0.0404	0.0182	0.0205	0.200991270739462
0.0015	0.0041	0.006	0.0251	0.0114	0.0123	0.200131937099025
0.001	0.0011	7e-04	0.007	0.005	0.0052	0.0717706254766832
4e-04	5e-04	4e-04	0.0026	0.0018	0.0013	0.0332018914981603
0.0036	0.006	0.0029	0.0198	0.0054	0.0094	0.0896494202794448
7e-04	4e-04	9e-04	0.007	0.003	0.0011	0.0501526558826543
0.0032	9e-04	0.005	0.0167	0.0109	0.0106	0.151163633748024
0.0025	0.0037	0.0033	0.0153	0.0112	0.0092	0.147618351103492
3e-04	0.0015	6e-04	0.0066	0.0021	0.0039	0.040702556948914
0.0024	0.0024	8e-04	0.0064	0.004	0.0032	0.0325296567206143
0.006	0.0041	0.0083	0.0403	0.0207	0.0226	0.253204747101543
0.0046	0.0043	0.0044	0.0254	0.0134	0.0126	0.184739057841191
3e-04	3e-04	4e-04	0.0016	0.001	0.0013	0.0175037952154004
0.0353	0.0328	0.0103	0.0797	0.0427	0.0449	0.26090557491168
0.0015	0.0015	0.0021	0.0093	0.0067	0.0073	0.0844590589886835
0.0026	9e-04	0.0031	0.0152	0.006	0.0064	0.135769020067425
0.0148	0.0117	0.0118	0.0543	0.0353	0.0324	0.234518798456894
3e-04	0	1e-04	0.0012	3e-04	1e-04	0.0155362461027303
0.0066	0.005	0.0085	0.0308	0.018	0.0189	0.221026007996838
0	0	2e-04	3e-04	1e-04	2e-04	0.00472217898881622
2e-04	0.0012	0.0025	0.0095	0.0064	0.0084	0.0879955773238624
2e-04	0	4e-04	0.0016	3e-04	2e-04	0.0151318184845349
2e-04	2e-04	2e-04	0.0027	0.0014	0.0011	0.032176098462549
0	0	0	5e-04	8e-04	2e-04	0.0109618111365886
1e-04	5e-04	0.0014	0.0023	0.0013	0.0017	0.0436272899342292
0	0	1e-04	0	2e-04	3e-04	0.00186820970730437
0.0659	0.0703	0.0221	0.1652	0.0937	0.0877	0.446019386443384
0.0014	0.002	0.0036	0.0169	0.0038	0.0087	0.113174916398291
0	0	0	4e-04	1e-04	0	0.00282946096737293
0	1e-04	0	2e-04	1e-04	0	0.00225895747322488
1e-04	0	0	0	6e-04	1e-04	0.000905094028685287
0.0051	0.0065	0.0059	0.0302	0.013	0.0188	0.184399517009175
6e-04	5e-04	8e-04	0.0016	0.0014	0.001	0.041583160055754
0.0141	0.0089	0.0056	0.0362	0.0211	0.0168	0.183558242356887
0.0026	0.0013	6e-04	0.0071	0.0042	0.0041	0.0452605093948296
0	0	0	0	0	0	0.00337602269896424
0	0	2e-04	2e-04	0	0	0.00120372210235717
0	1e-04	0	3e-04	0	0	0.00292321488645797
1e-04	1e-04	3e-04	0.001	0.0012	7e-04	0.0161699545735382
0.0662	0.0558	0.0134	0.1229	0.0663	0.0688	0.354104922999945
0	0	0	2e-04	2e-04	0	0.00447362471627807
0.0825	0.0732	0.0381	0.2462	0.1298	0.1304	0.710962569292994
2e-04	5e-04	0.001	0.0049	0.0037	0.0012	0.0630177498138829
1e-04	0	0	1e-04	0	2e-04	0.00133490039795205
0.0016	0.0011	0.0015	0.005	0.0027	0.0026	0.066149765495918
0	0	0	3e-04	0	1e-04	0.000946786289875579
0.0218	0.02	0.0051	0.0558	0.0282	0.029	0.222820157207091
2e-04	6e-04	0.0026	0.0074	0.0048	0.005	0.0921476349064796
0.0075	0.0054	0.0024	0.0259	0.0125	0.01	0.120795749550712
7e-04	6e-04	0.0017	0.0071	0.0042	0.0028	0.0636809117698582
3e-04	5e-04	5e-04	0.0057	0.0015	0.0026	0.0385988583574378
0.0035	0.0038	0.0056	0.0171	0.0089	0.0129	0.150457471349925
0.0015	0.0028	0.0035	0.0161	0.0084	0.0092	0.127912560711017
0.11	0.1249	0.0364	0.2078	0.1316	0.1259	0.464201066677667
1e-04	5e-04	1e-04	0.0021	0.0011	5e-04	0.0155484062077513
0.0387	0.0415	0.0121	0.0853	0.0414	0.0392	0.267530119674129
0.0027	0.0038	0.0011	0.0117	0.0037	0.0065	0.0560782995151132
0.0023	0.0027	0.0043	0.0185	0.0086	0.0099	0.160134619154392
3e-04	7e-04	1e-04	0.0022	0.001	8e-04	0.00906458525749623
0	0	0	1e-04	0	0	0.000758819775514417
4e-04	1e-04	7e-04	0.0031	0.002	6e-04	0.0377771413120277
3e-04	2e-04	5e-04	0.0024	0.0014	0.0011	0.0225226668744799
0	0	0	0	0	0	2.62182254778402e-05
4e-04	6e-04	0.0012	0.006	0.0015	0.0016	0.0564023129659771
0.0088	0.0094	0.0094	0.0411	0.0267	0.0301	0.314218090552212
0	0	0	1e-04	2e-04	1e-04	0.00212371015429503
1e-04	0	7e-04	0.0018	0.0013	5e-04	0.0168299928993168
0.001	8e-04	0.0012	0.0041	0.0014	0.0028	0.055063411527374
0.0017	0.0022	0.0011	0.0109	0.0062	0.0044	0.0793095268656321
1e-04	0	4e-04	0.0011	9e-04	8e-04	0.0222635426803339
0.1776	0.1877	0.0407	0.2806	0.1596	0.1741	0.559451372827881
0.2291	0.2332	0.0802	0.4376	0.2574	0.271	0.809421693334068
3e-04	1e-04	2e-04	4e-04	2e-04	2e-04	0.00319528178024486
0.0069	0.0083	0.0102	0.0378	0.0188	0.0191	0.239747074363558
0.038	0.0352	0.0126	0.0816	0.0479	0.0434	0.265623272832172
0.003	0.0034	0.0014	0.0074	0.0033	0.0025	0.0207273081940296
5e-04	1e-04	4e-04	0.0015	6e-04	9e-04	0.0190776320584362
3e-04	7e-04	5e-04	0.0014	0.0012	0.001	0.0141821834413841
0	0	0	2e-04	0	0	0.000677027530664653
1e-04	0	1e-04	2e-04	3e-04	7e-04	0.0121961593588953
3e-04	1e-04	6e-04	0.0025	0.0011	0.0022	0.0337192240033193
0	0	0	1e-04	4e-04	3e-04	0.00428540304937141
0.0027	0.0048	0.0078	0.0293	0.0124	0.0143	0.186021754259693
0	0	0	7e-04	1e-04	0	0.00765753179951382
0	0	1e-04	7e-04	1e-04	2e-04	0.00735160842081364
0.0925	0.0935	0.0472	0.2429	0.1455	0.1393	0.641648281318635
0.0856	0.086	0.0324	0.1794	0.1086	0.111	0.458957748102695
0	0	0	0	0	0	0.000700801882367928
1e-04	2e-04	6e-04	0.0018	0.0015	0.0018	0.0328179684409747
0.0048	0.005	0.0032	0.0198	0.0111	0.0116	0.139364549192579
0.1301	0.1323	0.0113	0.1417	0.0713	0.072	0.28369072421126
2e-04	0	1e-04	0.0013	6e-04	7e-04	0.0208480769549181
0.0063	0.0033	0.009	0.0371	0.016	0.0207	0.254143531058133
0.0041	0.0014	0.0027	0.0143	0.0069	0.0065	0.146398199116947
0.1293	0.1335	0.0287	0.2404	0.125	0.1265	0.573342245820026
0	0	0	0	2e-04	0	0.00017818620358824
0.0038	0.0069	0.0032	0.0239	0.0119	0.0113	0.174427529730428
0.0188	0.018	0.0093	0.0632	0.0317	0.0298	0.224529598949984
0.0013	4e-04	3e-04	0.0047	0.0022	0.0023	0.0341347217010848
0	0	0	3e-04	3e-04	1e-04	0.0029486869019583
0.0023	0.0014	0.003	0.0145	0.0086	0.0075	0.119134563022837
0.0051	0.0041	0.0032	0.0303	0.011	0.0123	0.216115520907022
0	0	1e-04	5e-04	1e-04	0	0.00521538246067368
6e-04	3e-04	0.0011	0.0044	0.0035	0.0028	0.0556187049024208
0.0906	0.0872	0.0306	0.2005	0.1198	0.1193	0.512020754750099
5e-04	1e-04	0	0.0014	4e-04	4e-04	0.00647803947434188
0	0	1e-04	3e-04	2e-04	0	0.00684536971930805
0.0015	0.0022	0.001	0.0064	0.002	0.0032	0.0872458587157734
1e-04	1e-04	1e-04	4e-04	3e-04	6e-04	0.0122450838767612
0	0	0	0	0	0	0.000180616058098681
0.0026	0.0016	9e-04	0.0092	0.0083	0.0046	0.0506092726649909
0	0	1e-04	0	0	1e-04	0.00151259173451749
0.0974	0.0964	0.0358	0.2218	0.1231	0.1346	0.638608934942824
0	0	0	5e-04	0	1e-04	0.00162240984548456
0.0068	0.0046	9e-04	0.0196	0.0069	0.0057	0.0975493681485439
1e-04	1e-04	0	0.0024	5e-04	0.001	0.00878481359702812
4e-04	2e-04	3e-04	0.0028	6e-04	8e-04	0.0196100628482857
9e-04	9e-04	0.0021	0.0102	0.0052	0.0023	0.0712598516706152
9e-04	0.0014	0.0039	0.0114	0.0062	0.0084	0.131024421182087
5e-04	3e-04	2e-04	0.0025	0.0013	0.001	0.0208569794525855
1e-04	0	2e-04	0.001	5e-04	9e-04	0.0200146802782912
0.0145	0.0175	0.0095	0.0667	0.0289	0.0329	0.293934439648678
0.0098	0.0096	0.0055	0.0304	0.0186	0.0159	0.188269320759435
4e-04	4e-04	0.0013	0.0031	0.001	0.0019	0.0488278692883112
7e-04	4e-04	3e-04	0.0014	0.0014	0.0015	0.0188591908792124
0.0015	5e-04	0.0029	0.0122	0.0085	0.007	0.121341645677239
