FMP	RMP	FPP	UPP	ANPP	NPP	ANCOVA
0	0	0	0	0	0	2.83653292508435e-10
0	0	0	0	0	0	3.2064097700968e-09
0	0	0	0	0	0	5.21221104515851e-12
0	0	0	0	0	0	2.15194775439896e-15
0	0	0	0	0	0	6.58233055967768e-12
0	0	0	0	0	0	5.49151451743516e-10
0	0	0	0	0	0	2.91443756342418e-13
0	0	0	0	0	0	2.30489489403243e-11
0	0	0	0	0	0	9.58422417588215e-13
0	0	0	0	0	0	1.94337592827254e-12
0	0	0	0	0	0	3.46691987353692e-13
0	0	0	0	0	0	2.79191272369720e-12
0	0	0	0	0	0	6.3253381228793e-10
0	0	0	0	0	0	2.45352677602988e-11
0	0	0	0	0	0	4.20310597260662e-09
0	0	0	0	0	0	1.88262376021474e-11
0	0	0	0	0	0	7.53113247882361e-10
0	0	0	0	0	0	1.55126249417958e-10
0	0	0	0	0	0	3.16108434827024e-09
0	0	0	0	0	0	6.87618070494829e-13
0	0	0	0	0	0	6.63961218172229e-12
0	0	0	0	0	0	9.24780406468478e-13
0	0	0	0	0	0	3.45455631004007e-09
0	0	0	0	0	0	1.30392024287584e-09
0	0	0	0	0	0	1.39408119819607e-09
0	0	0	0	0	0	1.74108375284507e-08
0	0	0	0	0	0	7.9907911288256e-11
0	0	0	0	0	0	3.46252691286048e-11
0	0	0	0	0	0	4.37722627058804e-10
0	0	0	0	0	0	1.49017007060125e-12
0	0	0	0	0	0	9.83369571778311e-13
0	0	0	0	0	0	2.8057551826333e-07
0	0	0	0	0	0	9.735078720497e-10
0	0	0	0	0	0	2.76194124208162e-08
0	0	0	0	0	0	1.86526552125453e-08
0	0	0	0	0	0	5.22344285669021e-09
0	0	0	0	0	0	1.57694510419297e-09
0	0	0	0	0	0	1.8719625653574e-12
0	0	0	0	0	0	1.30558377955904e-08
0	0	0	0	0	0	3.03762120191406e-10
0	0	0	0	0	0	1.09080547483685e-10
0	0	0	0	0	0	1.0777011297293e-11
0	0	0	0	0	0	3.34148655571293e-08
0	0	0	0	0	0	2.81363107141497e-13
0	0	0	0	0	0	5.15965980998914e-09
0	0	0	0	0	0	9.35816721721667e-11
0	0	0	0	0	0	2.58319619853487e-10
0	0	0	0	0	0	6.54815266354807e-09
0	0	0	0	0	0	4.22474077804167e-08
0	0	0	0	0	0	1.80868004114445e-08
0	0	0	0	0	0	5.79491659656423e-09
0	0	0	0	0	0	1.22061026060316e-08
0	0	0	0	0	0	1.66163473881271e-06
0	0	0	0	0	0	1.30078126712766e-09
0	0	0	0	0	0	5.04074655113476e-11
0	0	0	0	0	0	7.60310344704822e-06
0	0	0	0	0	0	2.1113035706433e-11
0	0	0	0	0	0	5.32679539465364e-07
0	0	0	0	0	0	5.88938317324704e-10
0	0	0	0	0	0	3.48005231691611e-08
0	0	0	0	0	0	5.45840486367268e-11
0	0	0	0	0	0	1.07838572682301e-06
0	0	0	0	0	0	3.46813069288284e-13
0	0	0	0	0	0	1.10777714007823e-09
0	0	0	0	0	0	4.97000687340494e-09
0	0	0	0	0	0	4.20475383712868e-07
0	0	0	0	0	0	3.71697318566715e-09
0	0	0	0	0	0	3.49713074590238e-09
0	0	0	0	0	0	1.06579729572006e-06
0	0	0	0	0	0	9.057957679838e-13
0	0	0	0	0	0	6.23519029314951e-14
0	0	0	0	0	0	6.03062936928899e-10
0	0	0	0	0	0	4.04838570345506e-14
0	0	0	0	0	0	3.78152476509966e-08
0	0	0	0	0	0	9.85724015853317e-10
0	0	0	0	0	0	2.21144241397719e-08
0	0	0	0	0	0	5.37963174882714e-13
0	0	0	0	0	0	2.04220276133337e-10
0	0	0	0	0	0	1.53672213025982e-06
0	0	0	0	0	0	2.47201857915543e-09
0	0	0	0	0	0	9.92478531024592e-11
0	0	0	0	0	0	1.76152723572101e-09
0	0	0	0	0	0	6.61335518531662e-10
0	0	0	0	0	0	6.881665549146e-09
0	0	0	0	0	0	1.4017086367886e-07
0	0	0	0	0	0	1.78386585583122e-06
0	0	0	0	0	0	9.66397890059732e-11
0	0	0	0	0	0	7.99382030957322e-11
0	0	0	0	0	0	5.04788611189033e-09
0	0	0	0	0	0	3.24565651654144e-08
0	0	0	0	0	0	9.39589111154526e-09
0	0	0	0	0	0	6.55811353825366e-10
0	0	0	0	0	0	2.89443574831513e-09
0	0	0	0	0	0	2.88632242951913e-09
0	0	0	0	0	0	2.71838600009691e-09
0	0	0	0	0	0	3.42807122682658e-08
0	0	0	0	0	0	5.20394582565584e-07
0	0	0	0	0	0	1.06783184528032e-07
0	0	0	0	0	0	2.97505768785489e-09
0	0	0	0	0	0	1.80235099329348e-07
0	0	0	0	0	0	7.00313474797222e-13
0	0	0	0	0	0	3.33775033787822e-13
0	0	0	0	0	0	4.27958603774283e-11
0	0	0	0	0	0	6.75280243504136e-11
0	0	0	0	0	0	2.317389217037e-09
0	0	0	0	0	0	3.62201077263688e-10
0	0	0	0	0	0	3.20339918702426e-14
0	0	0	0	0	0	7.20399208782207e-11
0	0	0	0	0	0	1.17643466974577e-12
0	0	0	0	0	0	5.05524399106224e-08
0	0	0	0	0	0	3.01578368771653e-10
0	0	0	0	0	0	9.16318890963384e-08
0	0	0	0	0	0	1.46134831439315e-09
0	0	0	0	0	0	1.5166811146714e-08
0	0	0	0	0	0	3.45626558764959e-08
0	0	0	0	0	0	1.62668656134967e-10
0	0	0	0	0	0	4.09266783989861e-10
0	0	0	0	0	0	3.52969951422539e-09
0	0	0	0	0	0	7.64865101856423e-12
0	0	0	0	0	0	4.83657838191734e-07
0	0	0	0	0	0	3.02999600577753e-09
0	0	0	0	0	0	2.07014599799151e-11
0	0	0	0	0	0	2.68141201746655e-08
0	0	0	0	0	0	3.54163442113183e-07
0	0	0	0	0	0	1.43535085065831e-09
0	0	0	0	0	0	3.17282336857561e-16
0	0	0	0	0	0	7.17715235674004e-08
0	0	0	0	0	0	3.5912250508326e-12
0	0	0	0	0	0	1.88433945165609e-12
0	0	0	0	0	0	8.41349844258617e-09
0	0	0	0	0	0	8.15056333238895e-10
0	0	0	0	0	0	1.16532241268807e-07
0	0	0	0	0	0	1.85188065261946e-09
0	0	0	0	0	0	2.02126861813376e-07
0	0	0	0	0	0	1.38919639574305e-06
0	0	0	0	0	0	1.38127239714597e-13
0	0	0	0	0	0	3.66682193373031e-11
0	0	0	0	0	0	1.57191499322547e-14
0	0	0	0	0	0	3.0311479051324e-14
0	0	0	0	0	0	3.34523238579484e-11
0	0	0	0	0	0	2.74102280765212e-10
0	0	0	0	0	0	1.40605350958703e-12
0	0	0	0	0	0	5.61982145525177e-13
0	0	0	0	0	0	8.15239386321084e-07
0	0	0	0	0	0	1.49775111512575e-12
0	0	0	0	0	0	6.69788135622087e-13
0	0	0	0	0	0	1.7268652898112e-08
0	0	0	0	0	0	1.2859815825403e-07
0	0	0	0	0	0	1.02493080990375e-08
0	0	0	0	0	0	2.21538908746737e-11
0	0	0	0	0	0	3.35351605967318e-09
0	0	0	0	0	0	2.53987948800635e-08
0	0	0	0	0	0	1.26424008542415e-06
0	0	0	0	0	0	5.98952159626805e-08
0	0	0	0	0	0	6.79955656346137e-09
0	0	0	0	0	0	2.89057322932325e-08
0	0	0	0	0	0	3.2140818900066e-07
0	0	0	0	0	0	3.46690443021363e-07
0	0	0	0	0	0	4.41838070704554e-09
0	0	0	0	0	0	5.54529198165846e-08
0	0	0	0	0	0	1.26165215837093e-12
0	0	0	0	0	0	2.9402091539196e-09
0	0	0	0	0	0	6.59239899107863e-10
0	0	0	0	0	0	2.04214009002094e-07
0	0	0	0	0	0	1.21732398612344e-10
0	0	0	0	0	0	3.20448930917679e-07
0	0	0	0	0	0	7.6756500675793e-07
0	0	0	0	0	0	8.55073338265438e-12
0	0	0	0	0	0	1.1298753667724e-09
0	0	0	0	0	0	4.08902006311271e-11
0	0	0	0	0	0	1.32523097442764e-07
0	0	0	0	0	0	2.16335759379331e-09
0	0	0	0	0	0	5.72322200942701e-10
0	0	0	0	0	0	1.07388817482715e-12
0	0	0	0	0	0	1.1396318714834e-10
0	0	0	0	0	0	4.83158233564081e-08
0	0	0	0	0	0	7.9139702838004e-13
0	0	0	0	0	0	1.53225571594916e-11
0	0	0	0	0	0	6.6503106616885e-07
0	0	0	0	0	0	1.03227994232143e-08
0	0	0	0	0	0	1.28611776278174e-07
0	0	0	0	0	0	2.8074826290557e-09
0	0	0	0	0	0	7.66752541133467e-13
0	0	0	0	0	0	1.35153307173188e-05
0	0	0	0	0	0	1.18945748815799e-06
0	0	0	0	0	0	1.50675575822653e-08
0	0	0	0	0	0	1.51488903758105e-08
0	0	0	0	0	0	2.92977694381652e-09
0	0	0	0	0	0	3.51527553846163e-08
0	0	0	0	0	0	1.25994092713499e-06
0	0	0	0	0	0	1.89736960081185e-09
0	0	0	0	0	0	9.20748326994513e-11
0	0	0	0	0	0	1.80325369148629e-07
0	0	0	0	0	0	1.5168877162334e-08
0	0	0	0	0	0	2.46431776984935e-15
0	0	0	0	0	0	1.57155289162026e-10
0	0	0	0	0	0	4.02298280383619e-10
0	0	0	0	0	0	7.61941943198825e-11
0	0	0	0	0	0	9.88950394117315e-10
0	0	0	0	0	0	1.86591996713143e-11
0	0	0	0	0	0	6.13274184622432e-11
0	0	0	0	0	0	1.01837795517621e-12
0	0	0	0	0	0	5.79232267788223e-11
0	0	0	0	0	0	3.94265756203497e-10
0	0	0	0	0	0	2.94026655408785e-10
0	0	0	0	0	0	1.77423328272152e-09
0	0	0	0	0	0	7.22296276262718e-15
0	0	0	0	0	0	1.49758745443977e-09
0	0	0	0	0	0	2.06167019636069e-10
0	0	0	0	0	0	1.50003598868149e-10
0	0	0	0	0	0	5.34445658264186e-09
0	0	0	0	0	0	5.81169880941596e-09
0	0	0	0	0	0	1.97919417465676e-08
0	0	0	0	0	0	1.25507149145346e-07
0	0	0	0	0	0	7.21057585002189e-09
0	0	0	0	0	0	3.38558290017739e-11
0	0	0	0	0	0	3.2030797493823e-07
0	0	0	0	0	0	2.33755502375749e-10
0	0	0	0	0	0	2.34157489768477e-07
0	0	0	0	0	0	3.0868642102161e-10
0	0	0	0	0	0	2.40768688049467e-07
0	0	0	0	0	0	8.91152963422386e-10
0	0	0	0	0	0	3.64126403034831e-10
0	0	0	0	0	0	3.06340796527366e-08
0	0	0	0	0	0	2.45534984342896e-07
0	0	0	0	0	0	7.03421962567789e-07
0	0	0	0	0	0	1.33600557700174e-06
0	0	0	0	0	0	6.56461384519592e-07
0	0	0	0	0	0	7.9137079117362e-11
0	0	0	0	0	0	2.15790792958021e-09
0	0	0	0	0	0	1.4145432355276e-09
0	0	0	0	0	0	5.01985932929567e-12
0	0	0	0	0	0	1.12456253969779e-09
0	0	0	0	0	0	1.15761373748352e-05
0	0	0	0	0	0	4.59701583153592e-09
0	0	0	0	0	0	1.5752776234011e-09
0	0	0	0	0	0	9.81752531156628e-07
0	0	0	0	0	0	1.68792971482199e-07
0	0	0	0	0	0	1.12769090618456e-10
0	0	0	0	0	0	7.65640734537696e-14
0	0	0	0	0	0	3.88983987700459e-08
0	0	0	0	0	0	2.36148490953983e-08
0	0	0	0	0	0	3.47051478115319e-08
0	0	0	0	0	0	2.08162730100241e-10
0	0	0	0	0	0	2.00447901662779e-13
0	0	0	0	0	0	1.18327904185648e-12
0	0	0	0	0	0	7.319663583676e-10
0	0	0	0	0	0	1.24865691932158e-12
0	0	0	0	0	0	1.22128152939332e-08
0	0	0	0	0	0	1.11733751879958e-05
0	0	0	0	0	0	3.2798782209723e-12
0	0	0	0	0	0	9.89485643404385e-12
0	0	0	0	0	0	1.49394038961535e-08
0	0	0	0	0	0	5.38183207183893e-09
0	0	0	0	0	0	3.14483926733053e-07
0	0	0	0	0	0	1.19585390205077e-10
0	0	0	0	0	0	1.15163986463223e-09
0	0	0	0	0	0	3.90022061065858e-12
0	0	0	0	0	0	1.46791645486466e-11
0	0	0	0	0	0	2.16803334418832e-10
0	0	0	0	0	0	2.54245869724056e-09
0	0	0	0	0	0	4.26762849850059e-12
0	0	0	0	0	0	4.56401643636588e-10
0	0	0	0	0	0	1.26135844243521e-08
0	0	0	0	0	0	2.89127441149651e-07
0	0	0	0	0	0	3.85156398131108e-08
0	0	0	0	0	0	3.41127030081483e-09
0	0	0	0	0	0	1.32144300125247e-09
0	0	0	0	0	0	2.66230281916238e-08
0	0	0	0	0	0	4.49168720486312e-14
0	0	0	0	0	0	5.62873252237971e-08
0	0	0	0	0	0	3.55554237437058e-09
0	0	0	0	0	0	3.11692620767246e-08
0	0	0	0	0	0	4.73175955135712e-11
0	0	0	0	0	0	6.8568995674432e-11
0	0	0	0	0	0	1.41068863941632e-10
0	0	0	0	0	0	3.2032120266437e-10
0	0	0	0	0	0	3.3518442778326e-10
0	0	0	0	0	0	7.52537683323588e-08
0	0	0	0	0	0	2.87511278977361e-12
0	0	0	0	0	0	7.33576341747365e-12
0	0	0	0	0	0	2.17736820273583e-10
0	0	0	0	0	0	5.69622977132333e-09
0	0	0	0	0	0	1.29174734626701e-09
0	0	0	0	0	0	8.58309803170601e-09
0	0	0	0	0	0	1.75199009754656e-07
0	0	0	0	0	0	4.74439394671987e-08
0	0	0	0	0	0	1.19508053305306e-11
0	0	0	0	0	0	1.66664270440778e-11
0	0	0	0	0	0	7.56010567208519e-07
0	0	0	0	0	0	1.49350381539435e-08
0	0	0	0	0	0	1.06720422431135e-07
0	0	0	0	0	0	3.86396496975632e-09
0	0	0	0	0	0	2.41394559781957e-07
0	0	0	0	0	0	2.30459154361651e-12
0	0	0	0	0	0	1.65488898841184e-08
0	0	0	0	0	0	5.44971426793642e-08
0	0	0	0	0	0	9.03381680471007e-10
0	0	0	0	0	0	2.90992998454507e-13
0	0	0	0	0	0	2.59738683809564e-09
0	0	0	0	0	0	3.35625009807036e-14
0	0	0	0	0	0	2.47696233114978e-12
0	0	0	0	0	0	3.95181680693851e-07
0	0	0	0	0	0	1.8373354780179e-08
0	0	0	0	0	0	1.31056485776086e-08
0	0	0	0	0	0	6.11738863603472e-11
0	0	0	0	0	0	1.28147537082633e-08
0	0	0	0	0	0	1.02964858850532e-09
0	0	0	0	0	0	8.26306518537848e-06
0	0	0	0	0	0	4.15618339228099e-09
0	0	0	0	0	0	3.5045114476187e-10
0	0	0	0	0	0	0.000289322907165041
0	0	0	0	0	0	5.92515670516564e-10
0	0	0	0	0	0	5.43168886375492e-08
0	0	0	0	0	0	2.45698793882759e-11
0	0	0	0	0	0	8.67354809787289e-10
0	0	0	0	0	0	4.20921033921933e-10
0	0	0	0	0	0	4.95389600477868e-10
0	0	0	0	0	0	1.38113807283547e-06
0	0	0	0	0	0	8.49854371848939e-08
0	0	0	0	0	0	1.30779050908573e-07
0	0	0	0	0	0	1.21043801042707e-08
0	0	0	0	0	0	1.91230783917828e-08
0	0	0	0	0	0	5.89364767832088e-09
0	0	0	0	0	0	7.47260688902116e-11
0	0	0	0	0	0	1.76099387191631e-08
0	0	0	0	0	0	7.10026152605394e-11
0	0	0	0	0	0	1.5382952104707e-09
0	0	0	0	0	0	4.75595634382717e-10
0	0	0	0	0	0	4.07358042710001e-08
0	0	0	0	0	0	1.03225535978948e-09
0	0	0	0	0	0	7.81574176539618e-11
0	0	0	0	0	0	8.89609720547193e-08
0	0	0	0	0	0	7.94868311133408e-10
0	0	0	0	0	0	3.21843876588698e-10
0	0	0	0	0	0	7.28004733777023e-11
0	0	0	0	0	0	5.1825744829375e-09
0	0	0	0	0	0	2.34746006779507e-07
0	0	0	0	0	0	1.16149430102844e-09
0	0	0	0	0	0	1.19930195626764e-09
0	0	0	0	0	0	1.00754824093511e-08
0	0	0	0	0	0	2.62455079461159e-10
0	0	0	0	0	0	7.90561053628174e-08
0	0	0	0	0	0	1.71520621467671e-10
0	0	0	0	0	0	1.16273608272166e-05
0	0	0	0	0	0	1.298595232984e-10
0	0	0	0	0	0	1.47905213978833e-10
0	0	0	0	0	0	1.91718347976298e-12
0	0	0	0	0	0	4.18864780383813e-07
0	0	0	0	0	0	4.3578647963063e-09
0	0	0	0	0	0	5.97479075929162e-07
0	0	0	0	0	0	3.91957863345277e-09
0	0	0	0	0	0	1.93461459129907e-12
0	0	0	0	0	0	6.09267977169648e-11
0	0	0	0	0	0	3.92185648093624e-08
0	0	0	0	0	0	1.05253637192181e-08
0	0	0	0	0	0	3.18367105496532e-11
0	0	0	0	0	0	1.54733428991487e-09
0	0	0	0	0	0	9.25057608198627e-10
0	0	0	0	0	0	4.43837792601884e-11
0	0	0	0	0	0	2.28117613687219e-09
0	0	0	0	0	0	1.49397795662609e-09
0	0	0	0	0	0	1.27116922568645e-09
0	0	0	0	0	0	1.65428271464808e-07
0	0	0	0	0	0	6.89337275043631e-11
0	0	0	0	0	0	6.43508160388436e-15
0	0	0	0	0	0	6.11980264616572e-13
0	0	0	0	0	0	2.1697097686928e-09
0	0	0	0	0	0	1.18646264721551e-08
0	0	0	0	0	0	1.01949448870592e-09
0	0	0	0	0	0	1.51508034098198e-10
0	0	0	0	0	0	4.31230705987046e-07
0	0	0	0	0	0	1.22197945707081e-10
0	0	0	0	0	0	3.32870468137047e-08
0	0	0	0	0	0	2.03616255496564e-10
0	0	0	0	0	0	3.12279438932304e-10
0	0	0	0	0	0	2.3793561448919e-09
0	0	0	0	0	0	3.61397598914524e-12
0	0	0	0	0	0	1.03605261011254e-08
0	0	0	0	0	0	4.81053644367272e-07
0	0	0	0	0	0	5.85954508551777e-09
0	0	0	0	0	0	1.00424842037725e-13
0	0	0	0	0	0	1.18140033495041e-05
0	0	0	0	0	0	1.62029513556296e-09
0	0	0	0	0	0	2.19151023717834e-11
0	0	0	0	0	0	1.29799298424084e-09
0	0	0	0	0	0	2.54425907569939e-08
0	0	0	0	0	0	9.75138669480652e-13
0	0	0	0	0	0	2.96664109844966e-11
0	0	0	0	0	0	4.1568316593333e-09
0	0	0	0	0	0	1.94456411524904e-07
0	0	0	0	0	0	1.64227719251207e-11
0	0	0	0	0	0	1.17662934167209e-07
0	0	0	0	0	0	1.29170263920052e-07
0	0	0	0	0	0	9.37038338481993e-12
0	0	0	0	0	0	3.14264352544566e-09
0	0	0	0	0	0	4.01984108750334e-11
0	0	0	0	0	0	6.79043344501782e-08
0	0	0	0	0	0	7.13151193723638e-10
0	0	0	0	0	0	9.41212814503044e-12
0	0	0	0	0	0	3.17961449418356e-15
0	0	0	0	0	0	3.49940550256023e-11
0	0	0	0	0	0	9.68713802720321e-11
0	0	0	0	0	0	1.04659347409751e-09
0	0	0	0	0	0	4.63073039395706e-13
0	0	0	0	0	0	1.38989665701058e-06
0	0	0	0	0	0	6.57231531228424e-09
0	0	0	0	0	0	1.69174666427008e-11
0	0	0	0	0	0	1.67602179847947e-08
0	0	0	0	0	0	4.30201640571423e-09
0	0	0	0	0	0	6.15512782120589e-09
0	0	0	0	0	0	1.89293646147272e-06
0	0	0	0	0	0	9.1145685108718e-09
0	0	0	0	0	0	6.71403799770385e-11
0	0	0	0	0	0	1.86302553628437e-07
0	0	0	0	0	0	3.86699610405012e-06
0	0	0	0	0	0	2.71716483958541e-09
0	0	0	0	0	0	5.71103776051526e-10
0	0	0	0	0	0	1.7450231042286e-11
0	0	0	0	0	0	1.58818012987948e-12
0	0	0	0	0	0	4.87818265751356e-08
0	0	0	0	0	0	9.7525795278547e-07
0	0	0	0	0	0	3.8126583505129e-09
0	0	0	0	0	0	1.73674894871741e-05
0	0	0	0	0	0	4.22109940827581e-08
0	0	0	0	0	0	5.33467621775215e-09
0	0	0	0	0	0	1.25885876204948e-10
0	0	0	0	0	0	3.37305401485442e-10
0	0	0	0	0	0	6.89009100981705e-08
0	0	0	0	0	0	6.81899984873794e-11
0	0	0	0	0	0	1.3646418253911e-08
0	0	0	0	0	0	1.12917680435937e-07
0	0	0	0	0	0	6.11595802575504e-09
0	0	0	0	0	0	2.49379730546955e-09
0	0	0	0	0	0	4.18394485584861e-08
0	0	0	0	0	0	1.84471514159469e-09
0	0	0	0	0	0	9.48102247091409e-10
0	0	0	0	0	0	3.59949376552109e-09
0	0	0	0	0	0	8.91416358577361e-11
0	0	0	0	0	0	3.53142129011853e-14
0	0	0	0	0	0	1.22652935283219e-10
0	0	0	0	0	0	1.59361062141714e-09
0	0	0	0	0	0	1.50294380286048e-07
0	0	0	0	0	0	2.62292990067077e-09
0	0	0	0	0	0	8.29977215247811e-10
0	0	0	0	0	0	3.83037254528808e-08
0	0	0	0	0	0	2.76250261730028e-12
0	0	0	0	0	0	6.70724090571135e-12
0	0	0	0	0	0	2.33007471095706e-07
0	0	0	0	0	0	1.23509012021604e-08
0	0	0	0	0	0	1.16981844274251e-12
0	0	0	0	0	0	1.44717062434975e-11
0	0	0	0	0	0	3.79249698506633e-06
0	0	0	0	0	0	7.97294750206861e-09
0	0	0	0	0	0	1.63065835652838e-07
0	0	0	0	0	0	1.58247776470342e-09
0	0	0	0	0	0	4.04038209691237e-07
0	0	0	0	0	0	1.28391560099727e-08
0	0	0	0	0	0	1.55465700631905e-08
0	0	0	0	0	0	8.85275087932387e-10
0	0	0	0	0	0	3.51999154870542e-10
0	0	0	0	0	0	1.83528384315015e-09
0	0	0	0	0	0	3.30798623259078e-12
0	0	0	0	0	0	6.78892675798214e-11
0	0	0	0	0	0	5.15925633850119e-13
0	0	0	0	0	0	5.43411159959373e-11
0	0	0	0	0	0	7.72214187902114e-10
0	0	0	0	0	0	2.70801206809519e-13
0	0	0	0	0	0	2.6113317695786e-07
0	0	0	0	0	0	3.83025963260892e-09
0	0	0	0	0	0	7.82839428548179e-07
0	0	0	0	0	0	9.61764506861556e-13
0	0	0	0	0	0	2.00760746178158e-08
0	0	0	0	0	0	2.16143247886031e-06
0	0	0	0	0	0	5.89551093048599e-10
0	0	0	0	0	0	1.52269764221141e-10
0	0	0	0	0	0	4.55939797208327e-07
0	0	0	0	0	0	1.38044503230939e-14
0	0	0	0	0	0	2.82828500882319e-12
0	0	0	0	0	0	7.66740668720632e-10
0	0	0	0	0	0	1.52795165138825e-08
0	0	0	0	0	0	1.87378715955898e-10
0	0	0	0	0	0	1.59861077707744e-09
0	0	0	0	0	0	8.20585348318618e-11
0	0	0	0	0	0	1.8713438018795e-10
0	0	0	0	0	0	9.38032423728641e-11
0	0	0	0	0	0	4.90726774151998e-07
0	0	0	0	0	0	7.18331950120039e-07
0	0	0	0	0	0	1.63115676244855e-08
0	0	0	0	0	0	1.01470765757442e-07
0	0	0	0	0	0	5.3231145978332e-10
0	0	0	0	0	0	1.13644554865331e-05
0	0	0	0	0	0	1.0477220181863e-12
0	0	0	0	0	0	9.18803569479494e-10
0	0	0	0	0	0	2.87719196583438e-06
0	0	0	0	0	0	2.21282211547601e-14
0	0	0	0	0	0	4.1373198582407e-08
0	0	0	0	0	0	4.40432320170661e-09
0	0	0	0	0	0	4.86645760335464e-13
0	0	0	0	0	0	5.02149574931624e-08
0	0	0	0	0	0	4.87540905747959e-11
0	0	0	0	0	0	4.72396634702173e-10
0	0	0	0	0	0	2.33874565134804e-10
0	0	0	0	0	0	5.83714301103553e-07
0	0	0	0	0	0	1.71019711509369e-06
0	0	0	0	0	0	1.54309550681316e-11
0	0	0	0	0	0	3.31104496558545e-07
0	0	0	0	0	0	3.31989566606258e-10
0	0	0	0	0	0	9.84113358503183e-13
0	0	0	0	0	0	1.76079908858568e-07
0	0	0	0	0	0	3.17924361333697e-09
0	0	0	0	0	0	7.14786558215641e-07
0	0	0	0	0	0	7.70917029221706e-11
0	0	0	0	0	0	2.72818003300505e-10
0	0	0	0	0	0	4.36652386613109e-11
0	0	0	0	0	0	6.86578994735101e-12
0	0	0	0	0	0	6.1608249953673e-07
0	0	0	0	0	0	9.38532211685528e-10
0	0	0	0	0	0	1.41045482786785e-10
0	0	0	0	0	0	2.26593347834047e-10
0	0	0	0	0	0	9.66550090080297e-09
0	0	0	0	0	0	9.00857912848877e-10
0	0	0	0	0	0	3.91424029658911e-08
0	0	0	0	0	0	6.06681718897415e-10
0	0	0	0	0	0	1.40350617066112e-08
0	0	0	0	0	0	3.32944428200972e-11
0	0	0	0	0	0	1.64602349208145e-09
0	0	0	0	0	0	1.5926140374576e-09
0	0	0	0	0	0	1.39728765752935e-15
0	0	0	0	0	0	8.84983124437578e-09
0	0	0	0	0	0	7.02436587544619e-09
0	0	0	0	0	0	1.24714559757157e-07
0	0	0	0	0	0	7.63544706305295e-06
0	0	0	0	0	0	4.48471302426385e-06
0	0	0	0	0	0	7.26814622029566e-10
0	0	0	0	0	0	2.07936584661432e-07
0	0	0	0	0	0	5.77254884074642e-11
0	0	0	0	0	0	1.75140606678186e-11
0	0	0	0	0	0	1.10618143903924e-06
0	0	0	0	0	0	4.87939019986524e-09
0	0	0	0	0	0	2.05511322097528e-07
0	0	0	0	0	0	3.26342365008796e-09
0	0	0	0	0	0	3.83107152686885e-08
0	0	0	0	0	0	2.7345164812336e-08
0	0	0	0	0	0	3.7438788262695e-11
0	0	0	0	0	0	3.59782563670381e-10
0	0	0	0	0	0	1.44736922090511e-06
0	0	0	0	0	0	1.36492221796713e-06
0	0	0	0	0	0	2.49944240404141e-06
0	0	0	0	0	0	1.60451079739294e-05
0	0	0	0	0	0	2.22788424153071e-11
0	0	0	0	0	0	4.95485802208792e-08
0	0	0	0	0	0	6.47575902093405e-08
0	0	0	0	0	0	7.80910373523055e-10
0	0	0	0	0	0	3.74188945015139e-13
0	0	0	0	0	0	4.46639731167941e-15
0	0	0	0	0	0	5.33588273901644e-11
0	0	0	0	0	0	2.29516771543222e-14
0	0	0	0	0	0	1.98037569798442e-11
0	0	0	0	0	0	8.11077097783903e-10
0	0	0	0	0	0	1.27896599518175e-09
0	0	0	0	0	0	1.206748455349e-07
0	0	0	0	0	0	4.96193182152761e-06
0	0	0	0	0	0	5.02005709466302e-13
0	0	0	0	0	0	4.52332448326872e-09
0	0	0	0	0	0	3.64472532049178e-07
0	0	0	0	0	0	3.82050806504055e-09
0	0	0	0	0	0	3.12211385092261e-09
0	0	0	0	0	0	4.10004855658906e-07
0	0	0	0	0	0	7.33936879376128e-15
0	0	0	0	0	0	5.78706847942321e-10
0	0	0	0	0	0	6.94454732061867e-13
0	0	0	0	0	0	1.17990531818265e-10
0	0	0	0	0	0	3.32117295318898e-11
0	0	0	0	0	0	6.77493890407385e-09
0	0	0	0	0	0	2.25851253454633e-08
0	0	0	0	0	0	4.47546876250422e-11
0	0	0	0	0	0	5.42529798104968e-09
0	0	0	0	0	0	1.56269699176417e-10
0	0	0	0	0	0	1.76970448892783e-12
0	0	0	0	0	0	1.11339231353093e-08
0	0	0	0	0	0	1.65313620479024e-08
0	0	0	0	0	0	5.72812040078295e-10
0	0	0	0	0	0	1.16535533936454e-07
0	0	0	0	0	0	2.4253000208827e-05
0	0	0	0	0	0	3.6318082127482e-12
0	0	0	0	0	0	7.43952477381692e-07
0	0	0	0	0	0	1.03621575365997e-10
0	0	0	0	0	0	5.98039235128228e-09
0	0	0	0	0	0	1.15276678095277e-11
0	0	0	0	0	0	3.00711561443008e-11
0	0	0	0	0	0	4.13648490030689e-13
0	0	0	0	0	0	3.66213890257003e-10
0	0	0	0	0	0	2.10139989230107e-09
0	0	0	0	0	0	4.98325913905021e-13
0	0	0	0	0	0	3.31725643779589e-05
0	0	0	0	0	0	2.39962706260072e-11
0	0	0	0	0	0	6.02182060263942e-11
0	0	0	0	0	0	2.42071519236976e-08
0	0	0	0	0	0	1.87940815710988e-07
0	0	0	0	0	0	4.76746794443764e-12
0	0	0	0	0	0	6.15651248646356e-09
0	0	0	0	0	0	4.59358140709475e-11
0	0	0	0	0	0	1.98133770271465e-10
0	0	0	0	0	0	2.58481292545667e-11
0	0	0	0	0	0	1.1294711736127e-07
0	0	0	0	0	0	4.5068455782519e-11
0	0	0	0	0	0	1.29424791969644e-10
0	0	0	0	0	0	3.51087755254149e-07
0	0	0	0	0	0	3.84107705382925e-12
0	0	0	0	0	0	9.53146291756439e-08
0	0	0	0	0	0	2.72860664566016e-09
0	0	0	0	0	0	1.47618329202595e-13
0	0	0	0	0	0	5.38659659512404e-09
0	0	0	0	0	0	8.35333144941743e-11
0	0	0	0	0	0	2.50618936941496e-12
0	0	0	0	0	0	7.2736807107811e-11
0	0	0	0	0	0	1.24683971068749e-09
0	0	0	0	0	0	4.39115158217987e-10
0	0	0	0	0	0	3.6980895218021e-11
0	0	0	0	0	0	7.69210259489527e-07
0	0	0	0	0	0	4.09857536298085e-06
0	0	0	0	0	0	1.56853057121391e-06
0	0	0	0	0	0	3.24989627325231e-12
0	0	0	0	0	0	3.55439276743745e-10
0	0	0	0	0	0	2.14837812011984e-09
0	0	0	0	0	0	9.04387601959011e-10
0	0	0	0	0	0	2.65757831190106e-06
0	0	0	0	0	0	5.61007645269362e-08
0	0	0	0	0	0	6.33564568486756e-08
0	0	0	0	0	0	1.92536733302116e-08
0	0	0	0	0	0	1.91935234711591e-06
0	0	0	0	0	0	5.82042732681535e-14
0	0	0	0	0	0	7.28221126818816e-09
0	0	0	0	0	0	2.035368983162e-10
0	0	0	0	0	0	7.69173219803361e-07
0	0	0	0	0	0	4.33579526517148e-10
0	0	0	0	0	0	3.47747394081693e-11
0	0	0	0	0	0	2.08579261330096e-10
0	0	0	0	0	0	3.74741785322639e-08
0	0	0	0	0	0	6.22255123201622e-11
0	0	0	0	0	0	3.68746151254933e-09
0	0	0	0	0	0	1.66713917843472e-06
0	0	0	0	0	0	6.31910246571291e-10
0	0	0	0	0	0	4.19902156652883e-07
0	0	0	0	0	0	4.36078172528202e-08
0	0	0	0	0	0	9.27558809327692e-08
0	0	0	0	0	0	1.26876483593819e-09
0	0	0	0	0	0	7.23647595051602e-10
0	0	0	0	0	0	5.60938069125725e-08
0	0	0	0	0	0	1.07842708377543e-08
0	0	0	0	0	0	1.17982487707406e-07
0	0	0	0	0	0	3.35380862735617e-09
0	0	0	0	0	0	2.57088631230573e-09
0	0	0	0	0	0	5.98024020690495e-15
0	0	0	0	0	0	2.63378480892875e-07
0	0	0	0	0	0	4.19468960543033e-09
0	0	0	0	0	0	7.68730385212911e-09
0	0	0	0	0	0	7.1032969654215e-09
0	0	0	0	0	0	1.833048132928e-09
0	0	0	0	0	0	1.66930087940847e-09
0	0	0	0	0	0	3.68301979745748e-12
0	0	0	0	0	0	3.54909788102917e-13
0	0	0	0	0	0	5.74196107491977e-09
0	0	0	0	0	0	4.33575489525095e-10
0	0	0	0	0	0	3.55839792334005e-11
0	0	0	0	0	0	7.98297996687533e-10
0	0	0	0	0	0	4.3599228564952e-15
0	0	0	0	0	0	1.10802816748601e-10
0	0	0	0	0	0	1.25230829125726e-11
0	0	0	0	0	0	1.37809760490262e-09
0	0	0	0	0	0	2.79734063518058e-09
0	0	0	0	0	0	6.33153111482159e-09
0	0	0	0	0	0	2.52265381091294e-10
0	0	0	0	0	0	1.09855558994772e-08
0	0	0	0	0	0	9.41167803631292e-12
0	0	0	0	0	0	2.72580622154711e-11
0	0	0	0	0	0	1.4011871132603e-09
0	0	0	0	0	0	1.74624896935984e-12
0	0	0	0	0	0	1.03573580864556e-12
0	0	0	0	0	0	2.00995429054172e-07
0	0	0	0	0	0	9.05141400244188e-09
0	0	0	0	0	0	3.93445881949688e-07
0	0	0	0	0	0	1.3202182331508e-08
0	0	0	0	0	0	4.8329216642966e-07
0	0	0	0	0	0	4.03268110338626e-09
0	0	0	0	0	0	2.22789500238069e-08
0	0	0	0	0	0	1.2237197969322e-06
0	0	0	0	0	0	1.04004288245085e-11
0	0	0	0	0	0	7.66805507588384e-09
0	0	0	0	0	0	2.24729666189626e-08
0	0	0	0	0	0	4.148793790172e-07
0	0	0	0	0	0	2.10804552157134e-08
0	0	0	0	0	0	7.50008535607586e-09
0	0	0	0	0	0	1.03205313992719e-06
0	0	0	0	0	0	1.43323534243194e-11
0	0	0	0	0	0	1.7118309184532e-10
0	0	0	0	0	0	2.53172203879557e-10
0	0	0	0	0	0	1.49400600417671e-12
0	0	0	0	0	0	1.65916467135584e-09
0	0	0	0	0	0	2.73420903863947e-14
0	0	0	0	0	0	6.46338796770463e-10
0	0	0	0	0	0	1.97921345187684e-07
0	0	0	0	0	0	1.58738108454402e-08
0	0	0	0	0	0	6.91551540616385e-12
0	0	0	0	0	0	1.468060426846e-12
0	0	0	0	0	0	1.20884825781159e-07
0	0	0	0	0	0	1.28523484679145e-06
0	0	0	0	0	0	1.51474813727214e-12
0	0	0	0	0	0	2.54600833681177e-11
0	0	0	0	0	0	1.91654991470432e-13
0	0	0	0	0	0	2.54148989525822e-14
0	0	0	0	0	0	2.49355876014608e-08
0	0	0	0	0	0	1.6369205267345e-06
0	0	0	0	0	0	9.30036766144585e-13
0	0	0	0	0	0	8.67343104107434e-12
0	0	0	0	0	0	1.25569713112585e-10
0	0	0	0	0	0	7.74374126271322e-13
0	0	0	0	0	0	1.38137477906943e-07
0	0	0	0	0	0	1.13647513994516e-14
0	0	0	0	0	0	3.53364047781215e-09
0	0	0	0	0	0	4.16449395093685e-11
0	0	0	0	0	0	3.30582508011656e-16
0	0	0	0	0	0	4.20604055275205e-10
0	0	0	0	0	0	3.62752667998203e-12
0	0	0	0	0	0	1.92374975999458e-07
0	0	0	0	0	0	3.10893746047343e-12
0	0	0	0	0	0	1.62973593888657e-14
0	0	0	0	0	0	7.41558692469078e-10
0	0	0	0	0	0	8.83938291793818e-15
0	0	0	0	0	0	5.57324449066277e-12
0	0	0	0	0	0	9.34251304838355e-11
0	0	0	0	0	0	3.82273482814031e-12
0	0	0	0	0	0	4.00408639055129e-16
0	0	0	0	0	0	2.69537584221564e-09
0	0	0	0	0	0	9.14431393863424e-12
0	0	0	0	0	0	2.48965500392151e-11
0	0	0	0	0	0	3.0997272347464e-12
0	0	0	0	0	0	1.29541076193028e-09
0	0	0	0	0	0	3.2506153842616e-08
0	0	0	0	0	0	2.75461390421684e-10
0	0	0	0	0	0	2.45435454671868e-08
0	0	0	0	0	0	2.79121693726509e-08
0	0	0	0	0	0	1.02098708830922e-09
0	0	0	0	0	0	2.15575106992985e-08
0	0	0	0	0	0	6.96512974186373e-10
0	0	0	0	0	0	2.78797326483007e-11
0	0	0	0	0	0	4.21674408612262e-11
0	0	0	0	0	0	1.50749878029414e-09
0	0	0	0	0	0	1.06382821474287e-07
0	0	0	0	0	0	1.58075068098482e-08
0	0	0	0	0	0	5.57967054807614e-08
0	0	0	0	0	0	2.07193756411485e-10
0	0	0	0	0	0	6.20795191036362e-14
0	0	0	0	0	0	1.44341382676292e-08
0	0	0	0	0	0	4.83351243250721e-12
0	0	0	0	0	0	3.22484703696273e-09
0	0	0	0	0	0	9.75259882153527e-13
0	0	0	0	0	0	8.84156911612532e-11
0	0	0	0	0	0	1.4958826022969e-07
0	0	0	0	0	0	1.16824662219567e-09
0	0	0	0	0	0	2.56453894425997e-09
0	0	0	0	0	0	1.32334543132252e-11
0	0	0	0	0	0	1.72574776232338e-09
0	0	0	0	0	0	1.89169405583599e-12
0	0	0	0	0	0	4.25222833847179e-10
0	0	0	0	0	0	1.49213589120704e-09
0	0	0	0	0	0	8.9660329294237e-12
0	0	0	0	0	0	4.36732073799502e-12
0	0	0	0	0	0	3.89361336167718e-10
0	0	0	0	0	0	3.90125327061133e-10
0	0	0	0	0	0	6.23252424767128e-07
0	0	0	0	0	0	4.63087046761762e-12
0	0	0	0	0	0	1.01678764287313e-08
0	0	0	0	0	0	3.46596539039439e-10
0	0	0	0	0	0	7.53172628701566e-11
0	0	0	0	0	0	1.27091309981928e-09
0	0	0	0	0	0	8.88160239270518e-09
0	0	0	0	0	0	9.57363208880359e-09
0	0	0	0	0	0	1.50219589893135e-13
0	0	0	0	0	0	3.44648067297746e-11
0	0	0	0	0	0	1.45879672758244e-08
0	0	0	0	0	0	2.2673728213325e-11
0	0	0	0	0	0	1.96873261607078e-12
0	0	0	0	0	0	5.52563297370512e-08
0	0	0	0	0	0	1.3803398189838e-08
0	0	0	0	0	0	2.44286084615122e-07
0	0	0	0	0	0	5.38571906508776e-07
0	0	0	0	0	0	3.09083839039091e-09
0	0	0	0	0	0	8.85153295230061e-12
0	0	0	0	0	0	4.52639847086858e-09
0	0	0	0	0	0	1.3190224247971e-12
0	0	0	0	0	0	4.8542992340202e-08
0	0	0	0	0	0	1.33895793468202e-12
0	0	0	0	0	0	5.85396463697682e-06
0	0	0	0	0	0	2.22798229087723e-12
0	0	0	0	0	0	2.31540013897317e-09
0	0	0	0	0	0	1.36853484103304e-08
0	0	0	0	0	0	7.26516171455867e-10
0	0	0	0	0	0	9.58256801724131e-08
0	0	0	0	0	0	9.72768081173043e-13
0	0	0	0	0	0	7.90480259290141e-08
0	0	0	0	0	0	9.02294577444519e-09
0	0	0	0	0	0	8.48408668176008e-08
0	0	0	0	0	0	6.58177364914442e-07
0	0	0	0	0	0	4.73084240392287e-09
0	0	0	0	0	0	8.75090228435056e-09
0	0	0	0	0	0	7.54509203262584e-08
0	0	0	0	0	0	2.29427208359544e-09
0	0	0	0	0	0	6.68631932633529e-05
0	0	0	0	0	0	5.40395221711775e-09
0	0	0	0	0	0	5.47968188641697e-13
0	0	0	0	0	0	4.71778077033882e-11
0	0	0	0	0	0	2.14562282369419e-06
0	0	0	0	0	0	3.18070121230853e-11
0	0	0	0	0	0	1.20560335459346e-06
0	0	0	0	0	0	2.01866082256774e-11
0	0	0	0	0	0	7.8510034547016e-09
0	0	0	0	0	0	7.82832295434872e-14
0	0	0	0	0	0	1.39462975138134e-09
0	0	0	0	0	0	1.01526918163001e-09
0	0	0	0	0	0	5.35454798628705e-11
0	0	0	0	0	0	5.71430558518837e-09
0	0	0	0	0	0	4.48827161749306e-08
0	0	0	0	0	0	7.89487141198145e-09
0	0	0	0	0	0	1.57890301927332e-08
0	0	0	0	0	0	3.62931733290322e-07
0	0	0	0	0	0	8.51071427506013e-08
0	0	0	0	0	0	1.11492262122656e-09
0	0	0	0	0	0	1.76629257681693e-08
0	0	0	0	0	0	3.81080981977874e-08
0	0	0	0	0	0	2.25657200682811e-07
0	0	0	0	0	0	8.29824884949192e-08
0	0	0	0	0	0	2.53233406133799e-09
0	0	0	0	0	0	7.3061679068537e-13
0	0	0	0	0	0	2.3480639575662e-08
0	0	0	0	0	0	2.14868349177888e-08
0	0	0	0	0	0	2.83778257855793e-09
0	0	0	0	0	0	2.0745929817919e-11
0	0	0	0	0	0	1.90263966180587e-12
0	0	0	0	0	0	7.70110532474138e-07
0	0	0	0	0	0	1.17447838987125e-07
0	0	0	0	0	0	3.79661319629855e-05
0	0	0	0	0	0	2.62709296755263e-09
0	0	0	0	0	0	1.00457250719255e-10
0	0	0	0	0	0	5.53173904434854e-10
0	0	0	0	0	0	5.7750251210918e-10
0	0	0	0	0	0	2.54111545500551e-08
0	0	0	0	0	0	1.27122996701711e-12
0	0	0	0	0	0	2.73218773751183e-09
0	0	0	0	0	0	2.04895752648356e-08
0	0	0	0	0	0	4.71126975303787e-08
0	0	0	0	0	0	4.7315879475463e-09
0	0	0	0	0	0	6.19212629493113e-11
0	0	0	0	0	0	9.29276773101779e-07
0	0	0	0	0	0	1.26920747298073e-08
0	0	0	0	0	0	5.50909011111751e-08
0	0	0	0	0	0	4.87585626461875e-08
0	0	0	0	0	0	1.03101190196363e-08
0	0	0	0	0	0	4.5582475536326e-11
0	0	0	0	0	0	7.61370331771853e-10
0	0	0	0	0	0	4.3101266672063e-13
0	0	0	0	0	0	3.05437677177537e-13
0	0	0	0	0	0	6.39475443266489e-12
0	0	0	0	0	0	2.40941005459152e-12
0	0	0	0	0	0	2.72294925671883e-09
0	0	0	0	0	0	1.03507767699008e-08
0	0	0	0	0	0	2.69355026692907e-09
0	0	0	0	0	0	2.8716148065264e-09
0	0	0	0	0	0	1.18348329267374e-09
0	0	0	0	0	0	1.11342369505524e-12
0	0	0	0	0	0	1.23547946099821e-06
0	0	0	0	0	0	1.82519225801823e-10
0	0	0	0	0	0	2.64251702820903e-09
0	0	0	0	0	0	3.69579466730677e-09
0	0	0	0	0	0	4.86872664839231e-09
0	0	0	0	0	0	6.20761857361432e-08
0	0	0	0	0	0	3.09247735990773e-09
0	0	0	0	0	0	3.37621476147718e-12
0	0	0	0	0	0	1.209026262151e-08
0	0	0	0	0	0	2.99205663252961e-08
0	0	0	0	0	0	2.91001739349963e-07
0	0	0	0	0	0	1.2490918222868e-08
0	0	0	0	0	0	1.26669796184845e-06
0	0	0	0	0	0	8.28325718943681e-11
0	0	0	0	0	0	4.74937898832543e-10
0	0	0	0	0	0	2.48353901997505e-12
0	0	0	0	0	0	5.65326569349446e-09
0	0	0	0	0	0	4.99679128247537e-09
0	0	0	0	0	0	6.1851719528333e-10
0	0	0	0	0	0	1.06059668008964e-08
0	0	0	0	0	0	9.20703777019077e-07
0	0	0	0	0	0	2.80842068206053e-11
0	0	0	0	0	0	7.94136347643075e-08
0	0	0	0	0	0	2.5320605494236e-12
0	0	0	0	0	0	4.50225812912568e-11
0	0	0	0	0	0	2.01383026286809e-09
0	0	0	0	0	0	1.95724902743758e-07
0	0	0	0	0	0	3.04750540241499e-10
0	0	0	0	0	0	1.16428521617032e-06
0	0	0	0	0	0	5.88146979510027e-09
0	0	0	0	0	0	2.842844411261e-08
0	0	0	0	0	0	3.26731435591727e-09
0	0	0	0	0	0	3.51604464123321e-09
0	0	0	0	0	0	7.3465935270607e-13
0	0	0	0	0	0	1.19581693573388e-10
0	0	0	0	0	0	9.08227121215997e-11
0	0	0	0	0	0	5.00225337555349e-06
0	0	0	0	0	0	4.94484318369842e-08
0	0	0	0	0	0	1.70701815244458e-08
0	0	0	0	0	0	7.40433705958043e-11
0	0	0	0	0	0	4.72918487091505e-11
0	0	0	0	0	0	3.31696305871561e-16
0	0	0	0	0	0	1.39285234473049e-11
0	0	0	0	0	0	1.91277246509704e-10
0	0	0	0	0	0	3.40379386587084e-09
0	0	0	0	0	0	7.24306448542563e-07
0	0	0	0	0	0	5.82516375333607e-12
0	0	0	0	0	0	6.00989039084793e-11
0	0	0	0	0	0	2.34940029368581e-14
0	0	0	0	0	0	3.82318118936892e-13
0	0	0	0	0	0	5.37365921725639e-10
0	0	0	0	0	0	1.40459459755664e-13
0	0	0	0	0	0	2.72044128503973e-12
0	0	0	0	0	0	2.12061474212443e-09
0	0	0	0	0	0	2.85338962803355e-05
0	0	0	0	0	0	1.16268476583038e-09
0	0	0	0	0	0	6.4835944578142e-12
0	0	0	0	0	0	6.35101849698061e-09
0	0	0	0	0	0	1.89010271296183e-10
0	0	0	0	0	0	1.14764719385825e-10
0	0	0	0	0	0	5.4510074732995e-08
0	0	0	0	0	0	4.95512002796397e-08
0	0	0	0	0	0	1.31923355872869e-08
0	0	0	0	0	0	1.80624157419235e-06
0	0	0	0	0	0	1.17962685705244e-11
0	0	0	0	0	0	5.31359052716551e-08
0	0	0	0	0	0	1.20149412198884e-09
0	0	0	0	0	0	9.89072306076031e-10
0	0	0	0	0	0	4.29922838545598e-07
0	0	0	0	0	0	5.47489285616385e-07
0	0	0	0	0	0	3.90311604759547e-11
0	0	0	0	0	0	8.35335713984506e-12
0	0	0	0	0	0	1.3195013414317e-07
0	0	0	0	0	0	1.44846895154018e-08
0	0	0	0	0	0	9.56270194233177e-13
0	0	0	0	0	0	4.56405721364983e-11
0	0	0	0	0	0	0.000541008839020091
0	0	0	0	0	0	4.4271596599864e-10
0	0	0	0	0	0	8.35138956167243e-09
0	0	0	0	0	0	4.78233319500637e-08
0	0	0	0	0	0	1.78283008077369e-07
0	0	0	0	0	0	1.1852282374953e-08
0	0	0	0	0	0	6.75202502595493e-12
0	0	0	0	0	0	3.12138103346542e-10
0	0	0	0	0	0	4.5480591599514e-09
0	0	0	0	0	0	5.40210109482395e-07
0	0	0	0	0	0	7.72066101863312e-11
0	0	0	0	0	0	3.24069944129225e-08
0	0	0	0	0	0	2.97725421349641e-08
0	0	0	0	0	0	1.13186153772575e-16
0	0	0	0	0	0	2.64242224280445e-11
0	0	0	0	0	0	1.47092416021191e-10
0	0	0	0	0	0	1.3987553543444e-08
0	0	0	0	0	0	4.60218510209679e-07
0	0	0	0	0	0	1.90481698275159e-11
0	0	0	0	0	0	4.16372195453874e-08
0	0	0	0	0	0	9.40733759454477e-12
0	0	0	0	0	0	2.87739346648064e-07
0	0	0	0	0	0	2.38978351720744e-12
0	0	0	0	0	0	1.07501890979421e-06
0	0	0	0	0	0	1.23138264309538e-09
0	0	0	0	0	0	2.81091859041733e-15
0	0	0	0	0	0	2.58356240849617e-10
0	0	0	0	0	0	5.12111134673767e-12
0	0	0	0	0	0	2.23242851898496e-06
0	0	0	0	0	0	4.32856495453145e-13
0	0	0	0	0	0	2.6293903266827e-11
0	0	0	0	0	0	1.07807443812578e-09
0	0	0	0	0	0	4.61490913303287e-11
0	0	0	0	0	0	7.04053769423096e-11
0	0	0	0	0	0	2.08813780241434e-07
0	0	0	0	0	0	1.40375279870589e-17
0	0	0	0	0	0	1.39139196845466e-06
0	0	0	0	0	0	4.67372220709706e-11
0	0	0	0	0	0	1.20548512934623e-10
0	0	0	0	0	0	6.73180727095682e-12
0	0	0	0	0	0	1.53407365337579e-08
0	0	0	0	0	0	6.41561153319781e-12
0	0	0	0	0	0	1.74809431267717e-10
0	0	0	0	0	0	3.60495115376362e-11
0	0	0	0	0	0	2.30334085232554e-10
0	0	0	0	0	0	4.76582818623233e-09
0	0	0	0	0	0	3.76516236351396e-07
0	0	0	0	0	0	7.73363010661685e-15
0	0	0	0	0	0	4.45675997229042e-07
0	0	0	0	0	0	1.16727303338737e-10
0	0	0	0	0	0	4.19697528086554e-09
0	0	0	0	0	0	2.75321379492236e-06
0	0	0	0	0	0	1.68274323935967e-08
