FMP	RMP	FPP	UPP	ANPP	NPP	ANCOVA
0.0189	0.0169	0.0191	0.0816	0.0493	0.047	0.334496524911346
0	0	0	0	0	0	3.05264492994598e-05
0	0	0	0	0	0	0.000120180971919961
4e-04	5e-04	2e-04	0.0041	0.0018	0.0021	0.0429326334342442
0	0	0	3e-04	3e-04	0	0.0029346171131368
2e-04	8e-04	0.0014	0.0042	0.002	0.0021	0.0516893880086621
0	0	0	0	0	0	1.51416652172241e-05
0	2e-04	5e-04	3e-04	4e-04	8e-04	0.0137068165009193
2e-04	0.0011	9e-04	0.0018	0.0016	8e-04	0.0295486151122922
0	0	0	0	0	0	0.00109148727263418
0	0	1e-04	0	1e-04	0	0.00218615197826581
0	0	0	0	1e-04	0	0.000348572676121842
0.0216	0.0237	0.0127	0.0712	0.0422	0.0411	0.295478208959505
2e-04	0	0	8e-04	5e-04	5e-04	0.0115276558889898
0	0	0	0	0	1e-04	0.000282516496884007
0.0081	0.0067	0.0081	0.0407	0.0192	0.0206	0.267001993366591
1e-04	0	4e-04	6e-04	3e-04	3e-04	0.00983775345089037
1e-04	0	2e-04	0.0026	0.0012	0.0013	0.0270497035451177
0	0	0	1e-04	5e-04	4e-04	0.0110760491049498
0	0	2e-04	1e-04	0	5e-04	0.00486885613281374
0	0	0	0	1e-04	0	0.000542417450359961
1e-04	3e-04	0	2e-04	4e-04	6e-04	0.00908903337197912
0	0	0	6e-04	2e-04	0	0.00542798906734796
0	0	3e-04	0	3e-04	0	0.000596762861443189
1e-04	0	4e-04	6e-04	0.0012	0.0012	0.0234701785767519
3e-04	1e-04	0.0011	0.002	0.0019	0.0029	0.0390034200674027
0	2e-04	0	4e-04	2e-04	1e-04	0.00376967412976855
0.0014	3e-04	8e-04	0.0051	0.003	0.0022	0.0528374302994396
0	0	0	0	0	0	6.45480402904193e-05
1e-04	0	9e-04	5e-04	3e-04	2e-04	0.0154916003814501
0	1e-04	0	3e-04	0	1e-04	0.00223507098406353
0	0	0	0	0	0	0.00245373137290405
1e-04	5e-04	6e-04	0.0031	0.0024	0.0018	0.0414462496505947
0	0	0	0	0	0	0.000203524600158112
5e-04	5e-04	5e-04	0.0032	0.0019	0.0025	0.0369764940630897
2e-04	5e-04	1e-04	0.0012	9e-04	0.0013	0.0287978041537048
0.0014	5e-04	0.0026	0.0073	0.0038	0.0046	0.0933054364689772
0.0012	0.0011	0.0021	0.0133	0.0051	0.0049	0.12725433277508
0	0	0	9e-04	4e-04	7e-04	0.00854396485892497
0	0	1e-04	3e-04	0	1e-04	0.00387895566870362
1e-04	0	2e-04	7e-04	4e-04	8e-04	0.00910614760231615
0	1e-04	5e-04	0.0021	0.0016	0.001	0.0341551835158288
0	0	0	0	0	0	1.94915768028222e-06
0	1e-04	0	3e-04	4e-04	1e-04	0.00296387946051087
1e-04	0	0	1e-04	0	0	0.000925123796873626
0	0	0	0	1e-04	0	0.000795382745222627
0	1e-04	0	0.0021	0.0011	0.0012	0.0275741422192942
1e-04	2e-04	4e-04	0.0011	0.0018	5e-04	0.0243307206455223
0	0	4e-04	0.0014	6e-04	7e-04	0.00906070026498198
1e-04	2e-04	1e-04	7e-04	4e-04	7e-04	0.0123855889719729
0	0	0	0	0	0	0.000246166660229492
3e-04	4e-04	0.0011	0.0046	0.0028	0.0028	0.0544260319641148
0	0	0	0	0	0	0.000478194657081259
0.0025	0.0032	0.0026	0.0193	0.0093	0.0086	0.160458239348969
0.0014	4e-04	0.0017	0.0062	0.0042	0.0037	0.071283515010525
0	0	0	0	0	1e-04	0.000394991686492467
0	0	0	0	0	0	0.000113165381593294
0	0	0	1e-04	2e-04	1e-04	0.0013180778076564
0	0	0	5e-04	1e-04	0	0.00424104502809991
0	0	1e-04	6e-04	1e-04	4e-04	0.00623914627320482
0	0	0	1e-04	2e-04	0	0.00328998859956504
0	0	1e-04	4e-04	0	0	0.00324017263509406
0	0	0	2e-04	2e-04	0	0.00327786743494681
0	0	0	3e-04	0	0	0.00425679495048912
1e-04	0	0	9e-04	6e-04	1e-04	0.00790150524065635
0	0	0	3e-04	0	1e-04	0.00460719766923456
2e-04	0	1e-04	0	1e-04	0	0.00806432796404647
0.0057	0.0063	0.0032	0.0243	0.0115	0.0122	0.154043045082256
0	0	0	0	0	0	0.000204937087224151
0	0	0	3e-04	0	0	0.00224796527764248
5e-04	2e-04	6e-04	0.0029	0.001	0.0022	0.0388264832215131
0	0	0	0.0011	5e-04	2e-04	0.00734757903080983
0.0019	0.002	0.0045	0.0171	0.0114	0.0128	0.17068214175636
0	2e-04	0	4e-04	2e-04	2e-04	0.00157751751928589
0	6e-04	0.0011	0.0017	7e-04	0.0016	0.0284370774112692
0	0	0	0	0	2e-04	0.000529963685857231
1e-04	2e-04	5e-04	0.0017	3e-04	0.0017	0.0217143381093744
2e-04	0	0	1e-04	0	1e-04	0.00182310723288076
0	0	0	0	2e-04	0	0.00161528643263076
0	0	0	1e-04	2e-04	4e-04	0.00252064202618857
0	0	0	2e-04	0	0	0.00356218026449244
3e-04	0	2e-04	8e-04	0.0011	6e-04	0.0127224473335892
0.0034	8e-04	0.0042	0.0164	0.0083	0.0113	0.176290952754247
0	0	0	2e-04	0	0	0.000118721694615272
0	0	0	0	0	0	1.8665673348244e-05
0	0	0	0	0	0	8.54830937262894e-07
0	0	0	2e-04	0	1e-04	0.00470926881845908
0	0	0	0	0	0	0.00106214264779624
0	0	1e-04	1e-04	0	1e-04	0.00137586128607219
0.0071	0.0079	0.0107	0.0496	0.0301	0.0263	0.290683742683593
0	0	0	1e-04	7e-04	2e-04	0.00691430390813858
0.0022	0.0036	0.0071	0.0167	0.0097	0.0075	0.161123197495185
1e-04	0	2e-04	4e-04	5e-04	2e-04	0.00942117609638845
0	0	0	0	3e-04	6e-04	0.00434975330763289
0	0	0	0	0	0	0.000575732443341396
3e-04	0	6e-04	0.0021	6e-04	0.0021	0.0227696514323621
0.0015	0.0014	0.0014	0.007	0.003	0.0029	0.0753565998187616
0	0	0	0	4e-04	0	0.00457002466552773
6e-04	5e-04	4e-04	0.0026	7e-04	0.0014	0.0151757115152379
1e-04	3e-04	0	0.0011	3e-04	3e-04	0.0101248347663147
0	0	0	0	0	0	0.000535723089866369
0	0	1e-04	2e-04	3e-04	1e-04	0.00322014589242598
0	1e-04	0	0	0	0	0.000872765476319941
7e-04	0.001	6e-04	0.0046	0.0023	0.0029	0.0447140487643796
0	0	0	4e-04	0	6e-04	0.00534314978754901
0	0	0	0	1e-04	0	0.000714606420607671
0	0	0	0	0	0	6.33462141353309e-05
0	0	1e-04	1e-04	3e-04	0	0.00542761041872199
4e-04	1e-04	1e-04	0.001	0.001	4e-04	0.00787845894167575
0	0	0	9e-04	1e-04	9e-04	0.00980744510539048
0	0	0	7e-04	0	0	0.00519253805348199
0.0559	0.0618	0.0544	0.207	0.1296	0.1369	0.621321758549859
1e-04	3e-04	1e-04	0	9e-04	2e-04	0.0108112902937642
0.0014	0.0015	0.0019	0.0121	0.0073	0.007	0.12552399851543
0.002	0.0014	0	0.0026	8e-04	0.0013	0.00814769140365209
0	0	0	0	2e-04	0	0.000413681349027005
0.0092	0.01	0.0122	0.0598	0.0341	0.0332	0.351596372099615
0	0	0	0	3e-04	0	0.00111023150994576
4e-04	0.001	0.0013	0.0069	0.0041	0.0044	0.0770765198838408
0	0	0	7e-04	0	3e-04	0.00677162280932895
0	1e-04	0	3e-04	0	0	0.00157503432771644
0	0	0	0	0	0	1.24766020881469e-05
8e-04	8e-04	7e-04	0.0039	0.0031	0.0022	0.0435883751039788
0	1e-04	1e-04	6e-04	5e-04	5e-04	0.00623250671073656
0	0	0	7e-04	2e-04	0	0.0050880246266668
0	0	3e-04	8e-04	3e-04	4e-04	0.0132596151388545
7e-04	0.0016	0.0029	0.006	0.0054	0.0061	0.0760663979152496
1e-04	4e-04	5e-04	0.0026	0.0019	0.0015	0.0300872400541656
0.0029	0.0027	0.0016	0.0097	0.0043	0.004	0.0469417180062455
0	0	0	4e-04	5e-04	6e-04	0.00461368572839112
0	3e-04	0	7e-04	6e-04	3e-04	0.00504746807673396
7e-04	9e-04	0.0014	0.005	0.0019	0.0013	0.0340163531687402
0.0013	0.002	0.0036	0.0123	0.0057	0.0087	0.130171268748421
0.0047	0.0062	0.0046	0.0196	0.0118	0.0123	0.117364526235818
0	0	0	1e-04	0	0	0.000527524887222833
0.0016	0.0029	0.004	0.0134	0.0074	0.0072	0.101391598533097
2e-04	0	7e-04	0.0025	7e-04	3e-04	0.0192948269720142
0	0	0	3e-04	2e-04	1e-04	0.00714049788470508
0	0	1e-04	3e-04	0	0	0.00153059628910249
0	0	0	3e-04	0	0	0.00292443830558045
0	0	3e-04	4e-04	0	2e-04	0.00468705646375632
0	0	0	0	0	0	0.000256092348136192
4e-04	1e-04	1e-04	0.0022	0.0014	0.0012	0.0226618598029832
0	0	2e-04	2e-04	3e-04	1e-04	0.00311664941802996
0.0042	0.0064	0.0134	0.0402	0.0268	0.023	0.241097284287319
0	0	0	2e-04	1e-04	1e-04	0.00328225616300352
0	0	0	0	0	0	0.000107717753024145
0.0014	0.0017	0.0012	0.0068	0.004	0.0039	0.0658885081841124
0	1e-04	6e-04	6e-04	7e-04	5e-04	0.014733361574838
0.0016	0.0044	0.0045	0.0199	0.0117	0.0128	0.146091389928248
6e-04	5e-04	0.0018	0.0055	0.0036	0.0038	0.0811110298366479
0	0	0	1e-04	0	1e-04	0.000810529518105633
0	4e-04	0	1e-04	0	0	0.00189652888533976
0.0077	0.0063	0.0063	0.0281	0.0166	0.0214	0.166834515848869
0.002	0.0024	0.0052	0.0201	0.0076	0.0086	0.154251830683998
0	0	0	1e-04	0	2e-04	0.00106110237708665
0	0	0	0	0	0	1.97675686161291e-06
0	0	2e-04	0	1e-04	1e-04	0.00320485027239618
1e-04	1e-04	1e-04	3e-04	3e-04	3e-04	0.00709921881190647
0	1e-04	2e-04	7e-04	8e-04	0.001	0.0232456758902378
1e-04	0	0	6e-04	4e-04	4e-04	0.00984745629482288
0.0011	0.0012	0.002	0.0073	0.0068	0.006	0.0614963425813156
2e-04	1e-04	0	4e-04	1e-04	1e-04	0.0042296490403699
0	0	0	1e-04	0	0	0.00188572579535935
0	0	0	3e-04	1e-04	1e-04	0.00288245334129933
1e-04	0	1e-04	3e-04	4e-04	0	0.00368395149033355
0	0	0	1e-04	0	0	0.000958378930359281
0	0	2e-04	2e-04	0	0	0.00120169054534302
0.0075	0.0051	0.0089	0.0423	0.0262	0.0223	0.276238960984036
0.002	0.0021	0.003	0.0133	0.0084	0.0091	0.147807772648154
0	0	0	2e-04	0	0	0.000373547782532158
0	0	0	5e-04	3e-04	1e-04	0.0063845128604544
7e-04	4e-04	5e-04	0.0039	0.0029	0.0016	0.0236068218713811
0	0	0	0	0	0	0.000782063102680959
0	0	0	8e-04	9e-04	5e-04	0.0100776273634325
0	6e-04	0	5e-04	0.0012	2e-04	0.0066176542044498
0	0	0	0	0	0	0.000228442564275527
0	1e-04	2e-04	7e-04	0	1e-04	0.00872345217355278
0	0	0	0	0	0	1.43416324070701e-05
5e-04	5e-04	9e-04	0.003	0.0018	0.0024	0.0464252526442615
0	0	0	0	0	0	0.000807107138472599
1e-04	0	1e-04	5e-04	2e-04	7e-04	0.00746532565198365
1e-04	6e-04	0.0013	0.0036	0.0019	0.003	0.0532127672727282
6e-04	3e-04	8e-04	0.0042	0.0029	0.0029	0.0365029944037492
0	0	1e-04	0	2e-04	1e-04	0.00300719911129903
0	2e-04	1e-04	3e-04	5e-04	9e-04	0.00821442369935875
0.0017	0.002	0.0035	0.0151	0.0078	0.0094	0.146230642792643
0	0	0	0	0	0	1.44558079585725e-05
1e-04	7e-04	2e-04	0.0025	0.0012	9e-04	0.0235889521820031
2e-04	0	3e-04	7e-04	1e-04	0	0.00423732636458324
0	0	0	0	0	0	7.61697655675857e-05
6e-04	4e-04	9e-04	0.0046	0.0029	0.0033	0.075969269200161
0	0	0	0	0	3e-04	0.000617548051173667
0	0	0	0	0	0	6.97739487360931e-05
0	0	0	0	0	0	0.000397888316060201
0	0	0	0	0	1e-04	0.00263512214178274
0.0014	5e-04	0.0034	0.0106	0.0072	0.0049	0.0988801795217704
4e-04	1e-04	6e-04	0.0013	7e-04	0.0016	0.0155311041601536
0	0	0	2e-04	0	0	0.000654032065762586
0	0	0	1e-04	0	0	0.00041502308629578
0	0	0	1e-04	2e-04	0	0.00446144944830373
0	0	5e-04	4e-04	1e-04	0	0.00969123322035825
4e-04	6e-04	0.0025	0.0062	0.0048	0.0031	0.08366536058597
0	0	0	0	1e-04	0	0.00202854733327541
0.0018	8e-04	0.0034	0.0094	0.0065	0.0061	0.116591331961277
5e-04	0	1e-04	0.0015	4e-04	2e-04	0.0189615597355688
3e-04	2e-04	3e-04	0.0016	8e-04	0.0011	0.0255288794506591
0	0	0	0	0	2e-04	0.00342776869106006
6e-04	7e-04	0.0012	0.0086	0.0048	0.0037	0.0768597758293649
0	0	0	0	0	0	0.000560353291078362
0	0	0	0	0	0	9.16552942832257e-07
0	0	0	1e-04	0	0	0.000161677899016604
0.0015	0.0017	0.0013	0.0078	0.0035	0.003	0.0661765490691369
0	0	2e-04	9e-04	4e-04	1e-04	0.00859373365536546
0	1e-04	0	3e-04	1e-04	3e-04	0.00321473444012736
0	1e-04	0	1e-04	0	1e-04	0.000664612897194779
0.0075	0.0037	0.0021	0.022	0.0098	0.0107	0.0903505362403841
5e-04	0.0015	0.0012	0.0093	0.0046	0.004	0.0689524062357144
0	0	0	0	0	0	6.739116775678e-05
0	0	0	0	0	0	9.57227059826785e-05
0	0	0	0	0	1e-04	0.00135753199473637
0	0	0	2e-04	0	1e-04	0.000277152765260458
0	0	1e-04	1e-04	1e-04	0	0.00169456209936427
0	0	0	0	0	0	0.000282472001040156
0.0082	0.0051	9e-04	0.0175	0.0108	0.0092	0.0865304119505858
0	0	1e-04	6e-04	2e-04	1e-04	0.0105761311932267
0	1e-04	0	4e-04	0	1e-04	0.00288965136242145
0.0022	0.0036	0.0046	0.02	0.0134	0.0117	0.18609002752428
0	0	1e-04	6e-04	3e-04	0	0.00827735557844827
0	0	0	0	0	1e-04	0.00123183491641016
3e-04	5e-04	3e-04	0.0012	2e-04	3e-04	0.0137631946539827
0	0	1e-04	0	0	1e-04	0.0069995573797011
0.006	0.0066	0.0094	0.0365	0.0202	0.0185	0.296090523637141
1e-04	0	1e-04	0	0	1e-04	0.000743476033839453
5e-04	5e-04	0.0018	0.0047	0.0023	0.0026	0.0563968693171733
0.0056	0.0064	0.0068	0.0311	0.015	0.0145	0.187940561881831
0	2e-04	3e-04	0.0013	5e-04	8e-04	0.0136118893844266
0	0	0	1e-04	0	0	0.000717394477149221
0	3e-04	5e-04	7e-04	7e-04	0.0017	0.017532022942366
0.0014	0.0016	0.0014	0.0056	0.0042	0.0028	0.0434545373724252
4e-04	0.0013	0.0031	0.0115	0.0071	0.0076	0.121281234869737
0	3e-04	1e-04	4e-04	4e-04	5e-04	0.00891449735274814
0	0	2e-04	0.0011	1e-04	0.0015	0.00950878859005232
6e-04	0	2e-04	8e-04	3e-04	3e-04	0.0127763215722967
1e-04	1e-04	0	1e-04	2e-04	3e-04	0.00285026224507376
0	0	0	0	0	0	0.000692229677170575
0	0	1e-04	1e-04	1e-04	3e-04	0.00854008037470278
3e-04	5e-04	7e-04	0.0017	9e-04	0.0018	0.0281777492927017
0.0029	0.0018	0.0051	0.0168	0.01	0.0111	0.139275991719517
3e-04	3e-04	2e-04	9e-04	1e-04	3e-04	0.0198084254033955
0	0	1e-04	0	1e-04	0	0.00288439717593956
0	0	0	0	0	0	0.000350547560848707
0	0	0	0	1e-04	0	0.000161731662736837
0.0045	0.0028	0.0073	0.0359	0.0183	0.0187	0.265353904121778
1e-04	0	1e-04	1e-04	2e-04	0	0.00180828095495897
0	0	0	0	0	0	0.00190086386671831
0.001	6e-04	8e-04	0.0056	0.0036	0.0023	0.0511214271080146
2e-04	4e-04	1e-04	0.0021	7e-04	7e-04	0.0050199462367792
0	0	0	0	0	0	3.47519810305598e-05
2e-04	2e-04	4e-04	8e-04	8e-04	4e-04	0.0205983883834838
6e-04	0	6e-04	0.0038	0.0027	0.0018	0.0427704857762979
0	0	0	2e-04	4e-04	1e-04	0.00777799518090363
4e-04	4e-04	0.0027	0.006	0.0035	0.0049	0.0588276800574528
7e-04	6e-04	2e-04	0.0026	0.0018	0.0015	0.0311936459301732
2e-04	1e-04	6e-04	0.004	0.0032	0.0025	0.0461180246042482
0	0	0	0	0	0	0.00011899934368782
1e-04	2e-04	0	0.0011	5e-04	4e-04	0.00720976192423988
0	0	0	0	0	0	3.47364985969922e-05
0	1e-04	4e-04	0.0028	7e-04	0.0033	0.0287913894642265
7e-04	3e-04	5e-04	0.0024	0.0014	6e-04	0.0294057480159405
0	0	0	0	0	0	0.000467229694863874
0	0	0	0	0	0	0.000215259280010938
5e-04	2e-04	3e-04	0.003	0.0012	9e-04	0.033865722348
0	0	4e-04	6e-04	1e-04	1e-04	0.0117546832289819
0.0073	0.0084	8e-04	0.008	0.0035	0.0048	0.0254246681408966
5e-04	0.001	0.0017	0.0029	0.0027	0.0027	0.0641532961963458
0	0	2e-04	5e-04	0	8e-04	0.0102220486871633
0.0036	0.0021	0.0044	0.0218	0.0097	0.0141	0.155370050950068
0	0	0	0	1e-04	0	0.00502881976450337
0	0	9e-04	7e-04	8e-04	5e-04	0.0146230493123352
0	0	0	0	1e-04	0	0.000948665660179981
0.0011	0.0015	6e-04	0.0049	0.0036	0.0025	0.0533154466325088
0.0037	0.0034	0.003	0.0201	0.0123	0.0082	0.167731339392157
0	0	1e-04	2e-04	0	0	0.00224706482853131
0	1e-04	5e-04	1e-04	1e-04	2e-04	0.0089999647914111
0	0	0	0	0	0	0.000463498900666542
0	0	0	0	0	0	0.000341414810035245
4e-04	2e-04	5e-04	0.0026	6e-04	0.0022	0.0246133087682142
0	0	0	0	0	0	0.000119424893146577
1e-04	1e-04	0	2e-04	0	0	0.00114642804210575
0	0	0	0	0	0	0.000132697564793818
0.0012	0.0013	0.0011	0.0064	0.0038	0.0032	0.0641688521455317
1e-04	0	2e-04	5e-04	0	3e-04	0.00845015072786598
0	0	0	0	1e-04	0	0.00135391222752723
3e-04	0	0	3e-04	6e-04	4e-04	0.00353254264660924
0	0	0	4e-04	2e-04	0	0.00659129133253277
1e-04	0	0	0	1e-04	0	0.000823842335206975
0	0	1e-04	4e-04	1e-04	1e-04	0.0059309317452645
0	0	3e-04	3e-04	0	3e-04	0.0088304292615267
0	0	0	0	2e-04	0	0.00102113072321849
3e-04	0	8e-04	0.0024	0.0013	0.0013	0.0352550219226304
0.0016	0.0019	0.0026	0.0165	0.0073	0.009	0.138453772704037
0	1e-04	0	0	0	0	0.000499361831949818
2e-04	2e-04	3e-04	0.0015	0.0011	6e-04	0.0225990318093635
0	0	0	0	0	0	0.000192029182749264
0.008	0.0067	0.011	0.0484	0.027	0.0266	0.291262786953685
1e-04	0	0	0	2e-04	3e-04	0.00565865411461015
0	5e-04	0	0.0017	9e-04	0.0016	0.0154071383214097
2e-04	0	4e-04	0.002	0.0012	0.0018	0.0410525804668782
0	0	0	0	0	1e-04	0.00101289588157801
7e-04	0	0.0011	0.0055	0.0027	0.0026	0.0535286261473702
0	0	0	0	1e-04	0	0.000345320915443534
0	2e-04	0	0	0	1e-04	0.00040071064012829
0	1e-04	2e-04	6e-04	9e-04	5e-04	0.0131867585168423
0	0	0	0	0	0	0.000169362208906092
0.001	7e-04	0.0018	0.0064	0.0027	0.0056	0.102915348359832
8e-04	0.0031	0.0045	0.0141	0.007	0.0107	0.112355606496686
0.0013	0.0015	0.0029	0.0121	0.0067	0.0066	0.0976721321684064
1e-04	0	2e-04	6e-04	4e-04	6e-04	0.0133523115921669
0	0	0	0	0	0	1.4018138958005e-05
0	1e-04	1e-04	2e-04	5e-04	1e-04	0.0083636006339432
0	0	1e-04	1e-04	2e-04	0	0.00563954761883987
0.0013	0.0017	0.0011	0.0073	0.0046	0.0038	0.0646232606199178
1e-04	5e-04	7e-04	0.0013	3e-04	9e-04	0.0310784672306191
0	0	0	2e-04	0	4e-04	0.00536287584828767
1e-04	1e-04	8e-04	0.0036	0.0018	0.0026	0.0317383906995575
0	0	0	0	0	0	0.000155400384627901
2e-04	1e-04	2e-04	0.0016	4e-04	8e-04	0.0274785523382405
0	0	0	3e-04	0	0	0.00153734749922534
0	0	0	0	0	0	5.47580322931769e-05
1e-04	0	3e-04	0.0022	5e-04	4e-04	0.0154636922269813
5e-04	8e-04	0.0019	0.0101	0.009	0.0055	0.101450997583132
0	1e-04	0	4e-04	0	1e-04	0.00515112281609176
0	1e-04	2e-04	0.001	3e-04	7e-04	0.0219003530401775
0	1e-04	0	0	0	0	0.00147432094228862
3e-04	1e-04	2e-04	8e-04	1e-04	7e-04	0.00934704068360316
0	0	0	0	0	0	5.78472902998323e-06
0	1e-04	0	1e-04	0	0	0.0014823564493235
0.004	0.0024	0.006	0.0285	0.0123	0.0175	0.206910701385885
0	0	1e-04	1e-04	0	2e-04	0.00173614580820007
3e-04	5e-04	4e-04	4e-04	4e-04	2e-04	0.00985047366824454
0	0	0	0	0	0	9.16428181478361e-05
1e-04	0	0	3e-04	0	1e-04	0.00119960604424856
0	2e-04	2e-04	5e-04	4e-04	1e-04	0.00463306935159735
0	0	1e-04	0	5e-04	1e-04	0.00593122265596163
6e-04	3e-04	6e-04	0.005	0.0027	0.0023	0.0470112734559527
0	0	4e-04	0.0013	0.002	3e-04	0.0198265594447117
0	0	1e-04	0	0	0	0.000723714793721088
0	0	0	0	0	0	3.07076978424188e-06
0	0	1e-04	2e-04	3e-04	0	0.00867744167546691
0	0	0	0	0	0	0.000869102088507512
0	0	0	1e-04	0	3e-04	0.00280530046652559
1e-04	5e-04	0.0023	0.0068	0.0032	0.0037	0.0546806618507437
0	0	0	3e-04	2e-04	2e-04	0.0043173759143846
0	0	2e-04	5e-04	1e-04	4e-04	0.0157853234690147
3e-04	4e-04	0	7e-04	0	6e-04	0.00919916879099606
0.0036	0.0031	0.002	0.0121	0.0068	0.0059	0.0810984117973558
5e-04	0	0	6e-04	0	0.001	0.0059850247053737
0	0	0	0	0	0	0.0015821799207973
0	0	0	2e-04	0	0	0.00135411888508426
1e-04	4e-04	0.0011	0.0058	0.0018	0.0018	0.0452811315225598
0.0064	0.006	0.0039	0.0211	0.0144	0.0128	0.127756146015497
0	0	0	1e-04	0	0	0.000430928124572838
0.0024	0.0022	7e-04	0.0077	0.0031	0.0029	0.0452805263966896
0	0	1e-04	0.0012	5e-04	1e-04	0.0231451000186823
0	0	0	0	0	0	0.000367947263341984
0	0	0	7e-04	0	0	0.00567894033962783
3e-04	3e-04	4e-04	0.003	0.0015	0.001	0.0266219046612777
0	1e-04	1e-04	6e-04	1e-04	1e-04	0.00671847301863099
7e-04	0.0014	0.0022	0.0094	0.0046	0.0061	0.102835902705887
0	1e-04	4e-04	0.0023	0.001	0.001	0.0244750281077274
0	0	2e-04	4e-04	2e-04	5e-04	0.00929586717958912
0	3e-04	6e-04	0.0013	0.0016	0.0012	0.0326808777461898
0	4e-04	8e-04	0.0012	0.0017	0.0015	0.030642100678521
0.2402	0.2457	0.1028	0.4381	0.2853	0.2764	0.8006400805825
0	0	0	1e-04	0	0	0.00107726223027869
0	0	0	0	0	0	0.000300932239761261
0	0	0.001	0.0026	0.0019	0.0012	0.0338835665898421
1e-04	0	2e-04	2e-04	1e-04	3e-04	0.00479874070416342
0	0	0	0	1e-04	0	0.00140928624000995
0	0	0	0	0	0	2.84042115510332e-05
3e-04	0	2e-04	0.001	3e-04	5e-04	0.00929923448651649
0	0	2e-04	1e-04	0	1e-04	0.00557054704361216
0.016	0.0144	0.012	0.0732	0.032	0.0364	0.364220899707028
0	0	1e-04	0	1e-04	1e-04	0.00294858888673305
0	0	0	0	0	0	9.2785550597453e-05
4e-04	1e-04	4e-04	3e-04	0	1e-04	0.0073193026057085
3e-04	2e-04	8e-04	0.0069	0.003	0.0034	0.0728500640613888
3e-04	5e-04	0.0012	0.0036	0.0019	0.0024	0.0516577881132996
0	1e-04	0	0	2e-04	1e-04	0.00396701112334384
0	1e-04	0	2e-04	7e-04	5e-04	0.0115542111732143
0	0	1e-04	1e-04	0	0	0.00221886177137658
5e-04	7e-04	6e-04	0.0035	8e-04	0.0013	0.0392840241070939
1e-04	0	0	2e-04	4e-04	4e-04	0.0103571059771191
2e-04	3e-04	3e-04	8e-04	0.001	0.0016	0.0141559233463736
1e-04	0	3e-04	7e-04	4e-04	8e-04	0.0106044023982498
0	0	0	0	0	0	0.000233370390092222
0	2e-04	2e-04	0.0014	4e-04	0.0018	0.0198490505844055
9e-04	8e-04	0.0028	0.0106	0.005	0.0066	0.0881195398392574
4e-04	9e-04	0.001	0.0041	0.0037	0.004	0.0721723059449926
2e-04	1e-04	7e-04	0.002	5e-04	7e-04	0.0247409268479866
0.0252	0.0256	0.013	0.073	0.0354	0.0377	0.277288220722436
0	0	3e-04	5e-04	5e-04	6e-04	0.0136995714762921
0	0	0	0	0	0	0.000172305429209278
9e-04	4e-04	9e-04	0.0027	9e-04	0.0015	0.0220387974541697
0	0	0	0	0	0	4.96771179676692e-07
1e-04	2e-04	5e-04	0.0019	0.0015	0.0021	0.0325174026426115
5e-04	4e-04	0.0015	0.0056	0.0039	0.0025	0.0652171746772216
0	0	0	0	0	0	1.07433295016754e-05
0	0	0	0	0	0	0.000235469195760032
1e-04	0	3e-04	2e-04	4e-04	5e-04	0.00797067176877761
0	0	0	0	0	2e-04	0.000618609801590559
0.0016	0.0012	0.0014	0.0138	0.0051	0.0064	0.0759579435947205
0	0	0	0	0	0	0.0012807270448943
7e-04	0.001	6e-04	0.0066	0.0022	0.0033	0.0561459602077379
1e-04	2e-04	4e-04	9e-04	3e-04	0	0.01051915902934
0.0089	0.0075	0.0018	0.0255	0.0118	0.0142	0.113185499496205
0.003	0.0049	0.0021	0.01	0.0051	0.0053	0.0522806657884041
1e-04	1e-04	6e-04	0.0033	0.0023	0.0018	0.0425810745498079
0	0	0	0	0	0	0.00083732967849166
0	2e-04	1e-04	0.0019	5e-04	0.0011	0.0185900640895551
0	0	1e-04	2e-04	1e-04	0	0.00315706128653213
0	0	0	0	0	1e-04	0.00122759757553623
4e-04	2e-04	1e-04	0.0011	3e-04	0.001	0.0102504136171786
0	0	0	0	0	0	0.000202727370651677
9e-04	0	0.0013	0.0039	0.0036	0.0035	0.072975122999616
1e-04	0	7e-04	0.0013	0.0011	0.0012	0.0202850616443557
0	0	0	0	0	0	0.000132347340134315
0.001	9e-04	0.0021	0.0061	0.0038	0.003	0.0870409151723898
0.0153	0.0119	0.0257	0.1018	0.0552	0.0603	0.429399341519078
7e-04	9e-04	0.0051	0.0191	0.0111	0.0074	0.165709976457415
0	0	0	0	0	0	2.05740311462026e-05
0	1e-04	0	0	1e-04	0	0.00179956127865443
0	0	2e-04	1e-04	1e-04	0	0.00127571377423112
0	0	0	0	0	2e-04	0.000640081809022872
0	0	0	0	1e-04	0	0.000762243584926408
0	2e-04	4e-04	8e-04	0.001	4e-04	0.0155375595378973
1e-04	0	0	2e-04	1e-04	2e-04	0.00402233448433485
0	0	0	0	0	0	0.00220002698658304
0	0	1e-04	3e-04	1e-04	3e-04	0.00396817540054538
0	0	1e-04	5e-04	0	3e-04	0.00239004603533903
0.0098	0.0164	0.0106	0.0574	0.0326	0.036	0.33986730621703
0	0	0	0	0	0	6.40161954886062e-05
0	0	0	1e-04	0	0	0.000969141555670858
0	0	0	0	0	0	0.000464210410382282
2e-04	0	1e-04	2e-04	1e-04	3e-04	0.0104610368640259
0.0012	0.0029	0.0022	0.0102	0.0058	0.0079	0.149345887824454
1e-04	0	0	1e-04	0	0	0.000944123516115158
0	0	0	0	0	0	5.52461038857077e-05
0.0022	0.0031	0.0025	0.0177	0.0092	0.0086	0.16471070116698
0	3e-04	1e-04	9e-04	1e-04	1e-04	0.0105521580923628
1e-04	3e-04	8e-04	0.0018	0.0015	0.001	0.0154578437406542
1e-04	0	3e-04	4e-04	1e-04	2e-04	0.0052263528378036
0	1e-04	2e-04	4e-04	2e-04	2e-04	0.0109311722167909
0	0	0	0	0	0	0.000225113391321552
6e-04	3e-04	3e-04	0.0031	0.0017	0.0015	0.0345624719494355
1e-04	0	0	0	3e-04	0	0.000709618094399831
0.0045	0.0048	0.0031	0.0221	0.0127	0.0111	0.131006949436695
0.0034	0.0028	0.0043	0.018	0.0105	0.011	0.100746600631871
2e-04	2e-04	0.0011	0.0028	0.0021	0.0016	0.0408755178123842
0	2e-04	0	5e-04	3e-04	5e-04	0.00867320850437502
1e-04	4e-04	3e-04	0.0026	0.0012	4e-04	0.0228868560521237
4e-04	0.001	8e-04	0.0028	0.0028	0.0016	0.0282910943492754
0.001	0.0024	0.0027	0.008	0.0043	0.0068	0.10001204915798
1e-04	1e-04	1e-04	9e-04	5e-04	6e-04	0.0162039069436458
0.0089	0.0123	0.0143	0.0494	0.0292	0.0326	0.229056565713381
1e-04	0	0	0	0	0	0.000428752510884936
0	1e-04	6e-04	0.001	8e-04	4e-04	0.0213687904679923
4e-04	0	2e-04	7e-04	2e-04	4e-04	0.00679247754919029
0	0	4e-04	8e-04	4e-04	1e-04	0.00660125216443589
1e-04	0	1e-04	7e-04	1e-04	7e-04	0.0102421782000291
0	0	0	1e-04	0	0	0.000806517181123784
0	2e-04	0	8e-04	1e-04	0	0.00905920055451663
1e-04	0	0	8e-04	4e-04	1e-04	0.00600473522369004
0	0	0	1e-04	2e-04	1e-04	0.00182536975801331
3e-04	0.0019	4e-04	0.0035	0.0012	8e-04	0.0336436311471917
0	0	4e-04	3e-04	6e-04	2e-04	0.00995854935715251
7e-04	0	2e-04	0.0022	0.0011	0.0014	0.0299731210556844
0	0	0	1e-04	0	0	0.000261427970108781
0.0011	8e-04	0.0019	0.0048	0.0019	0.0027	0.0515446055104171
8e-04	0.0025	8e-04	0.0084	0.003	0.0022	0.0622299793642517
0.0016	0.0017	3e-04	0.0042	0.0025	0.0029	0.036907394273634
0	0	0	1e-04	0	1e-04	0.00140762763885842
0.0067	0.0047	3e-04	0.0221	0.0078	0.0066	0.0875388351861619
5e-04	2e-04	0.001	0.002	0.0011	6e-04	0.0292084133462277
0	0	0	0	0	0	0.000230669588944282
0	0	0	5e-04	6e-04	1e-04	0.00566227500899263
0	0	0	0	0	0	0.000162052194039251
0	0	0	0	0	1e-04	2.17972464819938e-05
1e-04	0	5e-04	0.0016	0.0011	0.0017	0.0329995745879198
0	0	1e-04	0	0	0	0.000332856201306829
0	0	1e-04	3e-04	3e-04	8e-04	0.00985735831306407
0	0	0	2e-04	1e-04	0	0.00291295740334293
0	1e-04	1e-04	0	2e-04	0	0.00302710057496055
0	1e-04	1e-04	5e-04	2e-04	3e-04	0.0127248638510004
2e-04	1e-04	0	4e-04	4e-04	1e-04	0.00383691538978692
1e-04	0	0	0	0	0	0.000390536613734742
0.0016	9e-04	0.0038	0.0172	0.0061	0.0074	0.0942199209565048
0.016	0.0175	0.0165	0.0792	0.0412	0.0436	0.382518958504451
0.001	6e-04	6e-04	0.0051	0.0019	0.0011	0.0542996887516031
6e-04	6e-04	3e-04	0.0044	7e-04	0.0021	0.045109008366678
1e-04	1e-04	4e-04	6e-04	3e-04	4e-04	0.00942642624877768
2e-04	7e-04	2e-04	0.0014	2e-04	7e-04	0.0127844739617498
0	0	0	0	0	0	0.000251931472955557
0	0	1e-04	8e-04	3e-04	6e-04	0.00309390377218296
0	0	0	0	0	0	0.000728425468042612
9e-04	0.0011	7e-04	0.0026	0.0023	0.0011	0.0342646125334014
0.0143	0.0128	0.0173	0.0801	0.0451	0.0355	0.396889730219791
0	0	2e-04	0	1e-04	2e-04	0.00159490529300694
0	0	0	2e-04	1e-04	0	0.00139257691574649
0	0	0	0	0	0	0.00262818317753783
0	0	0	0	2e-04	0	0.000166375971255366
0	0	0	0	0	0	0.00121467425413726
0	0	0	0	1e-04	0	0.00111166142449822
0	2e-04	2e-04	0.0024	2e-04	2e-04	0.0106819366466886
0	0	2e-04	7e-04	2e-04	1e-04	0.0046550497202696
0	4e-04	0	6e-04	2e-04	8e-04	0.00920330159652656
0.0015	0.0013	0.0027	0.0089	0.0068	0.0073	0.136399172609906
1e-04	2e-04	2e-04	0	3e-04	3e-04	0.00563734922525487
0.0022	0.0027	0.0019	0.0135	0.0054	0.0054	0.0940836781190414
1e-04	1e-04	4e-04	9e-04	3e-04	2e-04	0.0143670649531854
4e-04	3e-04	2e-04	2e-04	2e-04	7e-04	0.0123416419689772
5e-04	0.0011	0.0018	0.0054	0.0031	0.0039	0.0746250891501078
0	0	0	0	0	0	4.96175248606509e-06
0	0	0	0	0	0	8.67268074294675e-07
0	0	1e-04	1e-04	0	1e-04	0.00102563121342709
0	0	0	0	0	0	0.000405573287235315
1e-04	1e-04	6e-04	9e-04	8e-04	7e-04	0.0144312247954092
3e-04	0	0	2e-04	0	1e-04	0.00392804589550011
0.001	3e-04	0.0017	0.0094	0.0051	0.0046	0.11287737976061
2e-04	1e-04	0	7e-04	2e-04	1e-04	0.00947177816641287
0.0259	0.019	0.0167	0.1054	0.0555	0.0536	0.503128415599147
0	0	1e-04	4e-04	9e-04	4e-04	0.00837987796369076
7e-04	9e-04	0.0024	0.0056	0.0061	0.0042	0.109108022844694
0	0	0	0.0014	4e-04	6e-04	0.017015687987569
0	0	0	1e-04	0	0	0.000303953932562014
0	0	0	0	0	0	0.000105054111257449
0	0	6e-04	9e-04	6e-04	2e-04	0.0103424897689746
2e-04	0	1e-04	0.0012	2e-04	7e-04	0.0201289586670167
0	0	0	4e-04	2e-04	0	0.00740888557821159
5e-04	0	0.0024	0.0042	0.002	0.0031	0.064493517963192
0.0092	0.0076	0.0057	0.0359	0.0201	0.0173	0.243400954070862
0	0	0	0	0	0	5.65927756562533e-05
0	0	0	0	0	1e-04	0.000590126036929434
1e-04	1e-04	2e-04	5e-04	0	5e-04	0.0121769870362591
0	0	0	0	0	0	0.000146413345783819
0	0	0	0	0	0	9.61402214159747e-05
0	0	0	0	0	0	4.23372061923651e-06
2e-04	2e-04	5e-04	0.0014	0.0019	0.001	0.0453997254684088
0	0	0	0	0	0	0.00060740136570281
0	1e-04	0	2e-04	0	0	0.0027241197272834
0	0	4e-04	0.001	4e-04	5e-04	0.00669842311831789
0	0	0	0	1e-04	0	0.000210238691512581
0	0	0	0	0	0	0.000289410877640275
0	0	0	0	0	0	3.8974903855832e-05
7e-04	5e-04	7e-04	0.0042	0.0035	0.0023	0.0597293752668126
0.0122	0.0212	0.0214	0.0943	0.055	0.0476	0.45247878057843
3e-04	4e-04	0	3e-04	2e-04	2e-04	0.00778924969349493
0	0	0	0	0	0	5.63624387673711e-06
0	1e-04	0	5e-04	4e-04	1e-04	0.00571411366932469
2e-04	1e-04	9e-04	0.0018	0.0019	0.0012	0.0280533936457261
0	0	0	1e-04	2e-04	3e-04	0.0038817851440463
0	0	0	0	0	0	0.00017068655506477
0.001	0.0012	0.0022	0.0098	0.0067	0.004	0.116198067808789
0	0	0	0	0	0	0.000104262252032514
0	0	0	4e-04	1e-04	1e-04	0.00705886056420764
0	0	0	3e-04	4e-04	1e-04	0.00531963624352166
3e-04	0	3e-04	2e-04	1e-04	0	0.00859050095014304
5e-04	3e-04	5e-04	0.0022	0.0012	0.0028	0.0385345422836563
0	0	0	0	0	0	7.24416154841922e-05
4e-04	1e-04	1e-04	0.002	8e-04	9e-04	0.0171175880438852
0.0055	0.0029	0.0033	0.0211	0.0113	0.0092	0.149222979922896
0	0	0	0	0	0	0.000369077285260872
0	0	0	0	0	0	6.8796944325978e-05
0	1e-04	0	1e-04	0	0	0.00288407719724193
0	0	0	4e-04	6e-04	3e-04	0.00295398535402916
0	0	0	0	0	0	0.00239668474586386
2e-04	3e-04	7e-04	0.0016	9e-04	0.0011	0.0275075374716219
0	0	1e-04	1e-04	0	2e-04	0.00268334717741734
2e-04	1e-04	5e-04	0.0019	0.0011	0.0016	0.0213605886790839
0	0	0	0	0	0	0.000166242554368826
0	0	0	0	0	0	0.000661668564260699
0	0	1e-04	1e-04	1e-04	0	0.0039633447302895
0	0	0	0	0	0	0.000897075450165469
0	0	0	1e-04	0	0	5.012253555667e-06
0.0012	0.0024	0.0021	0.0126	0.0052	0.0074	0.0863065917803664
0	0	0	0	0	0	0.000458009163375529
0.0371	0.0333	0.0093	0.0913	0.0483	0.0479	0.357967210105186
7e-04	4e-04	0.001	0.0054	0.0038	0.0021	0.0729096921363623
1e-04	0	0	0	0	0	0.000733241980493876
0	0	0	0	1e-04	0	0.000655042149737655
0	0	0	0	0	2e-04	0.00116211459350612
6e-04	3e-04	6e-04	0.0031	0.0024	0.0016	0.0236447584755837
8e-04	9e-04	0.0014	0.0078	0.0023	0.0029	0.0624054233454123
2e-04	1e-04	5e-04	0.0038	0.001	0.0019	0.0427556563930661
2e-04	0.0013	0.0026	0.0098	0.0032	0.0025	0.0689013860784334
0	0	0	2e-04	0	2e-04	0.00325769589833525
0	0	0	9e-04	2e-04	4e-04	0.0116961223966239
0	0	2e-04	0	2e-04	0	0.00352552104758224
0	0	3e-04	4e-04	1e-04	3e-04	0.00366985262741015
0	1e-04	3e-04	0.0013	7e-04	0.0012	0.0190800463611243
0.0017	0.0017	6e-04	0.0077	0.0034	0.0031	0.0345597426012128
2e-04	0	0	0	1e-04	1e-04	0.00534310765296265
0	0	0	7e-04	3e-04	0	0.00500826190300651
0	0	0	0	0	0	0.000194503911103204
0	3e-04	0	0.0011	3e-04	7e-04	0.00898565146786394
1e-04	4e-04	4e-04	0.0013	0.0017	7e-04	0.0271649773288962
0	0	0	1e-04	0	0	0.00265871412197943
5e-04	1e-04	3e-04	0.0013	0.001	0.0024	0.0343730150886715
0	0	0	0	0	0	7.42525236814817e-06
2e-04	1e-04	6e-04	0.0015	0.0012	9e-04	0.00706979862290301
0	0	0	0	0	0	0.000180424336620926
0.0021	8e-04	0.0013	0.0144	0.0039	0.0054	0.101973878091366
0	0	0	0	0	1e-04	0.000189128076222542
0	0	0	0	0	0	7.47196967379473e-05
0	3e-04	0	3e-04	2e-04	0	0.0036618365483045
0	1e-04	9e-04	0.0016	0.0011	9e-04	0.035436713307014
2e-04	2e-04	7e-04	0.0034	0.0014	0.0013	0.0316138434999265
1e-04	5e-04	4e-04	0.0033	5e-04	0.0019	0.0368180938218404
0.1329	0.1361	0.0746	0.3114	0.1903	0.1987	0.707839015610187
1e-04	4e-04	2e-04	0.0011	6e-04	7e-04	0.00814950880893466
0	0	1e-04	1e-04	0	1e-04	0.00178096736853782
1e-04	0	3e-04	7e-04	2e-04	6e-04	0.0164925478259633
8e-04	0	9e-04	0.0013	0.0011	4e-04	0.0206649784523525
0	0	0	0	0	0	2.92897453638125e-05
0.004	0.0034	0.0074	0.0285	0.0208	0.0171	0.201661957586533
0.0029	0.0039	0.0015	0.0131	0.0086	0.0087	0.0743609350790416
0	0	0	5e-04	3e-04	1e-04	0.00235407342961369
0.0078	0.0093	0.0102	0.0536	0.0286	0.0284	0.298303406408579
0	0	0	0	0	0	1.81723810202116e-05
1e-04	0.0012	0.0017	0.0091	0.0039	0.0061	0.112337178536347
0.0138	0.0118	0.0188	0.0743	0.042	0.0437	0.382528658318449
0	0	1e-04	0	1e-04	0	0.000556996816392871
0.0049	0.0068	0.0076	0.0319	0.0182	0.0139	0.193804344112621
0.0014	0.0037	0.0027	0.0109	0.0055	0.006	0.103312329920691
0	0	0	0	0	0	0.00066260976845806
0	0	0	0	0	1e-04	0.00178386178780959
0	0	0	2e-04	0	0	0.00117279953473466
0	0	0	0	0	1e-04	0.000272963748241302
0	4e-04	7e-04	0.0039	0.0018	0.0026	0.0474460241076131
0	0	2e-04	2e-04	7e-04	3e-04	0.00500824548155362
0	0	0	0	0	0	0.00457088477560684
0.0033	0.002	0.0012	0.0084	0.0044	0.0047	0.0496442020360637
1e-04	0	8e-04	0.0029	0.0011	0.0018	0.0298852681221795
2e-04	0	1e-04	4e-04	2e-04	3e-04	0.00531725510022704
0	0	0	0	0	0	3.51331742481463e-05
0	3e-04	8e-04	0.0021	0.0022	0.002	0.0317519524422005
0.0035	9e-04	0.0035	0.0101	0.0069	0.0063	0.0918844384301783
0	0	0	4e-04	2e-04	2e-04	0.00728476904526523
0	0	0	0	0	0	7.68930582739869e-06
0	0	0	6e-04	0	1e-04	0.00424261561690718
0.0036	0.0042	0.004	0.0269	0.0114	0.0118	0.149746269017981
0.0139	0.0131	0.0043	0.0501	0.0214	0.0216	0.21804027182534
1e-04	0	1e-04	3e-04	0	3e-04	0.00649777552415978
1e-04	3e-04	4e-04	0.0037	0.0015	0.0013	0.028738315471096
2e-04	9e-04	0.002	0.0066	0.0044	0.006	0.0850957966950376
0	0	0	0	0	0	0.00112573429236566
1e-04	0	3e-04	0.0014	0.0012	0.0015	0.0306123034073334
0	0	1e-04	1e-04	2e-04	1e-04	0.00662567137729578
0	1e-04	0	0	0	0	0.0015672272962235
0	0	1e-04	5e-04	7e-04	3e-04	0.0158588360025441
0.0051	0.0085	0.0049	0.0326	0.0183	0.0159	0.197507522048305
5e-04	5e-04	0.0023	0.0093	0.0054	0.0042	0.0778747849940605
0	0	1e-04	1e-04	5e-04	0	0.00277834535171908
4e-04	3e-04	0	0.0013	9e-04	0.001	0.0121873559512332
1e-04	1e-04	0	0.001	1e-04	2e-04	0.0109486756141029
3e-04	0	5e-04	0.0019	3e-04	0.0011	0.0232999093107899
2e-04	9e-04	0.0022	0.008	0.0056	0.0055	0.097263090623471
0	2e-04	0	2e-04	1e-04	0	0.00156563067480844
0.0022	0.0019	0.0029	0.014	0.0063	0.0066	0.12245333165437
2e-04	0	1e-04	0.0025	0.0013	6e-04	0.0263151642542169
3e-04	3e-04	3e-04	0.0034	0.002	0.0015	0.0258088546267807
0.0037	0.0055	0.0018	0.0142	0.0083	0.0076	0.0543034968261057
5e-04	8e-04	3e-04	0.0015	0.0021	0.0013	0.0247321634213749
0	0	2e-04	1e-04	2e-04	1e-04	0.00716575033366605
0	0	0	0	0	1e-04	0.00109039639700972
0	0	0	0	0	1e-04	0.00120349197161936
0	0	3e-04	6e-04	7e-04	3e-04	0.00694078699987118
0	0	1e-04	1e-04	1e-04	0	0.00290330041970195
4e-04	0.0017	0.001	0.0035	0.0023	0.0013	0.0445430092935952
1e-04	0.0011	4e-04	0.0033	0.0021	0.0025	0.0496426010222632
0.0027	0.0045	0.0076	0.0243	0.0161	0.0134	0.201156283515713
6e-04	8e-04	0.0011	0.0059	0.0028	0.0022	0.051814083596555
0	2e-04	0	0.001	0	2e-04	0.0072796285216078
0	0	1e-04	0	0	0	0.00199141039146023
9e-04	0.0018	0.0022	0.0115	0.008	0.0069	0.0959250050034155
0	0	2e-04	2e-04	0	2e-04	0.00528736734143881
0	1e-04	2e-04	0.0012	2e-04	8e-04	0.0104815813690305
0	0	1e-04	1e-04	0	1e-04	0.00321100802879806
0	0	0	1e-04	0	1e-04	0.00233965152713241
0	1e-04	1e-04	2e-04	2e-04	1e-04	0.0045930579955947
0	1e-04	0	0.0014	3e-04	0.001	0.00908526061782138
0	0	0	4e-04	4e-04	3e-04	0.00618511026322425
0.0033	0.003	0.0033	0.0199	0.0106	0.011	0.166585323127213
0	0	0	4e-04	0	0	0.00141173280440682
2e-04	0	0.0019	0.0038	0.0021	0.0016	0.0466687864721806
2e-04	1e-04	1e-04	9e-04	5e-04	6e-04	0.0188886940873231
0	0	0	0	0	1e-04	0.00100880819888242
0	0	0	0	0	0	0.000594224168726895
0	0	1e-04	0	0	0	0.000256105108876095
8e-04	2e-04	3e-04	0.0018	0.001	0.0011	0.0206045006477662
0	0	4e-04	7e-04	3e-04	0	0.0117372109170986
0	0	0	1e-04	0	1e-04	0.00211619751379228
0	0	0	0	1e-04	0	0.00289239907624862
0	0	0	0	0	0	0.000165139278567719
0	0	0	1e-04	0	0	0.00017231887318751
0.0176	0.0194	0.0191	0.0914	0.0508	0.0514	0.481852724820767
4e-04	4e-04	0.0014	0.0058	0.0025	0.0039	0.0749197867787824
3e-04	0.0012	9e-04	0.0027	0.0028	0.0026	0.0301809958416778
3e-04	7e-04	4e-04	0.0012	7e-04	0.0013	0.0283730356246358
0	0	0	4e-04	2e-04	0	0.00261196933754152
0.0039	0.0047	0.0081	0.0264	0.0138	0.0179	0.185355088691518
8e-04	8e-04	0.0013	0.0057	0.0029	0.0027	0.0329165999772737
3e-04	7e-04	0.0014	0.0053	0.0029	0.0038	0.0614467990197317
0	0	0	1e-04	0	0	0.00325244896941097
1e-04	3e-04	7e-04	0.0025	0.0013	0.002	0.0454161077767633
0.0018	8e-04	0.0031	0.0084	0.0051	0.0047	0.0880674453771729
0	0	6e-04	3e-04	9e-04	7e-04	0.0189947176105832
0.0013	0.004	0.0017	0.0151	0.0068	0.0073	0.111066687343267
0	0	0	0	0	0	0.000609061943717526
0	0	0	2e-04	1e-04	0	7.77608295364251e-05
0	0	0	0	0	0	5.77985787070495e-06
6e-04	9e-04	8e-04	0.0075	0.0026	0.0029	0.061507388305216
0.001	0	8e-04	0.0025	0.0017	0.0019	0.0492611320076335
0.0545	0.0533	0.0334	0.165	0.0899	0.0994	0.519428424000584
7e-04	5e-04	0.0015	0.0041	0.0017	0.0031	0.051464957263992
0.0017	0.0015	7e-04	0.0092	0.0046	0.0029	0.0552583924174156
0	0	1e-04	0	0	4e-04	0.00429478237180218
0.0015	0.002	5e-04	0.0059	0.0033	0.003	0.0526949522465254
0	0	0	0	0	0	0.000131000658083238
0	0	3e-04	7e-04	6e-04	0	0.00753208501265478
4e-04	0	5e-04	0.0022	0.001	6e-04	0.0179278468478393
2e-04	2e-04	3e-04	0.0022	9e-04	9e-04	0.019743573651101
0	0	0	2e-04	1e-04	0	0.00272260954961468
1e-04	0	3e-04	0.0013	0.0014	5e-04	0.0239127483372502
3e-04	8e-04	8e-04	0.0024	0.0013	5e-04	0.0252284751945496
0.0238	0.0186	0.0241	0.0937	0.0529	0.0543	0.389153374302875
5e-04	1e-04	2e-04	0.0019	5e-04	7e-04	0.0189901438279556
0.0074	0.0067	0.005	0.0287	0.0152	0.0128	0.121329976433045
0.0043	0.0034	0.0067	0.0253	0.0125	0.0135	0.166990709018982
0.0019	0.0029	0.0065	0.0207	0.0113	0.0122	0.177076853583408
0.1043	0.0877	0.0338	0.1726	0.1058	0.1028	0.418406506578213
1e-04	1e-04	6e-04	0.0021	0.0014	0.001	0.0268226987236239
0.007	0.0094	0.0072	0.0447	0.0179	0.023	0.280593376260485
0	0	0	3e-04	1e-04	0	0.00489462894013706
0	0	0	1e-04	0	3e-04	0.000677122489171506
2e-04	0	0	4e-04	1e-04	1e-04	0.00837347442284199
3e-04	2e-04	8e-04	0.0021	0.0028	0.0016	0.0347464349315443
0	0	0	0	0	0	0.000494351235203938
1e-04	0	1e-04	6e-04	4e-04	6e-04	0.0197345188334221
1e-04	1e-04	3e-04	0.0016	0.0014	0.0018	0.0273469387993353
0.0039	0.0036	0.0074	0.03	0.0168	0.0179	0.205885455068483
2e-04	1e-04	8e-04	0.0011	0.0015	3e-04	0.0218499584853273
0.0063	0.0071	0.0068	0.0256	0.0148	0.0187	0.161388135314354
0	0	0	0	0	0	0.00136089793131449
0	1e-04	0	0	1e-04	0	0.000814432418922797
0.0157	0.0179	0.0169	0.0739	0.0396	0.0408	0.287176018584218
0	0	0	4e-04	2e-04	1e-04	0.00265857359745895
0	0	6e-04	7e-04	6e-04	7e-04	0.0166797024191098
0	0	0	0	0	0	1.15582332720082e-05
5e-04	9e-04	0.0011	0.0018	0.0015	9e-04	0.0358880929242083
0	0	0	0	0	0	9.221709633453e-05
0	0	0	0	1e-04	0	0.000774715477204695
0	0	0	0	1e-04	0	0.000198771999674717
0	0	2e-04	1e-04	3e-04	0	0.00229127637841751
0.0121	0.0136	0.0069	0.044	0.0205	0.0188	0.198302086429449
0.0152	0.0146	0.0158	0.0802	0.0458	0.0376	0.37095984921944
1e-04	0	4e-04	6e-04	2e-04	6e-04	0.0157682873735446
1e-04	0	0	5e-04	1e-04	1e-04	0.0035266250784915
0	0	1e-04	1e-04	2e-04	2e-04	0.00168026891698409
0.0545	0.0454	0.0185	0.1188	0.0739	0.0695	0.351061568433733
0	0	0	0	3e-04	0	0.00174295902273477
0	0	0	0	0	0	0.000799502357740816
0	0	2e-04	4e-04	5e-04	8e-04	0.0137295853402615
5e-04	0.001	0.0013	0.0043	0.003	0.0017	0.0437237435216626
1e-04	0	5e-04	0.0011	2e-04	0	0.0139364365738878
5e-04	9e-04	5e-04	0.0027	0.0013	0.0023	0.0418286617767378
0	0	0	0	0	0	0.00155896353198504
0	0	0	0	0	0	2.35503846426719e-06
0	0	0	3e-04	2e-04	0	0.00516307430402495
1e-04	0	1e-04	1e-04	1e-04	4e-04	0.00285287634774004
0	0	0	0	0	0	0.000222984470530134
0	0	2e-04	4e-04	2e-04	2e-04	0.00510922106876651
2e-04	5e-04	5e-04	0.001	9e-04	0.0013	0.031095041901763
0	0	0	0	0	0	2.18037694570741e-06
0	0	0	2e-04	0	0	0.000511805603598238
7e-04	1e-04	6e-04	0.0033	0.0014	8e-04	0.0385327551107785
0	0	0	0	0	0	0.000174340560378313
3e-04	0	0.0014	0.0033	0.0023	0.0015	0.0479130790051961
0	0	0	1e-04	1e-04	3e-04	0.00226377834367043
0	0	0	0	0	0	0.000106740675738153
0	1e-04	4e-04	9e-04	4e-04	3e-04	0.0137449783872814
7e-04	7e-04	0.001	0.0048	0.0032	0.0018	0.0581861623646257
7e-04	0	3e-04	0.0016	0.0019	9e-04	0.0165413235362313
0.0772	0.087	0.0045	0.0883	0.0401	0.0432	0.226677724338312
0	0	0	0	0	2e-04	0.00127383612597929
0.0011	0.002	0.002	0.007	0.0036	0.0048	0.073125730900937
0	0	0	0	0	0	0.00040776514014545
0	0	0	7e-04	0	3e-04	0.00286048914460886
0.0278	0.033	0.0319	0.1356	0.0754	0.0722	0.51218211067604
0	0	0	4e-04	0	1e-04	0.00307427604602758
0.003	0.0016	0.0037	0.0207	0.0114	0.0108	0.15871535411736
6e-04	0.0019	0.0022	0.0111	0.0073	0.0074	0.133907934548338
0	0	0	0	2e-04	1e-04	0.000625676469534291
0	0	0	0	1e-04	0	0.000944368351810516
3e-04	3e-04	0.0012	0.0054	0.0022	0.003	0.0303981127404867
0	0	0	0	0	0	2.19660843012856e-06
0	1e-04	2e-04	0.0012	6e-04	0.0011	0.0176662830076809
0.0015	0.0013	0.001	0.0081	0.0045	0.0048	0.0802754595135116
0	0	0	1e-04	0	0	0.000218975522608712
1e-04	0	0	0	0	3e-04	0.0012464448308773
3e-04	0	1e-04	9e-04	7e-04	1e-04	0.01678904025339
0.0019	0.0022	0.0031	0.0126	0.0066	0.0067	0.115136482898601
0	0	0	0	0	0	0.00200181155404412
0.0012	0.0015	0.0028	0.0087	0.0054	0.0075	0.103422019884436
3e-04	3e-04	1e-04	6e-04	8e-04	8e-04	0.0213010663950764
0	0	1e-04	1e-04	5e-04	1e-04	0.00686881482254525
0.0018	0.0032	0.0036	0.0177	0.0097	0.0129	0.149633379461765
0	0	0	0	0	0	0.000513688834444259
5e-04	4e-04	9e-04	0.0039	0.0028	0.0017	0.0610124635812463
0	0	0	0	0	0	6.7349542579902e-05
8e-04	0.0026	0.002	0.0097	0.0039	0.0044	0.0948407238560581
0	0	0	7e-04	0	1e-04	0.00405723884325452
0	0	0	0	0	0	2.96142967848353e-05
0	0	5e-04	0.001	3e-04	2e-04	0.0101550089979357
0	0	2e-04	5e-04	6e-04	2e-04	0.0133768414499082
2e-04	3e-04	3e-04	8e-04	8e-04	5e-04	0.0127172518236726
0	0	0	4e-04	0	0	0.00185116509927471
0	1e-04	0	4e-04	3e-04	2e-04	0.0063066847409702
1e-04	0	2e-04	7e-04	4e-04	6e-04	0.0158878497322693
0	0	3e-04	3e-04	0	0	0.000527993946811095
4e-04	1e-04	4e-04	0.0022	9e-04	0.002	0.0214803473633403
0	0	0	1e-04	0	0	0.000813542908734696
1e-04	1e-04	0	5e-04	3e-04	1e-04	0.00623855505304237
0.002	8e-04	0.0028	0.014	0.0072	0.0072	0.136567988809565
2e-04	6e-04	9e-04	0.004	0.0032	0.0027	0.0615079413284588
0	0	0	0	0	0	0.000267500619568434
3e-04	1e-04	0	9e-04	7e-04	1e-04	0.00718806799530433
0	0	9e-04	0.0019	0.0016	4e-04	0.0294135960349567
0.0018	0.0017	0.005	0.0219	0.0113	0.0113	0.179652112344916
0	0	0	0	0	0	0.000163751946815984
0	0	0	1e-04	0	1e-04	0.00205652230157249
1e-04	2e-04	0	2e-04	0	0	0.000525431323754046
0.0013	0.0029	0.0048	0.0214	0.0105	0.0143	0.172335554568336
0.0103	0.0094	0.0156	0.0497	0.0299	0.0302	0.304740868094261
1e-04	4e-04	0	5e-04	0	2e-04	0.00262297770243934
0	1e-04	0	3e-04	4e-04	1e-04	0.0040461816114763
0.0016	0.0025	0.0022	0.0106	0.0055	0.006	0.0813178307664565
0	0	1e-04	0	0	0	0.00212570072332831
0	0	0	2e-04	7e-04	2e-04	0.00358108883906383
0.0034	0.0043	0.0052	0.0255	0.0128	0.0131	0.221743901949562
0.0022	0.0017	0.0036	0.0073	0.0061	0.0035	0.0846244828732681
3e-04	0	2e-04	6e-04	4e-04	2e-04	0.0074342759107233
3e-04	2e-04	2e-04	8e-04	3e-04	3e-04	0.0112971179850722
0	0	0	0	0	0	0.000377549966663445
0	0	1e-04	0	0	3e-04	0.00422292011912087
0	0	0	0	0	0	0.000905808974276418
2e-04	0.0013	0.0021	0.0081	0.0073	0.0053	0.094518033073529
0.0099	0.0089	0.0136	0.0575	0.0307	0.0289	0.260908552696618
0	0	1e-04	2e-04	1e-04	0	0.00373420383345038
3e-04	6e-04	0.0025	0.0057	0.0017	0.0039	0.0785311077566624
0	0	0	0	0	0	0.000100096900527309
0	1e-04	2e-04	0.001	1e-04	7e-04	0.0184379566462094
0	0	0	0	0	0	1.25594960842006e-05
1e-04	1e-04	3e-04	3e-04	6e-04	4e-04	0.0180236364091749
0.0027	0.0019	0.0019	0.0142	0.0082	0.0067	0.119419685742297
0	0	0	0	0	0	0.000241502082877059
1e-04	0	1e-04	7e-04	3e-04	0	0.00321046236755582
8e-04	6e-04	5e-04	0.0041	8e-04	0.0019	0.0316079402446168
9e-04	8e-04	1e-04	0.0023	0.002	0.0014	0.031468008962424
2e-04	4e-04	1e-04	0.001	3e-04	3e-04	0.0113622757180611
0.0013	2e-04	5e-04	0.0034	0.0016	0.0028	0.0525369022495028
2e-04	7e-04	0.0017	0.002	0.0022	0.0017	0.0409202363892287
1e-04	0	1e-04	0	0	0	0.000879654078490297
0	0	2e-04	5e-04	0	4e-04	0.00301036169007437
0	0	0	0	1e-04	0	0.000500058547837879
0.0012	0.0029	0.0011	0.0068	0.0028	0.0027	0.0351894265365029
0	0	4e-04	5e-04	2e-04	3e-04	0.0118461859121144
0	0	2e-04	0	1e-04	1e-04	0.0021018580497227
0	0	0	0	0	0	0.000144368071814811
0.0039	0.0037	0.0023	0.0173	0.0057	0.0068	0.13274333214701
0.002	0.0019	0.0031	0.0109	0.008	0.0071	0.125682604442201
4e-04	3e-04	0.0013	0.0045	0.0034	0.0019	0.0433161946290602
0.0026	0.0012	0.003	0.0104	0.0049	0.0048	0.10332766344138
0.0275	0.0335	0.0311	0.1394	0.0784	0.0868	0.488717894501312
0	0	0	0	0	0	6.20458091341552e-05
3e-04	0	3e-04	9e-04	0.001	4e-04	0.0223899794796592
0	4e-04	4e-04	6e-04	0.0012	8e-04	0.0159919998525615
2e-04	5e-04	0	0.002	9e-04	0.0012	0.0098865795624437
0	0	0	0	0	0	0.000507705835727657
0	4e-04	2e-04	0.0012	2e-04	6e-04	0.0185558516087161
0	0	0	3e-04	3e-04	3e-04	0.0065011750667839
0	0	0	1e-04	0	0	0.000313170698128806
0	0	0	0	2e-04	0	0.00111906549705965
0	3e-04	0	7e-04	0	0	0.00393428358201755
0	0	2e-04	5e-04	7e-04	7e-04	0.0126295492700189
0.0087	0.0066	0.0085	0.0532	0.0253	0.0233	0.253820529509417
0.0017	6e-04	0.0021	0.0076	0.0036	0.0042	0.0740318180504895
0	0	0	0	0	0	2.14682736254844e-06
0	0	2e-04	2e-04	1e-04	1e-04	0.00531377143175663
0	0	0	0	0	0	0.000298338585605534
0	0	0	0	0	0	0.001069621460666
1e-04	0	2e-04	0.001	8e-04	5e-04	0.0131601652481735
0	0	0	0	0	2e-04	0.000107824312985135
0	0	0	1e-04	1e-04	0	0.001190450490945
4e-04	1e-04	7e-04	0.002	7e-04	0.0017	0.0417485245041763
0.0016	0.0019	9e-04	0.0096	0.0044	0.0025	0.072753668803794
0.0034	0.0071	0.0019	0.0167	0.0088	0.0067	0.0551479285857495
0	0	0	3e-04	1e-04	1e-04	0.0062171246480997
0	0	5e-04	5e-04	4e-04	5e-04	0.0113445016174033
0	0	1e-04	1e-04	2e-04	3e-04	0.00670057346003695
0	0	0	1e-04	2e-04	0	0.00544663292481024
0.0031	0.0028	0.0052	0.0202	0.0116	0.013	0.144460337374523
0	0	0	2e-04	0	1e-04	0.00123399323742436
0.0038	0.0035	2e-04	0.004	0.0013	0.0023	0.00964666678768298
1e-04	2e-04	9e-04	0.0057	0.0024	0.0024	0.0615494504530346
8e-04	0.0014	0.0024	0.0094	0.0067	0.0093	0.114762940277844
0	2e-04	0	5e-04	3e-04	2e-04	0.0100301252316221
0	1e-04	0	5e-04	4e-04	1e-04	0.00367018350831594
9e-04	8e-04	0.0017	0.0106	0.0073	0.0042	0.0935270622589963
0.0019	0.0023	0.0025	0.0088	0.0061	0.0076	0.063009688488225
3e-04	8e-04	9e-04	0.0019	6e-04	7e-04	0.034969201711268
0.0017	0.0037	0.0043	0.0187	0.0097	0.0093	0.182945941013866
0	0	0	7e-04	0	0	0.0103963157954269
0	0	0	0	1e-04	0	0.00018138046405841
9e-04	5e-04	0.0016	0.008	0.0033	0.0045	0.0975023351076569
0	0	0	0	0	0	0.000186071713888105
0	0	0	0	3e-04	0	0.000424345529093398
0	0	0	0	0	0	0.000159145868760467
0	0	3e-04	7e-04	8e-04	3e-04	0.0185293067225281
3e-04	7e-04	0.0021	0.004	0.002	0.0031	0.0597567749065426
0	0	0	0	1e-04	0	0.000304451506678974
0.0028	0.0019	0.0044	0.0158	0.0077	0.008	0.12849463789253
0	0	0	0	1e-04	0	0.000136213743542258
0.0037	0.005	0.002	0.0172	0.009	0.0082	0.0910711150656101
7e-04	3e-04	6e-04	0.0038	0.0017	0.0028	0.0530310008332335
0	0	0	4e-04	0	0	0.000947628684844426
0	5e-04	0	0.0013	2e-04	4e-04	0.012103338547199
0.0012	5e-04	0.001	0.004	0.0035	0.0033	0.0368395889849769
0.0062	0.0012	0.0061	0.0267	0.0118	0.0165	0.190048246236597
3e-04	5e-04	0.0011	0.0039	0.0028	0.0019	0.0593036992783701
0	1e-04	0	5e-04	1e-04	7e-04	0.00456471655487687
2e-04	1e-04	3e-04	0.0019	0.0011	0.0012	0.0341657010883395
2e-04	1e-04	1e-04	3e-04	0	0	0.00431081287370676
0	0	0	0	0	0	8.31490295057605e-05
0	0	0	0	0	0	0.000140504196725927
1e-04	1e-04	0	8e-04	7e-04	0.0012	0.0156683212564004
0.016	0.02	0.017	0.0663	0.0404	0.0419	0.272539236145243
0.002	0.0013	0.0019	0.0105	0.0053	0.0067	0.119098284860597
0.002	0.002	0.0022	0.0129	0.0057	0.0068	0.0925918498345797
0	1e-04	0	0.0016	5e-04	9e-04	0.0151167252744061
7e-04	9e-04	0.0012	0.0051	0.0016	0.0034	0.0591152279085108
0	0	0	3e-04	1e-04	3e-04	0.00242778465256607
0	0	2e-04	3e-04	1e-04	0	0.00296925712944858
0	0	0	1e-04	0	0	0.000523891672752161
0	0	1e-04	7e-04	2e-04	3e-04	0.0121949849967941
0	0	0	0	0	0	0.000136692855103288
0.0019	0.0023	0.0017	0.012	0.0053	0.0062	0.0944340915330213
0.0054	0.0083	0.0061	0.0402	0.0207	0.0216	0.30226404779572
0	1e-04	0	2e-04	0	0	0.000767919244738456
0	0	0	0	0	1e-04	0.000175024749995086
0	0	1e-04	3e-04	0	0	0.0019458633826238
0	0	0	1e-04	1e-04	1e-04	0.00272321690090009
1e-04	1e-04	7e-04	0.0013	7e-04	0.0014	0.0222301918756636
0	0	0	0	2e-04	0	0.000376695760168518
0	0	0	0	0	0	7.31355469117983e-05
8e-04	9e-04	7e-04	0.0036	0.0037	0.0031	0.05304384469901
8e-04	0.0011	0.0021	0.0098	0.003	0.0052	0.066936830338004
0.0015	0.0013	0.0017	0.0068	0.0031	0.0044	0.0629154373953401
1e-04	1e-04	1e-04	8e-04	3e-04	0.001	0.0108222552580703
0.0139	0.017	0.0062	0.0554	0.0301	0.0261	0.260613688026392
0	0	0	0	0	0	0.000207469682677797
0	0	0	1e-04	0	0	0.00116237273629868
0.0076	0.0099	0.0129	0.0526	0.0253	0.0231	0.253815774270541
4e-04	1e-04	2e-04	5e-04	4e-04	3e-04	0.0101653791524337
0.0198	0.0233	0.0029	0.0437	0.0169	0.017	0.184282478899395
5e-04	0	4e-04	0.003	4e-04	0.001	0.0234766338206402
0	0	0	3e-04	0	3e-04	0.00422966023497249
9e-04	5e-04	1e-04	8e-04	4e-04	0.001	0.00329732441177552
0	0	0	0	0	0	0.00134515202904852
0	0	0	3e-04	3e-04	0	0.00292095846230858
0	0	0	0	0	2e-04	0.00136235496941389
0	2e-04	6e-04	7e-04	7e-04	1e-04	0.0110198660306502
1e-04	0	2e-04	0	1e-04	0	0.00244533442192139
0	0	1e-04	1e-04	0	0	0.0022782999223047
8e-04	5e-04	0.001	0.0042	0.002	0.0022	0.053612786976636
4e-04	9e-04	0.0015	0.0068	0.0031	0.0051	0.0866934019747031
0.0066	0.0048	0.0048	0.0262	0.015	0.0116	0.212124620575208
0	0	3e-04	0.0013	8e-04	8e-04	0.0142580554864626
0	0	0	0	1e-04	0	0.00133219344331386
2e-04	0	0	4e-04	4e-04	2e-04	0.00849358156485319
1e-04	0	0	3e-04	3e-04	2e-04	0.0101267582067295
0	0	0	1e-04	0	2e-04	0.00080921632137839
0	4e-04	1e-04	2e-04	2e-04	2e-04	0.00106032664320462
3e-04	3e-04	5e-04	0.0025	0.0017	9e-04	0.0307353766494741
2e-04	7e-04	0.0011	0.0026	0.003	0.0026	0.0448137212148628
0	0	1e-04	0	0	0	0.000265869581679008
0	0	2e-04	8e-04	6e-04	8e-04	0.00925679694468535
0	0	0	0	0	0	0.000329647009472429
0.0041	0.0023	0.0027	0.0145	0.0094	0.0072	0.0927036193628368
