FMP	RMP	FPP	UPP	ANPP	NPP	ANCOVA
0	0	0	0	0	0	1.46143971542489e-07
0	0	0	0	0	0	1.32347466575702e-06
0	0	0	0	0	0	5.06466535371028e-05
0	0	0	0	0	0	9.3885805770035e-06
0	0	0	0	0	0	1.78162913021005e-08
0	0	0	0	0	0	1.17226940544287e-05
0	0	0	0	0	0	1.02543718787842e-05
0	0	0	0	0	0	0.00126023658385873
0	0	0	0	0	0	3.74409109199879e-05
0	0	0	0	0	0	4.38438168963173e-05
0	0	0	0	0	0	4.17893465426651e-08
0	0	0	0	0	0	4.69735142405368e-05
0	0	0	0	0	0	3.73481121321377e-09
0	0	0	0	0	0	1.79710022472669e-08
0	0	0	0	0	0	4.28776290693234e-06
0	0	0	0	0	0	2.73173768264389e-07
0	0	0	0	0	0	1.16242066820624e-08
0	0	0	0	0	0	4.14461500758349e-07
0	0	0	0	0	0	1.42891304772349e-09
0	0	0	0	0	0	6.36515938667523e-06
0	0	0	0	0	0	5.69677371591337e-07
0	0	0	0	0	0	3.94299039795564e-09
0	0	0	0	0	0	6.25547020192631e-08
0	0	0	0	0	0	0.000151979824705296
0	0	0	0	0	0	8.5097514730218e-10
0	0	0	0	0	0	1.56735069871294e-06
0	0	0	0	0	0	1.88289644440013e-07
0	0	0	0	0	0	1.57670669125597e-05
0	0	0	0	0	0	3.19751696660715e-05
0	0	0	0	0	0	2.76063138452438e-09
0	0	0	0	0	0	3.54607145834618e-07
0	0	0	0	0	0	6.37043626695724e-07
0	0	0	0	0	0	0.000295783192418787
0	0	0	0	0	0	1.41080701410524e-10
0	0	0	0	0	0	0.00081969382061758
0	0	0	0	0	0	2.69693003146945e-05
0	0	0	0	0	0	0.000143875308328369
0	0	0	0	0	0	5.77507468526202e-08
0	0	0	0	0	0	1.49734038028983e-07
0	0	0	0	0	0	2.0907351623771e-06
0	0	0	0	0	0	4.04205508010451e-05
0	0	0	0	0	0	1.13340854762058e-05
0	0	0	0	0	0	6.95129467558666e-06
0	0	0	0	0	0	3.03477294180637e-12
0	0	0	0	0	0	2.11866934226716e-07
0	0	0	0	0	0	1.49077323696913e-06
0	0	0	1e-04	0	0	0.000687988530826936
0	0	0	0	0	0	2.04409648750277e-06
0	0	0	0	0	0	1.45508600802603e-09
0	0	0	0	0	0	5.41108421409756e-05
0	0	0	0	0	0	2.99679486695629e-06
0	0	0	0	0	0	3.51021457045092e-06
0	0	0	0	0	0	2.38282916297923e-09
0	0	0	0	0	0	3.36061620530573e-09
0	0	0	0	0	0	0.000273458599385145
0	0	0	0	0	0	2.61223298151083e-08
0	0	0	0	0	0	2.06557254870119e-05
0	0	0	0	0	0	6.13529040049297e-08
0	0	0	0	0	0	2.63642033610476e-05
0	0	0	0	0	0	3.75742588318966e-06
0	0	0	0	0	0	2.21540237181075e-06
0	0	0	0	0	0	1.09541504829008e-06
0	0	0	0	0	0	2.0880826780748e-07
0	0	0	0	0	0	1.21319334916774e-05
0	0	0	0	0	0	8.44268890589265e-05
0	0	0	0	0	0	2.14464272734244e-10
0	0	0	0	0	0	3.94134217380649e-09
0	0	0	0	0	0	1.15825268669089e-06
0	0	0	0	0	0	9.2262096368848e-08
0	0	0	0	0	0	4.92610890739964e-06
0	0	0	0	0	0	1.19959242220697e-10
0	0	0	0	0	0	1.41598026568364e-06
0	0	0	0	0	0	5.76791741169223e-07
0	0	0	0	0	0	9.69508731785108e-07
0	0	0	0	0	0	5.2094595669002e-05
0	0	0	0	0	0	2.93946571329338e-08
0	0	0	0	0	0	3.31670588148128e-07
0	1e-04	0	0	0	0	0.000346868720434873
0	0	0	0	0	0	5.27609151272244e-08
0	0	0	0	0	0	2.70043270796033e-06
0	0	0	0	0	0	6.10265069446151e-06
0	0	0	0	0	0	3.65840786944137e-07
0	0	0	0	1e-04	0	0.000120164981740913
0	0	0	0	0	0	8.87713929322326e-06
0	0	0	0	0	0	8.98478348537673e-07
0	0	0	0	0	0	4.46563176105398e-07
0	0	0	0	0	0	1.926067950512e-09
0	0	0	0	0	0	7.92904907466127e-07
0	0	0	0	0	0	8.06190409679212e-09
0	0	0	0	0	0	4.88262398783785e-08
0	0	0	0	0	0	1.18115930130726e-08
0	0	0	0	0	0	4.95185985518711e-07
0	0	0	0	0	0	0.000608703895276193
0	0	0	0	0	0	8.42463166555e-06
0	0	0	0	0	0	1.56135395972092e-06
0	0	0	0	0	0	2.28130580026304e-12
0	0	0	0	0	0	4.53679345200632e-05
0	0	0	0	0	0	1.57772319362796e-06
0	0	0	0	0	0	1.25973633117357e-08
0	0	0	0	0	0	2.16200549059438e-09
0	0	0	0	0	0	0.000861953959641543
0	0	0	0	0	0	2.76761367340117e-06
0	0	0	0	0	0	5.53987107539651e-06
0	0	0	0	0	0	1.85798419643959e-06
0	0	0	0	0	0	8.39086122999097e-07
0	0	0	0	0	0	5.42755226679818e-06
0	0	0	0	0	0	1.6181711209969e-06
0	0	0	0	0	0	1.16704290526079e-06
0	0	0	1e-04	0	0	0.00194411052997758
0	0	0	0	0	0	8.24830373563199e-07
0	0	0	0	0	0	3.83174600327728e-06
0	0	0	0	0	0	3.1397936625365e-06
0	0	0	0	0	0	4.08533275735904e-07
0	0	0	0	0	0	6.56351593892903e-07
0	0	0	0	0	0	6.09668392512624e-06
0	0	0	0	0	0	6.20358420680206e-05
0	0	0	0	0	0	8.55878680381171e-08
0	0	0	0	0	0	6.44264807983566e-08
0	0	0	0	0	0	4.05234535671802e-07
0	0	0	0	0	0	4.82449720521063e-05
0	0	0	0	0	0	0.000473396272751967
0	0	0	0	0	0	8.78800181830047e-06
0	0	0	0	0	0	3.00430842395585e-06
0	0	0	0	0	0	2.92042667022743e-06
0	0	0	0	0	0	2.6408049008709e-05
0	0	0	0	0	0	6.23843728966694e-07
0	0	0	0	0	0	5.40043966354397e-10
0	0	0	0	0	0	7.74287397276741e-06
0	0	0	0	0	0	6.88874941327541e-07
0	0	0	0	0	0	5.57119431177042e-08
0	0	0	0	0	0	5.91895929784167e-06
0	0	0	0	0	0	2.78882673992227e-05
0	0	0	0	0	0	3.81584032380265e-08
0	0	0	0	0	0	3.34463782390396e-09
0	0	0	0	0	0	1.74524977382485e-10
0	0	0	0	0	0	0.000534947782386735
0	0	0	4e-04	1e-04	2e-04	0.00613162876847214
0	0	0	0	0	0	1.71087286569897e-07
0	0	0	0	0	0	3.21475913591186e-05
0	0	0	0	0	0	0.000302568970911739
0	0	0	0	0	0	2.16801937155882e-06
0	0	0	1e-04	0	0	5.83850621616414e-05
0	0	0	0	0	0	2.03435031634478e-05
0	0	0	0	0	0	8.9732629319149e-08
0	0	0	0	0	0	1.39582015222935e-08
0	0	0	0	0	0	2.7364055571216e-08
0	0	0	0	0	0	8.43706822025219e-06
0	0	0	0	0	0	2.52805970327828e-06
0	3e-04	0	3e-04	1e-04	0	0.000760091376543372
0	0	0	0	0	0	2.9956850516936e-07
0	0	0	0	0	0	2.27838960972311e-10
0	0	0	0	0	0	6.45785589413526e-11
0	0	0	1e-04	0	0	2.17264963363869e-06
0	0	0	0	0	0	2.31021708614443e-09
0	0	0	0	0	0	2.62075941548336e-06
0	0	0	0	0	0	0.000138500961483135
0	0	0	0	0	0	1.21293858834215e-05
0	0	0	0	0	0	4.16199130980693e-07
0	0	0	0	0	0	5.29233768120627e-07
0	0	0	0	0	0	1.34027780676572e-06
0	0	0	0	0	0	1.40883182644462e-05
0	0	0	0	0	0	2.56046338960789e-05
0	0	0	0	0	0	8.49566306443053e-07
0	0	0	0	0	0	1.32021883033667e-05
0	0	0	0	0	0	1.80984638797868e-07
0	0	0	0	0	0	3.89309600395051e-05
0	0	0	0	0	0	1.93754209075474e-05
0	0	0	0	0	0	7.01252119620359e-05
0	0	0	0	0	0	3.82138763629962e-07
0	0	0	0	0	0	9.91968777846132e-11
0	0	0	0	0	0	2.30134639468894e-07
0	0	0	0	0	0	1.16135840153101e-06
0	0	0	0	0	0	3.98771403330769e-06
0	0	0	0	0	0	7.37088523758799e-08
0	0	0	2e-04	0	0	0.000405448647614947
0	0	0	0	0	0	2.43268132642677e-07
1e-04	0	0	0	1e-04	0	0.000617670556035754
0	0	0	0	0	0	1.04118571273214e-07
0	0	0	0	0	0	4.40878864323128e-11
0	0	0	0	0	0	1.64872668489911e-07
0	0	0	0	0	0	1.04073424910708e-07
0	0	0	0	0	0	1.73288162126564e-05
0	0	0	0	0	0	6.28729280480352e-06
0	0	0	0	0	0	0.000243188440755394
0	0	0	0	0	0	6.70632123855891e-08
0	0	0	0	0	0	1.55649422501945e-05
0	0	0	0	0	0	7.36002877753781e-08
0	0	0	0	0	0	0.000354088511489737
0	0	0	0	0	0	3.32139883630104e-09
0	0	0	0	0	0	9.32611501011771e-05
0	0	0	0	0	0	1.05713310869458e-08
0	0	0	0	0	0	0.00026287495247839
0	0	0	0	0	0	4.7042360208064e-05
0	0	0	0	0	0	9.3196487230416e-06
0	0	0	0	0	0	6.31726871638957e-08
0	0	0	0	0	0	2.17369199923954e-07
0	0	0	0	0	0	1.5021677038087e-08
0	0	0	0	0	0	1.83619713960637e-05
0	0	0	0	0	0	2.22024652323444e-07
0	0	0	0	0	0	7.17789707732505e-06
0	0	0	0	0	0	2.85706276178088e-06
0	0	0	0	0	0	9.41119346402991e-07
0	0	0	0	0	0	1.90557519444529e-05
0	0	0	0	0	0	2.07473255554448e-05
0	0	0	0	0	0	5.57397576609321e-05
0	0	0	0	0	0	1.2452534005647e-10
0	0	0	0	0	0	0.000442315700779404
0	0	0	0	0	0	6.49190665290775e-07
0	0	0	0	0	0	7.620034147039e-11
0	0	0	0	0	0	2.64787113476899e-06
0	0	0	0	0	0	2.74569566627314e-09
0	0	0	0	0	0	2.78590839606169e-08
0	0	0	0	0	0	1.48872811035508e-06
0	0	0	0	0	0	6.07711303151066e-06
0	0	0	0	0	0	6.41272251462525e-05
0	0	0	0	0	0	4.42922541160714e-07
0	0	0	0	0	0	4.07337841589877e-06
0	0	0	0	0	0	1.88760328881957e-09
0	0	0	0	0	0	5.50181986783618e-09
0	0	0	0	0	0	6.55054848644806e-08
0	0	0	0	0	0	1.151815548986e-07
0	0	0	0	0	0	6.62968396325672e-09
0	0	0	0	0	0	7.6314723658056e-08
0	0	0	0	0	0	1.13183744779954e-10
0	0	0	0	0	0	2.5882837845834e-06
0	0	0	0	0	0	1.23497864945867e-11
0	0	0	0	0	0	1.77165136657815e-09
0	0	0	0	0	0	6.82008805499115e-06
0	0	0	0	0	0	4.83781116118949e-05
0	0	0	0	0	0	2.77857512014399e-07
0	0	0	0	0	0	1.28810336568074e-06
0	0	0	0	0	0	3.47620356532517e-11
0	0	0	0	0	0	3.57477131085072e-06
0	0	0	0	0	0	3.61524097461712e-09
0	0	0	0	0	0	4.71032345172552e-09
0	0	0	0	0	0	1.35138000890127e-05
0	0	0	0	0	0	2.32170225345975e-06
0	0	0	0	0	0	0.000106698100797254
0	0	0	0	0	0	0.000296612534440631
0	0	0	0	0	0	2.61549407345058e-08
0	0	0	0	0	0	8.90002994897996e-09
0	0	0	0	0	0	5.31761254184716e-06
0	0	0	0	0	0	7.2535500889687e-09
0	0	0	0	0	0	1.43507030764951e-08
0	0	0	0	0	0	1.40257589298202e-05
0	0	0	0	1e-04	0	0.000475684555163031
0	0	0	0	0	0	1.21720320710953e-06
0	0	0	0	0	0	3.29378329589529e-08
0	0	0	0	1e-04	0	0.000292372139316823
0	0	0	0	0	0	3.08776003512417e-07
0	0	0	0	0	0	2.31962048626886e-08
0	0	0	0	0	0	2.27571138013494e-07
0	0	0	0	0	0	0.000144840081565398
0	0	0	0	0	0	1.08842508869762e-08
0	0	0	0	0	0	6.08936668404403e-05
0	0	0	0	0	0	4.78921237275647e-07
0	0	0	0	0	0	9.01922623929232e-06
0	0	0	0	0	0	0.0004106005146797
0	0	0	0	0	0	1.08699307513214e-06
0	0	0	0	0	0	1.0263602499773e-07
0	0	0	0	0	0	5.18133066727173e-07
0	0	0	0	0	0	1.50951829528691e-09
0	0	0	0	0	0	0.000231526536512983
0	0	0	0	0	0	5.43955371577781e-09
0	0	0	0	0	0	0.000352344448257996
0	0	0	0	0	0	2.67231954822021e-06
0	0	0	0	0	0	1.78895041955394e-08
0	0	0	0	0	0	5.69456898790709e-09
0	0	0	0	0	0	3.42470204975e-08
0	0	0	0	0	0	4.0949367300223e-07
0	0	0	0	0	0	3.96702928705824e-07
0	0	0	0	0	0	5.54816748627893e-05
0	0	0	0	0	0	4.81604490803652e-07
0	0	0	0	0	0	1.97735165192982e-07
0	0	0	0	0	0	1.81790853384305e-05
0	1e-04	0	0	0	3e-04	0.00249879361428102
0	0	0	0	0	0	1.21252683693168e-06
0	0	0	0	0	0	1.6284073159154e-08
0	0	0	0	0	0	0.000228404030594927
0	0	0	0	0	0	1.16306167119405e-06
0	0	0	0	0	0	2.77627851470425e-05
0	0	0	0	0	0	1.4547750812673e-07
0	0	0	0	0	0	9.25222454814083e-08
0	0	0	0	0	0	1.12218918697406e-05
0	1e-04	0	0	0	0	0.000753928965929323
0	0	0	1e-04	2e-04	1e-04	0.00126226399952201
0	0	0	0	0	0	6.39600518339631e-05
0	0	0	0	0	0	9.97418828725398e-08
0	0	0	0	0	0	4.98775055807793e-08
0	0	0	0	0	0	4.9004717978166e-06
0	0	0	0	0	0	4.23592093561415e-10
0	0	0	0	0	0	6.03299882099831e-06
0	0	0	0	0	0	3.70192966883147e-07
0	0	0	0	0	0	3.68178494987524e-11
0	0	0	0	0	0	2.66482506650738e-06
0	0	0	0	0	0	2.63511673022297e-05
0	0	0	0	0	0	6.81227818001167e-06
0	0	0	0	0	0	5.36529376493759e-09
0	0	0	0	0	0	3.32711468546589e-06
0	0	0	4e-04	1e-04	1e-04	0.00852695046343774
0	0	0	3e-04	1e-04	0	0.00123237841694555
0	0	0	0	0	0	1.35482843164597e-05
0	0	0	0	0	0	1.2356931924611e-06
0	0	0	0	0	0	1.0365248602647e-05
0	0	0	0	0	0	9.24068058736087e-07
1e-04	0	0	0	0	0	0.00374490635292338
0	0	0	0	0	0	0.000220544125689007
0	0	0	0	0	0	0.000143028648590561
0	0	0	0	0	0	7.51127823882779e-07
0	0	0	0	0	0	6.85463585374186e-07
0	0	0	0	0	0	7.4542650621979e-06
0	0	0	0	0	0	9.89778849560186e-09
0	0	0	0	0	0	1.61060102292459e-07
0	0	0	0	0	0	1.94238195414578e-05
0	0	0	0	0	0	8.58588060294928e-07
0	0	0	0	0	0	3.17875684003582e-12
0	0	0	0	0	0	0.000173155352461431
0	0	0	0	0	0	9.09885138076295e-11
0	0	0	1e-04	0	0	0.000276410807855822
0	0	0	0	0	0	7.75544752734486e-06
0	0	0	0	0	0	3.50684603309332e-07
0	0	0	0	0	0	6.64564349871657e-07
0	0	0	2e-04	0	0	0.000528676426682626
0	0	0	0	0	0	0.000191437339874653
0	0	0	0	0	0	1.45383386548369e-05
0	0	0	0	0	0	1.77883019983814e-06
0	0	0	0	0	0	0.000295149095421564
0	0	0	2e-04	0	1e-04	0.000355619080880557
0	0	0	0	0	0	1.57940932978845e-05
0	0	0	0	0	0	1.5850750809815e-08
0	0	0	0	0	0	0.000115074128740478
0	0	0	0	0	0	2.17942836667964e-08
0	0	0	0	0	0	5.07108538976888e-10
0	0	0	0	0	0	1.50977740666298e-06
0	0	0	0	0	0	2.65207300361249e-07
0	0	0	0	0	0	1.65271319096414e-06
0	0	0	0	0	0	1.56995442830982e-07
0	0	0	0	0	0	7.06857104052385e-07
0	0	0	0	0	0	1.33598691077287e-07
0	0	0	0	0	0	1.0767718701452e-07
0	0	0	0	0	0	9.88658398868361e-07
0	0	0	0	0	0	2.43353428382194e-07
0	0	0	0	0	0	0.000213871327897461
0	0	0	0	0	0	1.16362209777874e-12
0	0	0	0	0	0	0.000553770243080172
0	0	0	0	0	0	4.54346166626238e-07
0	0	0	0	0	0	5.5987587256792e-08
0	0	0	0	0	0	1.85563765764421e-06
0	0	0	0	0	0	0.000279886620097633
0	0	0	0	0	0	4.17360225138371e-10
0	0	0	0	0	0	7.86182130555184e-08
0	0	0	0	0	0	1.77451218538845e-08
0	0	0	0	0	0	3.08598733782588e-08
0	0	0	0	0	0	0.000354574356894289
0	0	0	0	0	0	1.76223863570483e-06
0	0	0	0	0	0	1.61629119157125e-12
0	0	0	0	0	0	9.41095683247617e-07
0	0	0	0	0	0	6.82800347536553e-07
0	0	0	0	0	0	5.34749093656341e-07
0	0	0	0	0	0	2.24119713974784e-06
0	0	0	0	0	0	1.05851195867386e-10
0	0	0	0	0	0	4.43965498395373e-06
0	0	0	0	0	0	7.83291669260291e-10
0	0	0	0	0	0	1.61957483821019e-07
0	0	0	0	0	0	4.8456451426648e-05
0	0	0	0	0	0	2.72249146223407e-07
0	0	0	0	0	0	1.77067236618843e-06
0	0	0	0	0	0	7.17572904151281e-10
0	0	0	0	0	0	2.96617392773905e-06
0	0	0	0	0	0	3.32595936755627e-10
0	0	0	0	0	0	4.57269149981268e-09
0	0	0	0	0	0	2.08036321375444e-06
0	0	0	0	0	0	8.51194613960374e-08
0	0	0	0	0	0	9.74616781640504e-05
0	0	0	0	0	0	0.000232604371694715
0	0	0	0	0	0	1.08399007410632e-06
0	0	0	0	0	0	2.28256180309263e-09
0	0	0	0	0	0	2.48039015175727e-07
0	0	0	0	0	0	1.22508566060215e-06
0	0	0	0	0	0	6.50776780336086e-09
0	0	0	0	0	0	1.52106494412718e-05
0	0	0	0	0	0	1.25954373932626e-07
0	0	0	0	0	0	1.5234396644047e-06
0	0	0	0	0	0	2.77639526376677e-08
0	0	0	0	0	0	1.32170992582309e-05
0	0	0	0	0	0	1.00030253575175e-08
0	0	0	0	0	0	0.000192232844108552
0	0	0	0	0	0	8.61546057477251e-09
0	0	0	0	0	0	2.80549712584451e-10
0	0	0	0	0	0	5.62488707004455e-10
0	0	0	0	0	0	4.31729760006522e-06
0	0	0	0	0	0	1.43608931442228e-11
0	0	0	0	0	0	0.000123013651592661
0	0	0	0	0	0	1.32982555144941e-07
0	0	0	0	0	0	2.54691052550837e-06
0	0	0	0	0	0	2.85534340727331e-08
0	0	0	0	0	0	3.90786428182047e-08
0	0	0	0	0	0	0.00236649095663504
0	0	0	0	0	0	6.24555006784451e-06
0	0	0	0	0	0	7.04011281912429e-09
2e-04	4e-04	0	0.001	6e-04	8e-04	0.0193813694650931
0	0	0	0	0	0	1.34513370670356e-05
0	0	0	0	0	0	7.42245943127402e-08
0	0	0	0	0	0	7.41780779600563e-05
0	0	0	0	0	0	1.14385747234338e-11
0	0	0	0	0	0	3.46324353561507e-08
0	0	0	0	0	0	2.05577509982057e-06
0	0	0	0	0	0	1.58302689245871e-06
0	0	0	0	0	0	1.48375505184606e-05
0	0	0	0	0	0	3.39136938517168e-07
0	0	0	0	0	0	1.08903381730484e-06
0	0	0	0	0	0	4.80369872709294e-10
6e-04	0	0	0	0	0	0.0020214439227705
0	0	0	0	0	0	2.00433765389328e-06
0	0	0	0	0	0	2.34630862201779e-05
0	0	0	0	0	0	9.02751137843906e-10
0	0	0	0	0	0	1.50707248919121e-06
0	0	0	0	0	0	9.42335597696475e-06
0	0	0	0	0	0	7.0115938308418e-07
0	0	0	0	0	0	0.000260702369669761
0	0	0	0	0	0	4.81382528148536e-08
0	0	0	0	0	0	1.10309067467284e-07
0	0	0	0	0	0	1.03338003016423e-07
0	0	0	0	0	0	1.41892456910399e-07
0	0	0	0	0	0	3.15540207183423e-05
0	0	0	0	0	0	2.85215795903194e-06
0	0	0	0	0	0	2.35525632911627e-07
0	0	0	0	0	0	7.24877315571341e-07
0	0	0	0	0	0	7.18414372722748e-07
0	0	0	0	0	0	8.01486615226189e-05
0	0	0	0	0	0	8.63648287384901e-07
0	0	0	0	0	0	6.86341380095536e-07
0	0	0	0	0	0	7.61121461664639e-06
0	0	0	0	0	0	1.63381301983215e-06
0	0	0	0	0	0	5.30782310832286e-07
0	0	0	0	0	0	1.95108808468349e-07
0	0	0	0	0	0	7.39498890563691e-07
0	2e-04	0	0	0	0	0.0037931241731631
0	0	0	0	0	0	2.52330461581179e-06
0	0	0	0	0	0	2.04781013616898e-08
0	0	0	0	0	0	8.90742573719237e-05
0	0	0	0	0	0	6.45286657431925e-07
0	0	0	0	0	0	7.13259960661531e-07
0	0	0	0	0	0	1.21057419310531e-05
0	0	0	0	0	0	1.86183222606166e-05
0	0	0	0	0	0	3.62407130423769e-09
0	0	0	0	0	0	1.37661623349942e-06
0	0	0	0	0	0	2.60907455948251e-06
0	0	0	0	0	0	7.61271532563392e-08
0	0	0	0	0	0	3.53974765748016e-06
0	0	0	0	0	0	0.000251132086864418
0	0	0	0	0	0	0.000106955841007282
0	0	0	0	0	0	1.34374208306295e-05
0	0	0	0	0	0	2.10094228371318e-05
0	0	0	0	0	0	4.34485012599473e-05
0	0	0	0	0	0	2.25697769943407e-06
0	0	0	0	0	0	0.000512582389109658
1e-04	0	0	1e-04	0	0	0.000941369473930059
0	0	0	0	0	0	1.24063818916667e-08
0	0	0	0	0	0	0.000178836599436428
0	0	0	0	0	0	5.53177304592655e-06
0	0	0	0	0	0	1.86629121975832e-06
0	0	0	0	0	0	1.3529847793213e-06
0	0	0	0	0	0	0.000129343005274103
0	0	0	0	0	0	8.82492227305566e-06
0	0	0	0	0	0	5.49425459283958e-05
0	0	0	0	0	0	7.10281866938226e-05
0	0	0	0	0	0	5.14641048439525e-06
0	0	0	0	0	0	6.28742997421622e-07
0	0	0	0	0	0	9.2313759631472e-09
0	0	0	0	0	0	1.30643816266382e-07
0	0	0	0	0	0	4.83776562316846e-08
0	0	0	0	0	0	2.97382892112839e-07
0	0	0	0	0	0	8.51112998653904e-05
0	0	0	0	0	0	1.04679246993533e-06
0	0	0	0	0	0	2.09283383331902e-08
0	0	0	0	0	0	1.82906772985646e-07
0	0	0	0	0	0	1.311118792519e-06
0	0	0	0	0	0	7.10061294467092e-07
0	0	0	0	0	0	1.08781466330934e-13
0	0	0	0	0	0	4.90342720929875e-06
0	0	0	0	0	0	8.90663902614687e-08
0	0	0	0	0	0	5.40730100544392e-06
0	0	0	0	0	0	2.52239235306319e-06
0	0	0	0	0	0	9.42105634168353e-08
0	0	0	0	0	0	0.000158123549526851
0	0	0	0	0	0	9.84652820906732e-05
0	0	0	0	0	0	2.33986015009455e-07
0	0	0	0	0	0	1.91073195520873e-07
0	0	0	0	0	0	0.000127489429294816
0	0	0	0	0	0	2.86339739624742e-07
0	0	0	0	0	0	2.98599452394065e-06
0	0	0	0	0	0	9.23510367715084e-06
0	0	0	0	0	0	0.000460876106315985
0	0	0	0	0	0	4.35615951496714e-08
0	0	0	0	0	0	1.01359933471606e-08
0	0	0	0	0	0	3.23985379443004e-07
0	0	0	0	0	0	1.58342886947851e-05
0	0	0	0	0	0	2.6858082663768e-07
0	0	0	0	0	0	1.92286136975687e-09
0	0	0	0	0	0	1.01184395842097e-07
0	0	0	0	0	0	0.00060097211470222
0	0	0	0	0	0	1.36116870031702e-06
0	0	0	0	0	0	5.36002837854791e-07
0	0	0	0	0	0	9.67453375781219e-07
0	0	0	0	0	0	3.61663258843426e-08
0	0	0	0	0	0	9.85536109298495e-09
0	0	0	0	0	0	1.60091748622602e-09
0	0	0	0	0	0	4.62107304578629e-09
0	0	0	0	0	0	1.27373258058854e-08
0	0	0	0	0	0	2.59931336117268e-05
0	0	0	0	0	0	2.45486898484653e-07
0	0	0	0	0	0	1.06874106811112e-05
0	0	0	0	0	0	1.45181301804255e-08
0	0	0	0	0	0	1.85108368924123e-06
0	0	0	0	0	0	0.000309950898588014
0	0	0	0	0	0	8.3570590664477e-07
0	0	0	0	0	0	7.55890414198197e-05
0	0	0	0	0	0	7.79297574925709e-09
0	0	0	0	0	0	1.22005995202872e-05
0	0	0	0	0	0	4.9652216878608e-06
0	0	0	0	0	0	2.77458001384972e-06
0	0	0	0	0	0	3.72925729317062e-08
0	0	0	0	0	0	5.62087560750711e-08
0	0	0	0	0	0	2.94944798133468e-08
0	0	0	0	0	0	4.19831252784223e-10
0	0	0	0	0	0	4.53986436286539e-07
0	0	0	0	0	0	4.35003726899967e-08
0	0	0	0	0	0	2.21752588951511e-06
0	0	0	0	0	0	1.15088730895479e-06
0	0	0	0	0	0	2.58444932323267e-06
0	0	0	0	0	0	3.76727054381761e-06
0	0	0	0	0	0	6.22961913368617e-07
0	0	0	0	0	0	2.72494438141203e-06
0	0	0	0	0	0	2.94632889929136e-06
0	0	0	0	0	0	1.70108275266522e-06
0	0	0	0	0	0	2.85848607210497e-05
0	0	0	0	0	0	1.74309484664041e-11
0	0	0	0	0	0	2.47409913954739e-05
0	0	0	0	0	0	4.46585124909323e-05
0	0	0	0	0	0	3.50035812289073e-10
0	0	0	0	0	0	2.60263798247571e-06
0	0	0	0	0	0	5.08082003231852e-08
0	0	0	0	0	0	9.52378437858351e-07
0	0	0	0	0	0	1.89019639635895e-07
0	0	0	0	0	0	5.06750819849703e-07
0	0	0	0	0	0	1.03993027333829e-06
0	0	0	0	0	0	8.37410469419765e-08
0	0	0	0	0	0	9.51153844634448e-07
0	0	0	0	0	0	9.32316395513056e-10
0	0	0	0	0	0	3.45302224615582e-05
0	0	0	0	0	0	5.64943139015508e-06
0	0	0	0	0	0	0.00115335789144352
0	0	0	0	0	0	7.08216242440279e-05
0	0	0	0	0	0	1.3371912340887e-07
0	0	0	0	0	0	1.79810076178482e-07
0	0	0	0	0	0	0.000176186673506828
0	0	0	0	0	0	1.13349190101421e-05
0	0	0	0	0	0	6.45449244168017e-08
0	0	0	0	0	0	4.6119003114734e-05
0	0	0	0	0	0	2.90115138245577e-06
0	0	0	0	0	0	3.29377221788619e-06
0	0	0	0	0	0	2.80384404804414e-06
0	0	0	0	0	0	4.9907144440481e-06
0	0	0	0	0	0	7.68935072916166e-09
0	0	0	0	0	0	7.56178136651872e-08
0	0	0	0	0	0	8.6432522550918e-09
0	0	0	0	0	0	0.00010602149639289
0	0	0	0	0	0	6.58398063392324e-06
0	0	0	0	0	0	0.000190653866041998
0	0	0	4e-04	3e-04	0	0.00185236831968228
0	0	0	0	0	0	4.44850963631199e-08
0	0	0	0	0	0	1.74105292567159e-05
0	0	0	0	0	0	2.81294687463975e-07
0	0	0	0	0	0	3.75202525326772e-05
0	0	0	0	0	0	8.12791697865664e-06
0	0	0	0	0	0	5.32462178268404e-06
0	0	0	0	0	0	4.62522642978209e-06
0	0	0	0	0	0	1.537031038968e-06
0	0	0	0	0	0	8.61516217659642e-06
0	0	0	0	0	0	2.93902417281956e-08
0	0	0	0	0	0	9.89740563873286e-06
0	0	0	0	0	0	1.05532499425206e-08
0	0	0	0	0	0	3.7700444946419e-07
0	1e-04	0	0	1e-04	4e-04	0.00175984983833291
0	0	0	0	0	0	2.10823768409071e-06
0	0	0	0	0	0	2.1902207376948e-05
0	0	0	0	0	0	2.81607031285469e-09
0	0	0	0	0	0	7.44000894341505e-06
0	0	0	0	0	0	6.09144681258916e-05
0	0	0	0	0	0	2.75144275156823e-06
0	0	0	0	0	0	1.91697520520326e-07
0	0	0	0	0	0	1.20295397465139e-05
0	0	0	0	0	0	0.00122171281548762
0	0	0	0	1e-04	0	1.02428711270038e-05
0	0	0	0	0	0	1.13304910229486e-05
0	0	0	0	0	0	0.000179669132361144
0	0	0	0	0	0	6.3695256461632e-08
0	0	0	0	0	0	1.19272341274469e-05
0	0	0	0	0	0	1.51622652211709e-07
1e-04	0	0	0	0	0	9.02370617500811e-05
0	0	0	0	0	0	7.1733129494631e-09
0	0	0	0	0	0	9.8586377923716e-07
0	0	0	0	0	0	1.35150347609867e-05
0	0	0	0	0	0	3.0486570438049e-06
0	0	0	0	0	0	3.71208115523508e-07
0	0	0	0	0	0	7.74241289862956e-07
0	0	0	0	0	0	3.43128587164151e-06
0.0016	0.0016	0	0.0056	0.0019	0.002	0.0519794261747814
0	0	0	0	0	0	1.86553558650706e-05
0	0	0	0	0	0	1.07347805949444e-06
0	0	0	0	0	0	1.96084496978363e-07
0	0	0	0	0	0	1.53153011094592e-05
0	0	0	0	0	0	5.21314535759688e-05
0	0	0	0	0	0	4.56343342822912e-06
0	0	0	0	0	0	0.000658785310991644
0	0	0	0	0	0	3.89066335790865e-09
0	0	0	0	0	0	2.10693485933221e-07
0	0	0	0	0	0	2.97572834864469e-08
0	1e-04	0	2e-04	0	0	0.00240945008196558
0	0	0	0	0	0	3.95651811184425e-07
0	0	0	0	0	0	2.36102766423066e-05
0	0	0	0	0	0	3.26564238428068e-06
0	0	0	0	0	0	0.000360259435646773
0	0	0	0	0	0	9.58930742643332e-05
0	0	0	0	0	0	2.17802844112535e-09
0	0	0	0	0	0	1.04807233499858e-05
0	0	0	0	0	0	5.54448632690034e-05
0	0	0	0	0	0	2.38632601508447e-09
0	0	0	0	0	0	1.91121580362429e-07
0	0	0	0	0	0	6.29952399509566e-07
0	0	0	0	0	0	2.33592616939834e-06
0	0	0	0	0	0	1.23000125204352e-05
0	0	0	0	0	0	4.54091176738313e-05
0	0	0	0	0	0	2.43923760789073e-08
0	0	0	0	0	0	4.80563822249122e-05
0	0	0	0	0	0	3.87235189790929e-06
0	0	0	0	0	0	4.08333435651971e-10
0	0	0	0	0	0	2.96095698129703e-08
0	0	0	2e-04	0	0	0.000729078696089099
0	0	0	0	0	0	2.68576051682488e-05
0	0	0	0	1e-04	0	0.00184111642804555
0	0	0	0	0	0	2.68842568503535e-06
0	0	0	0	0	0	1.1511742811313e-05
0	0	0	0	0	0	8.29666681545749e-06
0	0	0	0	0	0	1.84739681196671e-05
0	0	0	0	0	0	8.0469289027461e-07
0	0	0	0	0	0	5.02063154397723e-09
0	0	0	0	0	0	4.67420929512663e-06
0	0	0	0	0	0	1.39538354017509e-07
0	0	0	0	0	0	2.89802886842348e-07
0	0	0	0	0	0	3.17030028016388e-06
0	0	0	0	0	0	3.22441033107528e-05
0	0	0	0	0	0	1.07839776400679e-06
0	0	0	0	0	0	4.6519554481276e-08
0	0	0	0	0	0	6.81807588592907e-07
0	0	0	0	0	0	5.21939120453247e-07
0	0	0	0	0	0	4.25942661027106e-07
0	0	0	0	0	0	3.8897492930434e-05
0	0	0	0	0	0	7.46454557185009e-05
0	0	0	0	0	0	1.53207407740701e-13
0	0	0	0	0	0	0.000141895025118047
0	0	0	0	0	0	2.16618912272588e-07
0	0	0	0	0	0	5.53986368992285e-06
0	0	0	0	0	0	2.85675768422418e-07
0	0	0	0	0	0	9.06275013639713e-07
0	0	0	0	0	0	5.74294336282241e-12
0	0	0	0	0	0	9.73697583401271e-07
0	0	0	0	0	0	3.61598124260803e-06
0	0	0	0	0	0	7.72419046796833e-08
0	0	0	0	0	0	6.73841586113318e-07
0	0	0	0	0	0	1.86705820877057e-10
0	0	0	0	0	0	0.000348797720694964
0	0	0	0	0	0	1.14634649118878e-08
0	0	0	0	0	0	2.13171773749124e-08
0	0	0	0	0	0	3.39258259233993e-06
0	2e-04	0	8e-04	1e-04	3e-04	0.0123642014566236
0	0	0	0	0	0	2.05272719861582e-05
0	0	0	0	0	0	4.71269545797812e-06
0	0	0	0	0	0	4.53314005626935e-09
0	0	0	3e-04	0	0	0.00046365501224164
0	0	0	0	0	0	7.57448943794902e-09
0	0	0	0	0	0	2.08037329007579e-07
0	0	0	0	0	0	1.01694168457023e-05
0	0	0	0	0	0	1.21983469474565e-07
0	0	0	0	0	0	3.40173623879548e-08
0	0	0	0	0	0	1.49569041321762e-06
0	0	0	0	0	0	8.24790193271273e-08
0	0	0	0	0	0	5.54346117403259e-05
0	0	0	0	0	0	2.19029225629709e-06
0	0	0	0	0	0	0.000380414088015151
0	0	0	0	0	0	9.05498753271656e-09
0	0	0	0	0	0	0.000130028113039694
0	0	0	0	0	0	4.25708704965359e-06
0	0	0	0	0	0	8.01824708731328e-07
0	0	0	0	0	0	3.53007095390851e-09
0	0	0	0	0	0	4.82957057697655e-08
0	0	0	0	0	0	1.24702034568256e-11
0	0	0	0	0	0	9.66534517414484e-06
0	0	0	0	0	0	4.44962342563048e-05
0	0	0	0	0	0	3.05104794046613e-05
0	0	0	0	0	0	0.000170807807831735
0	0	0	0	0	0	4.82596283165548e-06
0	0	0	0	0	0	1.61411339332859e-07
0	0	0	0	0	0	5.20224401228653e-08
0	0	0	0	0	0	0.00016075314951221
0	0	0	0	0	0	1.16828411161876e-07
0	0	0	0	0	0	1.37337510037574e-06
0	0	0	0	0	0	5.27687493403392e-08
0	0	0	0	0	0	7.53119304487858e-08
0	0	0	0	0	0	1.34821633316116e-08
0	0	0	0	0	0	1.99060042230642e-06
0	0	0	0	0	0	6.69019106149812e-06
0	0	0	0	0	0	3.04407517896097e-07
0	0	0	0	0	0	4.17974567439227e-06
0	0	0	0	0	0	2.91015526619628e-05
0	0	0	0	0	0	2.76427772132697e-09
0	0	0	0	0	0	8.15021768959038e-12
0	0	0	0	0	0	9.14124765365809e-07
0	0	0	0	0	0	4.13881459974189e-08
0	0	0	0	0	0	0.000151602492108929
0	0	0	0	0	0	3.54896838254267e-06
0	0	0	0	0	0	4.4448885384205e-08
0	0	0	0	0	0	6.27865608069433e-10
0	0	0	0	2e-04	0	0.000344435565937961
0	0	0	0	0	0	1.24155580316279e-07
0	0	0	0	0	0	0.000187863134966172
0	0	0	0	0	0	0.00015784196588055
0	0	0	0	0	0	2.39632351653592e-06
0	0	0	0	0	0	8.80277602889391e-11
0	0	0	0	0	0	3.79566638095052e-10
0	0	0	0	0	0	5.57784375459459e-08
0	0	0	0	0	0	4.0575662393351e-08
0	0	0	0	0	0	1.91877060893218e-05
0	0	0	0	0	0	3.71646093236663e-08
0	0	0	0	0	0	1.64447315089877e-05
0	0	0	0	0	0	8.33444812351637e-06
0	0	0	0	0	0	4.96808866207867e-05
0	0	0	0	0	0	6.29150192563746e-07
0	0	0	0	0	0	3.29192807121995e-11
0	0	0	1e-04	0	1e-04	0.00064054052734538
0	0	0	0	0	0	1.83036986887345e-06
0	0	0	0	0	0	1.32832640460564e-06
0	0	0	0	0	0	9.36226839179517e-08
0	0	0	0	0	0	5.05550768383675e-05
0	0	0	0	0	0	5.28815216304215e-05
0	0	0	0	0	0	2.46033331499194e-08
0	0	0	0	0	0	1.76063967589906e-05
0	0	0	0	0	0	5.43844937221088e-08
0	0	0	0	0	0	1.09101789455971e-05
0	0	0	0	0	0	5.18917641895945e-06
0	0	0	0	0	0	2.38051920847817e-07
0	0	0	0	0	0	5.70075646579787e-05
0	0	0	0	0	0	3.04750633212983e-05
0	0	0	0	0	0	0.000291416439547521
0	0	0	0	0	0	4.23175196073636e-07
0	0	0	0	0	0	4.91338516363422e-05
0	0	0	0	0	0	1.90778408518188e-07
0	0	0	0	0	0	2.6007505563788e-05
0	0	0	0	0	0	3.0483836477539e-07
0	0	0	0	0	0	5.44462567837454e-07
0	0	0	0	0	0	3.4592809122996e-06
0	0	0	0	0	0	6.17668208218566e-06
0	0	0	0	0	0	3.4062169936301e-09
0	0	0	0	0	0	3.77048276463075e-06
0	0	0	0	0	0	1.08837797856009e-06
0	0	0	0	0	0	1.90483654653991e-06
0	0	0	0	0	0	2.97327076321294e-07
0	0	0	0	0	0	7.02480832063866e-07
0	0	0	0	0	0	1.59456780704195e-06
0	0	0	0	0	0	1.11779052330441e-06
0	1e-04	0	3e-04	0	1e-04	0.00429610428854012
0	0	0	0	0	0	2.47556158381527e-08
8e-04	4e-04	1e-04	9e-04	5e-04	6e-04	0.0201214983980548
0	0	0	0	0	0	1.37171088623785e-06
0	0	0	0	0	0	0.000266545644950134
0	0	0	0	0	0	2.57784955041627e-09
0	0	0	0	0	0	1.70078949891818e-09
0	0	0	0	0	0	1.74895944410242e-05
0	0	0	0	0	0	2.04222600772291e-07
0	0	0	0	0	0	6.94998545346465e-09
0	0	0	0	0	0	4.44367324940084e-06
0	0	0	0	0	0	4.28500605740865e-09
0	0	0	0	0	0	1.36223482942089e-09
0	0	0	0	0	0	1.57892484580058e-07
0	0	0	0	0	0	2.9145195727168e-05
0	0	0	0	0	0	3.64830318652461e-07
0	0	0	0	0	0	5.1768799569283e-08
0	0	0	0	0	0	2.57465850640691e-07
0	0	0	0	0	0	7.13583428912104e-07
0	0	0	0	0	0	1.20187136202834e-07
0	0	0	0	0	0	7.44758352834861e-07
0	0	0	0	0	0	6.72768606639113e-06
0	0	0	0	0	0	2.21993483449327e-06
0	0	0	0	0	0	7.24079432492028e-09
0	0	0	0	0	0	0.000155025043414538
0	0	0	0	0	0	1.97687183016097e-05
0	0	0	0	0	0	7.89417194406412e-08
0	0	0	0	0	0	1.67845735790929e-07
0	0	0	0	0	0	9.25018719781932e-08
0	0	0	0	0	0	1.81160871811818e-07
0	0	0	0	0	0	4.00306856470027e-05
0	0	0	0	0	0	7.11022811844113e-08
0	0	0	0	0	0	1.87192788166513e-06
0	0	0	0	0	0	2.87888384016743e-07
0	0	0	0	0	0	1.31989347547959e-07
0	0	0	0	0	0	3.46442363173674e-06
0	0	0	0	0	0	3.32358437548015e-08
0	0	0	0	0	0	4.20666577922032e-08
0	0	0	0	0	0	0.000100341879507588
0	0	0	0	0	0	3.85600587634312e-05
0	0	0	0	0	0	1.16885502473384e-06
0	0	0	0	0	0	7.76828259834077e-10
0	0	0	0	0	0	8.12802136309076e-07
0	0	0	0	0	0	1.61497785545638e-06
0	0	0	0	0	0	1.39276975419347e-05
0	0	0	0	0	0	4.73547223994399e-06
0	0	0	0	0	0	9.1365916778988e-07
0	0	0	0	0	0	1.45281146267659e-05
0	0	0	0	0	0	0.000376349937708495
0	0	0	0	0	0	2.58365278282222e-06
0	0	0	0	0	0	4.68965795347556e-07
0	0	0	0	0	0	0.000409993581361419
0	0	0	0	0	0	1.02569953860155e-07
0	0	0	0	0	0	6.24239390169153e-06
0	0	0	0	0	0	9.1447060868086e-06
0	0	0	0	0	0	0.000482556632826436
0	0	0	0	0	0	1.33770442018027e-06
0	0	0	0	0	0	1.84226282912582e-07
0	0	0	0	1e-04	0	0.000267641382546452
0	0	0	0	0	0	2.55393417025231e-10
0	0	0	0	0	0	1.54176217010655e-05
0	0	0	0	0	0	1.19859962790918e-08
0	0	0	0	0	0	5.10792751836123e-06
0	0	0	0	0	0	7.94901002870521e-08
0	0	0	0	0	0	1.26408438169997e-09
0	0	0	0	0	0	7.4811634478693e-07
0	0	0	0	0	0	1.3248196569287e-06
0	0	0	0	0	0	4.21089434850271e-07
0	0	0	0	0	0	1.05265667021409e-05
0	0	0	0	0	0	2.0503414413198e-06
0	0	0	0	0	0	7.76625314514934e-11
0	0	0	0	0	0	0.000113837565855959
0	0	0	0	0	0	8.70239108498998e-06
0	0	0	0	0	0	2.12192719143464e-08
0	0	0	0	0	0	9.27430044295692e-09
0	0	0	0	0	0	2.39552540648232e-11
0	0	0	0	0	0	1.39900818013762e-07
0	0	0	0	0	0	9.69745166332234e-07
0	0	0	0	0	0	1.52185788110473e-05
0	0	0	0	0	0	3.67787866670953e-06
0	0	0	0	0	0	1.36511649680451e-08
0	0	0	0	0	0	2.55402913990337e-06
0	0	0	0	0	0	9.07112742418234e-08
0	0	0	0	0	0	2.51933566566016e-07
0	0	0	0	0	0	3.00960225060894e-05
0	0	0	0	0	0	7.44107178507844e-07
0	0	0	0	0	0	7.66841375989398e-07
0	0	0	0	1e-04	0	0.00159747587930612
0	0	0	0	0	0	7.76222772808633e-06
0	0	0	0	0	0	7.9191601380915e-09
0	0	0	0	0	0	9.3341206382058e-07
3e-04	1e-04	0	0	2e-04	1e-04	0.00362503633173544
0	0	0	0	0	0	8.7783357910356e-09
0	0	0	0	0	0	1.28947267137235e-09
0	0	0	0	0	0	1.10101172856534e-09
0	0	0	0	0	0	1.979177268728e-08
0	0	0	0	0	0	1.15685626290414e-06
0	0	0	0	0	0	6.27315091961608e-06
0	0	0	0	0	0	1.09785456923318e-06
0	0	0	0	0	0	7.09628707684754e-07
0	0	0	0	0	0	1.95775054504169e-05
0	0	0	0	0	0	3.02540449113568e-10
0	0	0	0	0	0	6.75223665758712e-12
0	0	0	1e-04	0	0	0.000174155440733258
0	0	0	0	0	0	3.07355675229864e-08
0	0	0	1e-04	0	0	0.000326038465076019
0	0	0	0	0	0	3.81491569301218e-08
0	0	0	0	0	0	6.28066560323491e-06
0	1e-04	0	4e-04	1e-04	3e-04	0.00604715596732683
0	0	0	0	0	0	0.000117837765410851
0	0	0	0	0	0	2.45873404317876e-05
0	0	0	0	0	0	3.19843065894701e-09
0	0	0	0	0	0	6.28067450619026e-11
0	0	0	0	1e-04	0	5.79070303572224e-05
0	0	0	0	0	0	1.2941340971119e-06
0	0	0	0	0	0	3.76599848520916e-05
0	0	0	0	0	0	1.24079257801206e-07
0	0	0	0	0	0	5.46423323665375e-10
0	0	0	0	0	0	5.40867709485378e-12
0	0	0	0	0	0	1.05453197871652e-07
0	0	0	0	0	0	1.02213709466539e-06
0	0	0	0	0	0	1.98133758216711e-07
0	0	0	0	0	0	5.09716796709737e-10
0	0	0	0	0	0	8.45449414405028e-05
0	0	0	0	0	0	3.52258036819245e-07
0	0	0	0	0	0	5.11064455658362e-09
0	0	0	0	0	0	2.40543894167603e-05
0	0	0	0	0	0	1.38868378825939e-07
0	0	0	0	0	0	3.76503894738005e-05
0	0	0	0	0	0	8.95495250889164e-08
0	0	0	0	0	0	2.06926590011479e-07
0	0	0	0	0	0	2.04755490844388e-09
0	0	0	0	0	0	5.29067743520359e-05
0	0	0	0	0	0	7.6329765932743e-08
0	0	0	1e-04	2e-04	0	0.000337251504292927
1e-04	1e-04	0	6e-04	2e-04	0	0.00078080441089225
0	0	0	0	0	0	4.00223784594828e-07
0	0	0	0	0	0	2.94993946386724e-06
0	0	0	0	0	0	6.75339200504037e-09
0	0	0	0	0	0	1.12685196728112e-07
1e-04	1e-04	0	0	0	0	0.000503310848190225
0	0	0	0	0	0	2.97557035156967e-08
0	0	0	0	0	0	4.30425835735905e-12
0	0	0	0	0	0	9.59410810244598e-09
0	0	0	0	0	0	4.09313768101052e-09
0	0	0	0	0	0	0.000146783236713522
0	0	0	0	0	0	0.000392494889869382
0	0	0	2e-04	0	0	0.00017221300790563
0	0	0	0	0	0	2.25913600303448e-08
0	0	0	0	0	0	2.80632396195677e-05
0	0	0	0	0	0	4.42582830882315e-06
0	0	0	0	0	0	3.33416361881102e-05
0	0	0	0	0	0	5.30102630603864e-09
0	0	0	0	0	0	0.000237598375541235
0	0	0	0	0	0	0.000121114910861007
0	0	0	0	0	0	4.82872286536012e-05
0	0	0	0	0	0	1.57202425135713e-05
0	0	0	0	0	0	0.00110582979477044
0	0	0	0	0	0	3.22076475392902e-08
0	0	0	0	0	0	1.67691318125495e-05
1e-04	1e-04	0	2e-04	4e-04	2e-04	0.00547811050711293
0	0	0	0	1e-04	0	0.000151838949582072
0	0	0	0	0	0	3.97349417695377e-06
0	0	0	0	0	2e-04	0.000502055204999731
0	0	0	0	0	0	1.34289519674733e-07
0	0	0	0	0	0	5.47669471308242e-08
0	0	0	1e-04	0	0	0.000570578901378338
0	0	0	0	0	0	3.68144496680811e-09
0	0	0	0	0	0	1.5405974852897e-09
0	0	0	0	0	0	6.46045177611003e-09
0	0	0	0	0	0	0.000490033284329747
0	0	0	0	0	0	1.64080585976962e-07
0	0	0	0	0	0	1.12514787061498e-05
0	0	0	0	0	0	1.08107227439422e-08
0	0	0	0	0	0	1.59541704963468e-08
0	0	0	0	0	0	9.35655599973459e-06
0	0	0	0	0	0	3.95710013204711e-07
0	0	0	0	0	0	3.31165502521143e-08
0	0	0	0	0	0	8.737327357104e-08
0	0	0	0	0	0	6.91314480364628e-10
0	0	0	0	0	0	1.92231108835185e-07
0	0	0	0	0	0	2.07986399345747e-10
0	0	0	0	0	0	8.83928288854325e-08
0	0	0	0	0	0	2.9120261285491e-05
0	0	0	0	0	0	1.08183270688793e-05
0	0	0	0	0	0	9.82158034448256e-09
0	0	0	0	0	0	7.56985330814244e-06
0	0	0	0	0	0	0.00014926715629556
0	0	0	0	0	0	2.87991811398681e-06
0	0	0	0	0	0	5.17138608778788e-07
0	0	0	0	0	0	4.23514638913576e-06
0	0	0	0	0	0	0.000246061282719145
0	0	0	0	0	0	1.94038658646197e-05
0	0	0	0	0	0	3.8274552631353e-07
0	0	0	1e-04	0	0	0.000384771026049016
0	0	0	0	0	0	2.53015718402261e-07
0	0	0	0	0	0	6.10714878439023e-07
0	0	0	0	0	0	3.32685254980252e-08
0	0	0	0	0	0	2.8736570946467e-06
0	0	0	0	0	0	2.1275022436698e-05
0	0	0	0	0	0	5.43835576112353e-05
0	0	0	0	0	0	6.34092698345086e-09
0	0	0	0	0	0	3.07233301320785e-09
0	0	0	0	0	0	3.67827503259869e-05
0	0	0	0	0	0	1.53068877791346e-09
0	0	0	0	0	0	1.58975906047856e-08
0	0	0	0	0	0	0.000286018517327662
0	0	0	0	0	0	2.86012958331887e-10
0	0	0	0	0	0	2.63275048639946e-06
0	0	0	0	0	0	4.29887516166703e-06
0	0	0	0	0	0	1.32067664781656e-06
0	0	0	0	0	0	1.14145408892746e-11
0	0	0	0	0	0	8.8100375255554e-10
0	0	0	0	0	0	0.000232955525787548
0	0	0	0	0	0	1.17185848097216e-07
0	0	0	0	0	0	5.20990366801403e-07
0	0	0	0	0	0	0.000149979304044827
0	0	0	0	0	0	2.71703611788066e-08
0	0	0	0	0	0	1.43196332416174e-05
0	0	0	0	0	0	1.63007389842156e-06
0	0	0	0	0	0	1.84548431981104e-08
0	0	0	0	0	0	1.66158263920349e-06
0	0	0	0	0	0	1.11316074550369e-05
0	0	0	0	0	0	3.38507838226182e-05
0	0	0	0	0	0	2.09172322682322e-06
0	0	0	0	0	0	1.92526675118243e-07
0	0	0	0	0	0	5.317007608758e-08
0	0	0	0	0	0	3.03831573102214e-06
0	0	0	0	0	0	6.13881588452588e-06
