FMP	RMP	FPP	UPP	ANPP	NPP	ANCOVA
0	0	1e-04	0	0	0	0.000599920845047588
0	0	0	2e-04	0	0	0.000502142580081691
2e-04	0	0.0014	0.0021	0.0019	0.0025	0.0459959030187192
0	0	1e-04	1e-04	6e-04	1e-04	0.00490634300902921
0.0011	0.0018	0.0031	0.0098	0.0069	0.0069	0.10590547448318
0.001	9e-04	0.0013	0.0055	0.0021	0.0023	0.0495678291645617
0	0	0	0	1e-04	0	0.00218186988108426
0	0	0	3e-04	3e-04	5e-04	0.00473258467048282
0.0112	0.0085	0.0052	0.0347	0.0164	0.0151	0.143601766206027
0	0	0	0	0	0	1.37635279720191e-05
0.0014	9e-04	0.0024	0.0075	0.0048	0.0039	0.089857617763858
0	0	2e-04	5e-04	4e-04	3e-04	0.0112774082750054
0	0	3e-04	0.0011	6e-04	6e-04	0.0190851238995638
0.0042	0.0027	0.0028	0.0152	0.009	0.0108	0.129256969532815
0	0	2e-04	0	0	2e-04	0.00152255026521193
0	0	0	0	0	0	0.000258979748040757
2e-04	1e-04	0	2e-04	2e-04	0	0.00859494055500236
3e-04	9e-04	7e-04	0.0029	0.0021	0.0019	0.0506050158362232
0.0021	0.0028	0.0034	0.0131	0.0053	0.0081	0.163823270878481
0	0	2e-04	1e-04	3e-04	1e-04	0.00519217749192211
0.0056	0.0049	0.0062	0.0287	0.0153	0.0172	0.190995826533795
0.0648	0.0604	0.028	0.1441	0.0794	0.0788	0.369315333856049
0	0	0	1e-04	0	0	6.05450364826263e-05
0.0045	0.0053	0.0046	0.0315	0.0133	0.0135	0.207102120100039
0	0	6e-04	6e-04	9e-04	8e-04	0.0138771694009309
0	0	1e-04	1e-04	2e-04	0	0.00551544730819234
0	0	0	0	0	0	0.000155496902578155
0.1195	0.1182	0.0578	0.2915	0.1738	0.1804	0.723577428009783
0.0051	0.0034	0.0054	0.0291	0.0149	0.0135	0.186280444467059
0	0	0	3e-04	0	0	0.000584926210005086
4e-04	3e-04	0.0013	0.0075	0.0019	0.0024	0.0666635610176076
0	6e-04	7e-04	0.0021	8e-04	3e-04	0.0161400340231381
0	1e-04	3e-04	9e-04	5e-04	3e-04	0.0149216599224761
0.002	4e-04	9e-04	0.0066	0.0047	0.0043	0.0681320821188217
1e-04	3e-04	4e-04	0.0018	5e-04	0.0012	0.0182250376676509
0	3e-04	0	3e-04	4e-04	1e-04	0.00354312378142778
0	0	0	0	0	0	0.00042184915644713
0.001	0.0011	0.0028	0.0103	0.0043	0.0054	0.0743773958027365
0.0012	0.0015	0.0017	0.0085	0.0054	0.0046	0.116503879938197
0.0018	0.0023	0.0015	0.0089	0.0034	0.004	0.0524847417815507
0	0	0	0	0	0	8.16227094892811e-05
0.0071	0.0061	0.0098	0.036	0.0242	0.0232	0.263323618052289
1e-04	0	1e-04	0.0016	7e-04	4e-04	0.014309910588994
0.0069	0.009	0.0053	0.0404	0.0193	0.0176	0.258559509724379
0	0	0	0	0	0	0.00134152246768173
0	0	0	0	0	0	1.97546045622964e-05
6e-04	5e-04	0	0.0024	0.0022	8e-04	0.0175248652497461
0.025	0.0258	0.0169	0.0797	0.0444	0.0427	0.290239654140909
0.0021	0.0012	0.0034	0.0102	0.0051	0.0047	0.112523026764369
8e-04	3e-04	0.0013	0.0027	0.0012	0.0025	0.048294664876833
2e-04	2e-04	7e-04	0.0013	4e-04	7e-04	0.0193289403981106
2e-04	8e-04	0.001	0.001	5e-04	0.0015	0.0151324083442305
2e-04	2e-04	7e-04	0.0026	0.0012	0.0011	0.0355081691364065
0	0	0	5e-04	3e-04	0	0.00257099396565931
9e-04	1e-04	0.0011	0.0064	0.0042	0.002	0.0601027897262903
0	0	0	1e-04	2e-04	1e-04	0.00370071911293463
6e-04	2e-04	9e-04	0.0021	0.0023	0.0016	0.0417340769669045
0	0	4e-04	0.0015	0.0012	3e-04	0.0225697012621676
0	0	0	0	0	0	4.38741417135406e-05
0.0035	0.005	0.0027	0.0154	0.0074	0.0078	0.139276857531344
0.0054	0.0039	0.0025	0.0191	0.0104	0.0099	0.129781348692182
5e-04	0.0012	0.0023	0.0059	0.0036	0.0024	0.0626690139748344
0	0	0	0	0	2e-04	0.00252365777086825
0	0	1e-04	0	0	0	0.000795891488904587
0	0	0	8e-04	7e-04	9e-04	0.0177861465611256
0	0	0	0	0	0	0.000246893102025341
0	0	0	0	0	0	8.77780294155171e-05
5e-04	7e-04	7e-04	0.0032	0.0018	0.0028	0.0463946849298651
0.0096	0.0082	0.0062	0.0462	0.0216	0.0223	0.23553032907664
5e-04	0	0	2e-04	3e-04	1e-04	0.00538544925808529
0.2479	0.2676	0.0373	0.3163	0.1822	0.1918	0.584093145394848
0.0015	0.0015	0.0029	0.0142	0.0098	0.0075	0.154717002348117
0.0012	0.001	0.0023	0.0063	0.0027	0.004	0.0714512268667211
0	0	0	0	0	0	0.000237276170612993
3e-04	6e-04	9e-04	0.0022	0.0024	0.0027	0.0598164182981573
0.0026	0.0014	0.004	0.0168	0.0124	0.0096	0.123386246041385
0	0	0	0	0	3e-04	0.00114670808577512
1e-04	1e-04	0	6e-04	3e-04	1e-04	0.00231731832013925
0	0	0	0	0	0	0.000304531399102863
0.0111	0.0093	0.0036	0.0336	0.0157	0.0148	0.103177405127314
0	0	4e-04	9e-04	2e-04	4e-04	0.0107994096256456
0	0	0	0	0	0	0.00015539263672526
3e-04	0	0	0	0	0	0.00522051685210639
0	0	0	0	0	0	3.37666310849711e-05
5e-04	1e-04	5e-04	0.0021	0.0022	0.0014	0.0324415891923648
1e-04	0	1e-04	0.002	6e-04	0.001	0.0109274567918506
0	0	0	0	0	0	0.00103774151092425
0	0	0	0	0	0	0.00031460257590077
0.0013	0.0022	0.0013	0.0121	0.0076	0.0057	0.125509108130036
0.0047	0.0052	0.0036	0.0203	0.0104	0.011	0.121245776651272
3e-04	0	0	3e-04	1e-04	3e-04	0.00238624169462056
5e-04	6e-04	0	9e-04	1e-04	3e-04	0.00660672958653383
3e-04	1e-04	0.0014	0.0035	0.003	0.0028	0.0475269229349415
1e-04	0	3e-04	7e-04	2e-04	6e-04	0.0122156358277036
0	0	0	3e-04	0	0	0.0014851226411932
0.0032	0.003	0.0069	0.0239	0.0121	0.014	0.173838479478408
1e-04	0	2e-04	3e-04	3e-04	2e-04	0.00560467975744116
0	0	0	1e-04	0	2e-04	0.00372813338621608
0.0012	9e-04	0.0021	0.0063	0.0031	0.0038	0.0651821068063218
0.0015	3e-04	0.0019	0.0102	0.0051	0.0066	0.122731381335635
0	1e-04	0	2e-04	7e-04	1e-04	0.0047744999941865
6e-04	0	4e-04	0.0013	8e-04	0.0011	0.027434640693594
0	0	1e-04	0	1e-04	2e-04	0.00305793576779287
0	0	0	2e-04	0	1e-04	0.000418748890166595
1e-04	1e-04	9e-04	0.0017	0.0015	0.002	0.0499852529958305
0.027	0.0211	0.0036	0.0563	0.0277	0.0276	0.180930321579178
0	0	0	0	0	0	0.000156400233673051
0	5e-04	8e-04	0.0021	0.0019	0.0019	0.0376890704735541
0	0	1e-04	3e-04	6e-04	2e-04	0.00346942878187708
0.0217	0.0237	0.0122	0.0803	0.0421	0.046	0.295836227684191
0	0	0	0	0	0	0.000645631258009729
0.0271	0.0298	0.0156	0.082	0.051	0.0507	0.276974047143026
0.0169	0.0162	0.0219	0.0854	0.0524	0.0564	0.350704202706324
0.004	0.0024	0.0041	0.0261	0.0147	0.0156	0.14616923736403
0	0	2e-04	3e-04	0	2e-04	0.00303927530429902
0	0	0	0	0	0	0.000758496920055844
2e-04	1e-04	3e-04	0.002	6e-04	0.0013	0.0299023430887157
0	0	0	3e-04	1e-04	2e-04	0.00459432369633156
1e-04	0	0	3e-04	2e-04	0	0.00233987740205043
1e-04	3e-04	5e-04	0.002	0.0014	0.0029	0.0432187984376569
0.0041	0.0034	0.0039	0.0189	0.0088	0.0138	0.157252243388306
6e-04	7e-04	0.0019	0.0071	0.004	0.0044	0.0848616366610303
0.0018	0.0018	0.002	0.0129	0.0056	0.0074	0.0895108234871819
0	0	0	1e-04	1e-04	0	0.00130747207121259
0.1215	0.1281	0.0806	0.3314	0.1956	0.1999	0.736920486723724
0	0	0	0	0	0	4.23466293691183e-05
0	0	0	0	0	0	0.000354319017024276
5e-04	6e-04	0	7e-04	7e-04	7e-04	0.0061829089544135
0.0012	2e-04	3e-04	0.0036	0.0017	6e-04	0.0178282747143303
1e-04	1e-04	0	0.001	3e-04	0.001	0.0108334769550448
4e-04	2e-04	6e-04	0.0051	0.0017	0.0012	0.0466591255207935
0	0	0	5e-04	4e-04	2e-04	0.0018040260250071
0.0025	0.0026	0.002	0.012	0.0064	0.0059	0.0964393345308948
1e-04	1e-04	0	0.0015	1e-04	4e-04	0.0162868567136608
1e-04	2e-04	2e-04	0.0019	0.0012	0.0011	0.0254086894247344
3e-04	1e-04	4e-04	7e-04	3e-04	8e-04	0.0143865298687413
0	1e-04	2e-04	7e-04	1e-04	2e-04	0.00481469155131706
1e-04	0	0	0	1e-04	0	0.00181549638546276
0	0	0	0	0	0	0.00102816075725671
1e-04	8e-04	2e-04	0.0016	0.001	0.0023	0.0387400209094922
7e-04	0.0023	0.0024	0.0126	0.0091	0.0068	0.134865564299529
0	1e-04	8e-04	0.0012	0.0015	3e-04	0.017333737721216
3e-04	2e-04	0.0012	0.0067	0.0041	0.0049	0.0598007586371019
0	4e-04	0	1e-04	1e-04	0	0.00197089266469496
4e-04	1e-04	0.0011	0.0032	0.0014	0.0021	0.0436838742839346
0	2e-04	1e-04	0	1e-04	3e-04	0.00254007905407735
2e-04	0	3e-04	0.001	8e-04	6e-04	0.0165763896530045
1e-04	3e-04	1e-04	0.0028	3e-04	0.001	0.0185750213602753
0	0	4e-04	0.004	0.0019	0.0011	0.0338284143843209
0.0275	0.0271	0.0236	0.1001	0.0653	0.0593	0.420446553368013
0	0	3e-04	9e-04	1e-04	3e-04	0.0123521354910058
1e-04	7e-04	6e-04	0.002	8e-04	0.0012	0.0329077481403121
0	0	0	6e-04	0	0	0.00213512695935729
0	1e-04	4e-04	7e-04	6e-04	5e-04	0.0170725459422752
0	0	0	0	0	0	0.000198490544892212
0	0	0	0	0	0	4.92030254654107e-05
0	0	0	8e-04	1e-04	2e-04	0.00513138909931965
2e-04	0	2e-04	1e-04	0	1e-04	0.00765724345495273
0	0	0	8e-04	3e-04	8e-04	0.0128177088807535
0.0159	0.0183	0.0076	0.0571	0.0293	0.0283	0.215407511686267
6e-04	4e-04	9e-04	0.0043	0.0027	0.0026	0.0356095367657588
1e-04	0	0	0	0	0	0.000731008313220019
0.0034	0.0029	0.0024	0.0167	0.0113	0.0077	0.11965366868955
0	0	0	1e-04	0	0	0.000821337114555738
0.0012	0.0011	0.0011	0.0028	0.0026	0.0015	0.0567977937511661
2e-04	0	0	2e-04	1e-04	2e-04	0.00822961075293319
0.0061	0.0047	0.0014	0.0128	0.0058	0.0074	0.0438259424926589
0.0156	0.0129	0.0074	0.0586	0.0229	0.0293	0.275580795773248
0	0	5e-04	7e-04	5e-04	3e-04	0.0132320503724444
8e-04	0.0034	6e-04	0.0067	0.0031	0.0031	0.0490709031454101
0.003	0.0037	7e-04	0.0069	0.0021	0.0026	0.0212070109476913
0	0	0	4e-04	0	0	0.000437181379371835
0	0	1e-04	2e-04	1e-04	0	0.00291951511396205
0	2e-04	1e-04	6e-04	6e-04	1e-04	0.00676369307966022
0	0	0	0	0	0	0.000211683820271479
0	0	0	0	0	0	6.03324925054285e-05
0	1e-04	1e-04	2e-04	3e-04	0	0.00217763601464674
0	0	0	0	0	0	0.000146180609494093
0	0	5e-04	0.001	0.0015	6e-04	0.019781806933366
0.0031	0.0017	0.0018	0.0084	0.0034	0.005	0.070000973147278
0.0407	0.0568	0.0353	0.1843	0.1009	0.1077	0.632164537750044
0.0016	0.0013	0.0049	0.0184	0.0111	0.0098	0.145655727237496
9e-04	0.0012	0.002	0.0117	0.0092	0.0072	0.0802676459462337
0.0215	0.0177	0.0148	0.0815	0.0475	0.044	0.402687120189981
1e-04	0.001	5e-04	0.0035	0.0021	0.0028	0.0516663552284906
0	0	0	4e-04	0	0	0.00322075380214093
1e-04	0	1e-04	2e-04	5e-04	5e-04	0.00257168240607746
0	0	3e-04	5e-04	2e-04	0	0.0038793244694192
0	0	0	2e-04	2e-04	0	0.00255891266046442
0	0	0	0	0	2e-04	0.000476067934489738
0	1e-04	0	0	4e-04	3e-04	0.00139126212042955
0	0	0	0	0	0	0.00067876883938614
7e-04	0.0013	6e-04	0.0048	0.0028	0.0036	0.0461692450510527
0	8e-04	0	0.0012	9e-04	4e-04	0.0104203230110681
0.0057	0.0021	0.0065	0.0231	0.0143	0.014	0.154268241367163
0.0765	0.0847	0.025	0.1381	0.0836	0.0856	0.335518110764265
0	0	0	0	0	0	0.000173479742228287
0	1e-04	2e-04	0.0012	1e-04	4e-04	0.0142989824237171
0	1e-04	4e-04	0.0014	9e-04	9e-04	0.0261169819420601
0.0028	0.0023	0.0047	0.0168	0.0104	0.0092	0.13399743582173
1e-04	0	0	1e-04	0	2e-04	0.00152338491068524
0	0	0	5e-04	2e-04	4e-04	0.0032954564506168
7e-04	0.0014	0.0039	0.0124	0.0098	0.0089	0.128420421242634
2e-04	1e-04	3e-04	6e-04	4e-04	4e-04	0.0157372481535239
0.0067	0.0074	0.0037	0.0229	0.0114	0.0134	0.0993057378108619
0	0	0	0	1e-04	0	0.0023908863825573
0	0	1e-04	4e-04	0	1e-04	0.00383825425794682
0	0	2e-04	5e-04	4e-04	3e-04	0.0114257027831337
0.0021	0.0021	0.0027	0.0125	0.0089	0.0058	0.137149854583683
0.0129	0.0167	0.0116	0.0681	0.0346	0.0401	0.353310982738939
0	0	0	2e-04	0	0	0.0011128426829127
2e-04	2e-04	2e-04	0.0037	0.0022	0.001	0.0368425270811346
0.0014	0.0014	0.0034	0.0129	0.0092	0.008	0.107006312077746
1e-04	0	3e-04	0.0017	0.0015	0.001	0.0251379222826209
1e-04	1e-04	2e-04	3e-04	2e-04	3e-04	0.00764401106533443
0	0	0	0	0	0	3.45938831825526e-05
0	5e-04	6e-04	3e-04	3e-04	0	0.00333410538559845
1e-04	0	1e-04	8e-04	5e-04	5e-04	0.010172929468372
9e-04	0.001	0.0028	0.0099	0.0063	0.0072	0.0746691522098464
0	0	4e-04	0.0011	9e-04	5e-04	0.0218605766069574
6e-04	7e-04	0.002	0.0057	0.0036	0.0033	0.0498803323604156
0	0	0	1e-04	2e-04	1e-04	0.000868200041629169
0	0	0	0	0	0	0.00142245248746586
0	0	0	0	1e-04	0	0.000695162640779498
4e-04	0	0	5e-04	5e-04	3e-04	0.00922956764293056
0	0	0	0	1e-04	0	0.000617964657128174
0	0	0	4e-04	3e-04	1e-04	0.00280290562090384
5e-04	0	3e-04	0.0013	3e-04	3e-04	0.0163159323109863
1e-04	3e-04	5e-04	0.0032	0.0034	0.0015	0.0266704393003693
0	0	0	0	0	0	0.000740143158662177
0	0	0	0	0	0	5.23383786457799e-05
0	1e-04	0	0	3e-04	0	0.00102419597926109
1e-04	0	0	0.001	2e-04	4e-04	0.00357551019379913
0	0	0	2e-04	0	0	0.00119173908042414
0	0	0	2e-04	0	0	0.00224645424756497
0	1e-04	0	4e-04	1e-04	0	0.004356267299647
0.0029	0.0021	0.0031	0.0123	0.0088	0.0067	0.100711927265347
1e-04	3e-04	9e-04	0.0023	9e-04	8e-04	0.0274984562521792
0	0	0	0	0	2e-04	0.000646108505162795
0	0	0	2e-04	0	3e-04	0.00289315782354013
0.1972	0.1963	0.0384	0.3002	0.1763	0.1683	0.590548115879416
0	1e-04	1e-04	6e-04	3e-04	3e-04	0.00897330661068983
0.0243	0.0212	0.0078	0.0707	0.0349	0.0338	0.276073623953949
0.0106	0.0123	0.0066	0.0414	0.022	0.0185	0.20802084575108
1e-04	5e-04	3e-04	0.0034	0.0011	0.002	0.0267268054766613
1e-04	0	1e-04	0.001	6e-04	2e-04	0.0163387566762645
0.0014	7e-04	0.0012	0.0065	0.0027	0.0027	0.0454392512552598
2e-04	1e-04	0.0012	0.0011	8e-04	5e-04	0.0203035558744446
0	0	0	0	0	0	0.000284001927263014
0.0093	0.0082	0.0017	0.0198	0.0081	0.0106	0.07937920829592
0.0056	0.0082	0.0141	0.0373	0.021	0.0224	0.282696951648283
4e-04	7e-04	9e-04	0.0036	0.0025	0.0017	0.0435377124590945
2e-04	3e-04	6e-04	0.0011	4e-04	0.001	0.0242952475697021
0	1e-04	4e-04	6e-04	4e-04	6e-04	0.0117738044658257
0	0	0	0	0	0	0.000230716869625051
0	0	0	0	0	1e-04	0.000608215145387793
0.0013	0.003	7e-04	0.0073	0.0054	0.0031	0.075878884730914
2e-04	3e-04	6e-04	0.0036	0.001	8e-04	0.033393873441428
2e-04	0	5e-04	5e-04	5e-04	1e-04	0.0106913371249819
0	0	0	2e-04	2e-04	1e-04	0.00335215326504081
0.0016	0.0012	0.0021	0.0077	0.0057	0.0064	0.0960153825063823
0	0	0	0	0	0	1.69721418618233e-05
0	0	2e-04	2e-04	2e-04	2e-04	0.00673128182952169
0	0	5e-04	0.0011	2e-04	6e-04	0.0134105654052878
8e-04	6e-04	0.0016	0.0084	0.0043	0.0032	0.0816224661524664
0.0092	0.0091	0.0046	0.0322	0.0146	0.0161	0.146126636424119
0.0012	9e-04	0.0019	0.0075	0.0056	0.0039	0.0849409001512338
0.0214	0.0211	0.0193	0.089	0.0553	0.0495	0.344346088344535
0.0119	0.0186	0.0076	0.0558	0.0321	0.028	0.257210324457028
0.0016	0.0017	0.0013	0.0084	0.0041	0.0039	0.0855902044851474
0.0034	0.001	0.0039	0.0119	0.006	0.0088	0.112929626543826
0.1131	0.1095	0.0079	0.1057	0.0579	0.0557	0.226468905129763
0.0077	0.0068	0.0018	0.0146	0.006	0.0052	0.0490030009602453
7e-04	7e-04	9e-04	0.006	0.0025	0.0041	0.0575630687330053
0.0041	0.0028	0.0033	0.0124	0.009	0.0085	0.0593791083665341
0	2e-04	1e-04	7e-04	8e-04	3e-04	0.00935990464174093
0	3e-04	6e-04	0.0031	0.0016	8e-04	0.0397128201723817
5e-04	7e-04	0.0013	0.0083	0.0038	0.0031	0.062700179621137
0.0381	0.0284	0.011	0.0893	0.0401	0.0448	0.37241270030438
0	1e-04	3e-04	0.0024	8e-04	0.0012	0.0266494134842399
0	0	0	2e-04	1e-04	1e-04	0.0014982000007909
0	0	2e-04	1e-04	0	0	0.00276878827609376
0.001	0.0021	9e-04	0.004	0.003	0.0027	0.0400867067151874
1e-04	6e-04	0.0011	0.0043	0.003	0.0029	0.0525809605768136
3e-04	4e-04	4e-04	0.0015	0.0011	7e-04	0.015057805418042
2e-04	2e-04	2e-04	4e-04	2e-04	1e-04	0.00659531461504742
1e-04	0	1e-04	7e-04	4e-04	5e-04	0.0120399661963791
0.0063	0.0089	0.0124	0.0553	0.0324	0.0325	0.327347756972635
3e-04	3e-04	9e-04	0.0029	7e-04	7e-04	0.0372535701366418
0.0253	0.0253	0.0228	0.1227	0.0587	0.0648	0.521406100217139
0	0	0	0	0	0	2.29629847523783e-06
8e-04	1e-04	2e-04	0.0016	9e-04	5e-04	0.0124576522512801
0.0011	0.0021	9e-04	0.006	0.0034	0.004	0.0635574830572049
0.0675	0.071	0.0581	0.2448	0.1457	0.1426	0.658192345332194
0	0	3e-04	0	0	0	0.000903313569651495
0	1e-04	2e-04	3e-04	2e-04	0.0012	0.0109671563626023
4e-04	1e-04	3e-04	0.0023	0.0011	0.0013	0.02072895955126
1e-04	2e-04	1e-04	0.0011	6e-04	7e-04	0.0227555322249592
1e-04	0	1e-04	0.0013	4e-04	3e-04	0.0149314810452228
0	1e-04	2e-04	0.0016	2e-04	1e-04	0.00727119926327757
0.0173	0.0184	0.0191	0.0789	0.0465	0.0516	0.394304762791672
0.003	0.003	0.0041	0.0179	0.0075	0.0117	0.17047845502373
0	1e-04	2e-04	0.0024	6e-04	9e-04	0.0233022994691207
0	0	0	3e-04	2e-04	1e-04	0.00358014393195588
0	0	0	2e-04	0	0	0.000210200804006457
0	0	0	4e-04	1e-04	1e-04	0.00466264783604916
0.008	0.0092	0.0126	0.0588	0.0331	0.0317	0.307972678987329
0	0	0	0	0	0	7.41025319812558e-06
0.0029	0.0051	0.0016	0.0105	0.0073	0.0067	0.0693645832351774
0	0	0	0	0	0	4.18272315192553e-05
7e-04	2e-04	1e-04	0.0024	0.003	0.0017	0.0519588057196735
1e-04	1e-04	2e-04	3e-04	0	1e-04	0.00659540225525265
0.0019	0.0016	0.0027	0.0123	0.0063	0.0054	0.111157499181217
0.0013	0.0042	0.0022	0.021	0.0083	0.0109	0.165337850868426
8e-04	6e-04	9e-04	0.0055	0.0024	0.0016	0.0438011181095178
0.0013	0.0015	3e-04	0.0043	0.0024	0.0014	0.0297880945732248
0.0035	0.0033	0.0047	0.0207	0.0096	0.009	0.117023320646548
0.0224	0.0178	0.017	0.0805	0.0475	0.0434	0.3867731876288
0.0011	0.0014	6e-04	0.0049	0.0024	0.0036	0.052851469755967
0	0	0	1e-04	0	0	0.00226426994310034
0	0	2e-04	3e-04	9e-04	5e-04	0.0130799618540483
0.0371	0.0357	0.027	0.1259	0.0723	0.0751	0.405044000032516
1e-04	0	1e-04	0.0015	4e-04	8e-04	0.0181573572403609
8e-04	7e-04	0.0017	0.0069	0.006	0.0046	0.0922510670881959
0.001	0.0016	0.0014	0.005	0.0032	0.0021	0.0351093493287994
0.0032	0.0044	0.0062	0.0217	0.0129	0.0135	0.200794458899775
0.0439	0.0443	0.0214	0.1358	0.0642	0.0748	0.455512728714585
0.0091	0.006	0.0037	0.0299	0.0129	0.0147	0.166245081806794
0	0	0	1e-04	2e-04	2e-04	0.00484020997579545
0.0019	0.0026	0.0024	0.0113	0.0045	0.0071	0.0980039988798576
7e-04	0.0016	0.0011	0.0039	0.0029	0.0018	0.0265202031699844
2e-04	1e-04	2e-04	0.0019	7e-04	6e-04	0.0133706674919215
0.0023	0.0016	0.0045	0.0155	0.0085	0.009	0.146091236221594
0	1e-04	0	0.001	5e-04	1e-04	0.0078085359843554
0.0022	0.0035	0.0022	0.0134	0.0081	0.0069	0.118666363029849
0.1346	0.1615	0.0546	0.294	0.1798	0.1881	0.630190883355952
0	0	0	0	1e-04	0	0.000762371012275423
0.101	0.0844	0.0467	0.2397	0.1509	0.1479	0.698635576581411
5e-04	3e-04	1e-04	9e-04	8e-04	4e-04	0.0156650775492232
7e-04	0.0015	0.0014	0.0051	0.0027	0.0017	0.0778112084487842
0.0037	0.0035	0.0016	0.0155	0.0094	0.0076	0.124212718166755
0	0	1e-04	2e-04	1e-04	0	0.00234204275611974
0	0	2e-04	3e-04	0	2e-04	0.00113057949806
5e-04	4e-04	0.0014	0.0064	0.003	0.0034	0.0671321281016209
0.0019	0.0028	0.0041	0.0191	0.0126	0.0128	0.199271909861682
0	0	0	0	0	3e-04	0.00127044581230758
1e-04	0	0	0	0	0	0.00062369484151291
0	0	0	0	0	0	0.000355505681874888
0	0	0	0	0	0	0.000155915934560257
2e-04	2e-04	1e-04	0.001	0.0011	3e-04	0.0211609899867127
0	0	0	0	0	0	0.000142909774961874
0.0017	0.0013	6e-04	0.0089	0.0043	0.0035	0.0501933670412025
0	0	0	0	0	0	9.5894959946926e-06
0	0	0	0	0	0	0.00153131993466016
0	0	1e-04	0.001	2e-04	2e-04	0.0128846405281058
0	0	0	1e-04	0	0	0.000101616270493586
0.0058	0.0045	0.0061	0.033	0.0186	0.0195	0.210006403081669
0	0	4e-04	1e-04	1e-04	2e-04	0.00516611687804485
0	0	0	4e-04	1e-04	0	0.00101839696343492
0	0	0	0	0	0	4.1476333475316e-05
0	2e-04	2e-04	4e-04	2e-04	1e-04	0.00519486160805495
0	0	0	0	0	0	0.000170655363405646
0	0	0	0	0	0	0.000232679414204571
1e-04	1e-04	2e-04	0.001	9e-04	3e-04	0.0162592521850141
1e-04	2e-04	1e-04	0.0027	6e-04	8e-04	0.0215719715876826
0	0	0	0	0	0	0.000198148594444185
4e-04	5e-04	4e-04	9e-04	9e-04	0.0011	0.0138703310900679
5e-04	3e-04	7e-04	0.0046	0.003	0.0032	0.0234954434811637
2e-04	0	1e-04	0.0012	6e-04	0.001	0.0204623344005025
1e-04	0	0	0	1e-04	1e-04	0.00136056341029986
0.0514	0.0508	0.0273	0.1491	0.0917	0.0923	0.514379758013059
4e-04	5e-04	7e-04	0.0056	0.0019	0.0033	0.0603144412079442
0	7e-04	4e-04	0.0011	4e-04	0.0019	0.0201347985695632
2e-04	1e-04	3e-04	9e-04	3e-04	2e-04	0.00845239749744986
0	0	2e-04	0.001	2e-04	3e-04	0.00848362205296178
3e-04	3e-04	6e-04	0.0032	0.0019	0.0017	0.0504369883667808
3e-04	3e-04	1e-04	0.0014	3e-04	3e-04	0.00599940186279972
4e-04	2e-04	5e-04	9e-04	9e-04	5e-04	0.0186575306231374
0.0077	0.0124	0.0136	0.0677	0.0345	0.0363	0.384050621215482
0	0	0	1e-04	1e-04	1e-04	0.00150820025070984
0.0014	0.0012	0.0029	0.0141	0.0092	0.008	0.117059466507081
0	1e-04	0	0.0014	7e-04	3e-04	0.00946970686032595
2e-04	0.0013	0.001	0.0036	0.002	0.0013	0.0486750174105594
0.0041	0.0038	0.0049	0.0217	0.0108	0.011	0.113353963506818
0.0015	0.0023	0.0021	0.0089	0.0036	0.0074	0.0751490094576396
0.0028	0.0018	0.0056	0.0186	0.0121	0.0103	0.149306627212684
0	0	0	0	0	0	0.000555998286906168
0.0246	0.0205	0.0171	0.0815	0.0493	0.047	0.306234891965166
7e-04	4e-04	9e-04	0.0035	6e-04	0.0014	0.0307639357533738
0	0	0	0	0	0	0.000487614050267463
0.1023	0.0976	0.0496	0.2514	0.1475	0.1532	0.611434735720065
0	0	0	6e-04	6e-04	2e-04	0.00456353655604052
0.0026	0.0017	0.003	0.0209	0.0088	0.0111	0.167217506688507
0.032	0.0306	0.0234	0.116	0.0684	0.0689	0.47465940910359
5e-04	9e-04	0.0012	0.0032	0.0017	0.002	0.0518930308337076
0	0	0	0	0	0	0.00134488183540525
0	0	0	0	0	0	0.000156239531865197
0	0	0	2e-04	1e-04	0	0.00217611315892468
0.0014	0.001	0.0035	0.0136	0.0063	0.0068	0.128326118090047
0	0	2e-04	2e-04	2e-04	0	0.00233955393997886
0	0	1e-04	2e-04	1e-04	1e-04	0.00141801407419459
1e-04	1e-04	6e-04	0.0034	0.0013	0.0013	0.0417215737912802
0.0023	0.0022	0.0025	0.0094	0.0033	0.0053	0.135010057516786
1e-04	1e-04	3e-04	0.001	6e-04	6e-04	0.014054665468883
0	0	0	1e-04	1e-04	0	0.000721340254021031
0.0021	0.002	0.0016	0.0098	0.0051	0.0052	0.0961095226346514
2e-04	0	2e-04	7e-04	3e-04	1e-04	0.00520322415690175
2e-04	0	3e-04	0.0019	8e-04	7e-04	0.0179494319880342
0	0	0	0	0	1e-04	0.000797739504051901
0	0	0	1e-04	2e-04	0	0.00195587277248972
0.024	0.0239	0.0021	0.0335	0.0135	0.0137	0.117163845466019
1e-04	3e-04	0.0014	0.001	2e-04	4e-04	0.0272124698054885
2e-04	0	0	2e-04	2e-04	3e-04	0.00616871503376232
2e-04	3e-04	0	1e-04	2e-04	0	0.00187932104696565
4e-04	8e-04	5e-04	0.0035	0.002	0.0024	0.0478896926851358
0	1e-04	0	2e-04	1e-04	2e-04	0.00438832410523573
0	0	0	0	3e-04	0	0.000365844448993041
0.0013	0.0019	7e-04	0.0067	0.0024	0.0039	0.0423162293004826
0	0	0	3e-04	0	0	0.00205181904624039
0	3e-04	2e-04	0.0026	0.0018	9e-04	0.0327572722362693
0	0	1e-04	6e-04	6e-04	8e-04	0.0108501201420108
0	0	0	3e-04	1e-04	4e-04	0.00353061271263358
1e-04	4e-04	0	6e-04	6e-04	2e-04	0.0076964127285688
0.0017	0.0022	6e-04	0.008	0.0036	0.0048	0.0625330740190743
1e-04	2e-04	0.001	0.0018	9e-04	0.0021	0.0327707932125684
0.0019	0.0012	7e-04	0.0081	0.0031	0.0027	0.0479829833797453
1e-04	1e-04	0	6e-04	7e-04	3e-04	0.00869597799082166
0	1e-04	0	0	1e-04	2e-04	0.0026028908042056
0	0	0	2e-04	1e-04	1e-04	0.00155305244374039
0.0019	0.0017	0.0019	0.0075	0.0057	0.0054	0.0918398549772727
0.0169	0.0181	0.0105	0.0643	0.0296	0.0332	0.287021897819311
5e-04	5e-04	2e-04	9e-04	9e-04	3e-04	0.00615957852366039
0.0039	0.0018	0.0033	0.0158	0.0071	0.0067	0.130296428424123
4e-04	0.0016	0.0011	0.0066	0.0037	0.0034	0.0510029088896751
1e-04	0	1e-04	2e-04	0	1e-04	0.00149100969158636
0.0097	0.0114	9e-04	0.017	0.0074	0.0089	0.0659166342258084
0	0	0	0	0	0	0.000140919624613467
2e-04	1e-04	2e-04	0.0025	7e-04	5e-04	0.0248623045159965
0.0027	0.0032	9e-04	0.0107	0.0025	0.0048	0.0369921372786773
0	0	0	0	0	0	1.24621251362555e-06
0.0068	0.0069	0.0107	0.0407	0.0235	0.0215	0.317463554581713
0	0	0	0	0	0	0.000126104292424457
0.004	0.0041	0.0033	0.0218	0.0125	0.0141	0.109673951177579
0	0	0	2e-04	3e-04	5e-04	0.00724106201384643
3e-04	6e-04	3e-04	0.0035	0.0032	0.0019	0.0405518190353247
0	9e-04	5e-04	0.0021	4e-04	0.0012	0.0362411513556645
2e-04	0	2e-04	0.0011	0	1e-04	0.00343926977416283
0	3e-04	9e-04	0.0022	0.0015	0.0013	0.0449543436988671
1e-04	0	0	7e-04	2e-04	0	0.00836761124448642
0.0024	0.0019	0.0021	0.0143	0.0064	0.0064	0.0839996987273324
0	0	0	2e-04	3e-04	6e-04	0.00617031310422858
8e-04	3e-04	0.0017	0.0089	0.0046	0.0047	0.0922284591042214
0.0063	0.0085	0.0109	0.0431	0.0282	0.0241	0.269837810338713
0	0	0	1e-04	0	0	0.00115987659717003
0.001	0.0015	0.002	0.0086	0.0042	0.0031	0.0654761523717374
0.011	0.0038	0.007	0.0402	0.0221	0.0234	0.226652055063469
2e-04	3e-04	5e-04	0.003	0.003	0.0018	0.032300356519781
0	0	2e-04	0	0	1e-04	0.00184967611304147
2e-04	2e-04	3e-04	0.001	3e-04	6e-04	0.012695661382909
0	0	0	0	0	0	0.000283175452862223
0	0	0	4e-04	1e-04	0	0.00415415584519443
0	3e-04	7e-04	0.0017	7e-04	0.0011	0.019492266540868
0	0	1e-04	3e-04	1e-04	0	0.00535253094949312
0	0	0	4e-04	0	3e-04	0.00724880673480728
0	0	0	0	1e-04	0	0.00429431589594504
6e-04	0.0019	0.0016	0.005	0.0029	0.0031	0.0710151178163737
1e-04	0	0	1e-04	0	0	0.00313154171347022
0.002	0.0012	5e-04	0.0075	0.0029	0.0027	0.0534458319519719
5e-04	2e-04	8e-04	0.0034	0.0027	0.0023	0.0553251519656732
2e-04	5e-04	7e-04	0.004	0.0016	0.0026	0.0416563522177925
1e-04	3e-04	9e-04	0.0023	0.0016	0.0022	0.0534781005415886
0.0041	0.0053	0.0065	0.0261	0.0124	0.0133	0.198932246225433
8e-04	0.0011	0.0014	0.0067	0.0035	0.0011	0.0867896910848804
0	1e-04	0	8e-04	0	1e-04	0.00271231614703914
0	0	2e-04	0.0011	5e-04	3e-04	0.00809720654589364
0	0	2e-04	0.0016	2e-04	5e-04	0.0132686463594297
3e-04	3e-04	4e-04	0.0014	0.001	5e-04	0.0274435029636958
3e-04	0.0012	5e-04	0.0033	0.0019	0.001	0.0315821626642648
0	0	0	0	0	0	0.000137849396359301
0	0	0	0	0	0	9.02932887813417e-05
0	0	1e-04	3e-04	1e-04	1e-04	0.00251827342950035
0	0	1e-04	5e-04	4e-04	4e-04	0.00613889472710137
0	0	1e-04	1e-04	1e-04	0	0.0016091656862878
0	0	0	4e-04	0	1e-04	0.00308263909976718
0.0039	0.004	7e-04	0.0128	0.0048	0.0047	0.0469185686263625
0	0	0	0	0	0	0.000178117790769779
0	0	1e-04	5e-04	1e-04	3e-04	0.00973797525816919
0	0	0	0	0	0	2.86035572490726e-05
0	0	0	0	0	0	0.00015971217506932
4e-04	6e-04	3e-04	0.0019	0.0014	9e-04	0.0268058964659093
0	0	0	4e-04	1e-04	0	0.00252306124236691
0.0365	0.0313	0.0217	0.1312	0.0715	0.0688	0.50669450520794
0.0165	0.0104	0.0202	0.0756	0.0392	0.0453	0.424900128342906
8e-04	0.0017	8e-04	0.0077	0.0053	0.004	0.055073417140275
0.0014	6e-04	0.0017	0.0059	0.0034	0.0028	0.0568398803044844
6e-04	8e-04	0.0019	0.0061	0.0049	0.0018	0.0719762267014537
0	0	0	0	0	0	1.41248286644284e-05
0	0	0	0	0	0	7.00569571425311e-06
0	0	1e-04	0	0	0	0.0041388167659817
0	0	2e-04	8e-04	5e-04	0.0011	0.00971693640434252
0.0013	8e-04	0.0015	0.0063	0.0033	0.0048	0.0740293098251935
0.658	0.6391	0.1539	0.7111	0.5002	0.5171	0.917608872140393
0	0	0	2e-04	0	0	0.000622897695726428
0.0034	0.0041	0.005	0.0239	0.0129	0.0117	0.176195651362649
0	0	0	0	0	2e-04	0.00229182514135576
0	0	0	0	0	0	9.39506891606592e-06
0.0018	0.0014	0.0025	0.0117	0.0067	0.0074	0.10902687407965
0.0018	9e-04	0.0024	0.009	0.0042	0.0044	0.0659554191017981
0	0	0	1e-04	0	0	0.00040279915374603
0	0	0	5e-04	1e-04	1e-04	0.00116571749864485
0.0046	0.0057	0.0066	0.0316	0.0166	0.0194	0.20365108014541
0	0	0	2e-04	0	0	0.000588820769993521
0	1e-04	0	2e-04	1e-04	0	0.000875186623670627
3e-04	0	4e-04	0.0015	5e-04	6e-04	0.0196198442372711
0	5e-04	3e-04	5e-04	3e-04	9e-04	0.014492667072924
0	4e-04	6e-04	0.0019	0.0011	0.0011	0.0185647707651098
0.002	0.0035	0.0054	0.0242	0.011	0.0139	0.135423442223224
0.0017	0.0024	0.003	0.0144	0.0091	0.0076	0.112537196498825
0.0142	0.0134	2e-04	0.0136	0.0088	0.0094	0.0488621039653992
0	0	0	0	0	0	0.000572459824894699
0	0	1e-04	0.0011	2e-04	8e-04	0.0115377151989188
6e-04	0.0024	0.0019	0.0079	0.004	0.0052	0.0990647804851617
4e-04	0.001	0.0013	0.0069	0.0044	0.0042	0.0718146601106383
0.0032	0.0017	0.0024	0.0148	0.01	0.0091	0.0890634924990571
0.0105	0.0091	0.0055	0.0336	0.0178	0.0158	0.190575234131846
2e-04	0	1e-04	6e-04	8e-04	6e-04	0.0221657821569605
0.0033	0.0047	0.0035	0.0162	0.0098	0.0086	0.14233372652007
0	1e-04	4e-04	0.001	4e-04	3e-04	0.01096876721331
0.0035	0.0046	0.001	0.0115	0.0051	0.0051	0.0709109473021801
1e-04	0	0	1e-04	0	0	0.00159968853663674
2e-04	0	0	2e-04	3e-04	1e-04	0.00110755739000049
0.0012	5e-04	0.0032	0.0081	0.0053	0.0032	0.0840413469429155
0	1e-04	0	2e-04	0	0	0.00173219291449629
2e-04	0	1e-04	0.001	5e-04	9e-04	0.0137816027493254
2e-04	2e-04	7e-04	0.0021	8e-04	0.0014	0.0274723470030655
1e-04	0	0	0	0	0	6.97089832814577e-05
1e-04	1e-04	2e-04	8e-04	6e-04	9e-04	0.0129638220625654
0.0056	0.0058	0.0031	0.0248	0.011	0.013	0.192351025364939
0.0064	0.005	0.0044	0.0191	0.0093	0.011	0.111606831144378
0	0	1e-04	3e-04	4e-04	1e-04	0.00546943532846693
0	0	1e-04	3e-04	3e-04	1e-04	0.00931113239724879
0	0	0	0	3e-04	0	0.000765097058980224
0.0161	0.0205	0.015	0.0781	0.0401	0.0403	0.317473538536367
0.0014	0.0014	8e-04	0.0034	0.0036	0.0027	0.0488574783170672
0.0014	0.0017	0.0036	0.0121	0.0082	0.0065	0.105858428120844
1e-04	0	0	8e-04	5e-04	3e-04	0.00735638799771693
1e-04	3e-04	0.0013	0.0043	0.002	0.0022	0.0543505547966888
0.0676	0.0704	0.0109	0.1381	0.0678	0.068	0.439282963454218
6e-04	0.0013	0.0013	0.0069	0.0038	0.0034	0.0476911736562362
1e-04	3e-04	6e-04	0.0012	8e-04	0.001	0.0148501601078382
4e-04	7e-04	0.0017	0.0065	0.0042	0.0042	0.0801137703252145
0.0038	0.0057	0.0039	0.0285	0.0161	0.0147	0.194482043347595
0.001	0.0018	0.002	0.0087	0.0037	0.0049	0.0949631033840705
0	0	0	0	0	0	6.89952467729695e-05
0	0	1e-04	1e-04	0	0	0.000397088908718225
0	0	0	0	2e-04	0	0.000326528165070867
0	3e-04	2e-04	9e-04	0	0.0014	0.0137768814999416
0	0	0	2e-04	0	0	0.000157783476459462
0	0	2e-04	0.0013	2e-04	4e-04	0.0125149259180875
0.0157	0.0186	0.0113	0.067	0.0356	0.0309	0.295958150262027
0	0	1e-04	1e-04	0	1e-04	0.00165987277077213
6e-04	4e-04	3e-04	0.0029	8e-04	9e-04	0.0299746547374278
0	2e-04	0	0	1e-04	0	0.0015364463492693
2e-04	5e-04	0.0011	0.0041	0.0019	0.0017	0.0265586282790301
0	0	2e-04	6e-04	8e-04	3e-04	0.0107191076355798
0.0315	0.0235	0.0261	0.11	0.0614	0.0654	0.469701899886733
0	3e-04	3e-04	0.0012	0.001	0.0011	0.020091446835334
0	1e-04	4e-04	0.001	0	2e-04	0.0194771679561582
4e-04	4e-04	3e-04	9e-04	6e-04	2e-04	0.0140882563901601
0.0067	0.0064	0.007	0.028	0.0161	0.0196	0.22910370919425
0	0	1e-04	4e-04	2e-04	1e-04	0.00335051442920612
0.001	8e-04	0.0028	0.0076	0.0056	0.0043	0.0923567220887324
0	0	0	0	0	0	0.000821089554508404
3e-04	8e-04	0.0022	0.0116	0.0063	0.0057	0.104383309462754
0	0	1e-04	2e-04	0	4e-04	0.00244059268324507
1e-04	2e-04	3e-04	0.0013	0.001	4e-04	0.0236113106995231
3e-04	7e-04	0.001	0.0088	0.0047	0.0033	0.0892594284630946
0	0	3e-04	4e-04	1e-04	1e-04	0.00666517857697084
0	0	0	0	0	1e-04	0.00114088326253878
1e-04	0	1e-04	8e-04	1e-04	3e-04	0.0105041280952321
0.0028	0.0031	0.0045	0.0184	0.012	0.0123	0.142863259373683
8e-04	0.001	0.0021	0.0052	0.0039	0.0037	0.0772838816277707
0.0532	0.0612	0.0335	0.1653	0.0965	0.089	0.520305158646606
0	0	0	0	1e-04	0	0.000838956457286848
0.0024	0.0016	0.0015	0.0084	0.0057	0.0053	0.0852849350142746
0.002	0.0031	0.0035	0.0188	0.0104	0.0082	0.129733020176053
0	0	0	0	3e-04	3e-04	0.00154069107577114
0	0	0	0	2e-04	3e-04	0.00097446277805933
2e-04	0.001	7e-04	0.0039	0.0017	0.0029	0.0239008891617041
0.0011	0.0013	0	0.0026	0.0024	0.0023	0.0275545824430452
0	6e-04	2e-04	6e-04	1e-04	4e-04	0.00893627771855263
0	0	0	0	0	1e-04	0.000106300784034639
0.248	0.2541	0.1026	0.4261	0.2848	0.285	0.785676991659018
2e-04	7e-04	0.0016	0.0031	0.002	0.0032	0.051417945204501
0	1e-04	0	1e-04	0	0	0.000937266532058124
0	0	1e-04	1e-04	0	0	0.00177573185784932
1e-04	4e-04	7e-04	0.0028	0.0014	0.0019	0.0406228993392819
0	0	0	0	0	0	0.000518381550313133
2e-04	6e-04	8e-04	0.0036	0.004	0.0018	0.0694821310030014
4e-04	0	5e-04	4e-04	2e-04	7e-04	0.0054713618712015
3e-04	0.0011	5e-04	0.0012	0.0016	0.0015	0.0129045273130355
7e-04	0	2e-04	0.0013	0.0013	4e-04	0.0133013949327951
2e-04	2e-04	7e-04	0.0019	0.0014	0.0011	0.0221337938058375
0	1e-04	1e-04	3e-04	2e-04	5e-04	0.00572324887439513
0.0087	0.011	0.0056	0.03	0.019	0.021	0.184018447392905
1e-04	1e-04	2e-04	0.0012	6e-04	4e-04	0.0137543391765218
0.0097	0.0089	0.0121	0.0543	0.0344	0.0308	0.308149130544327
1e-04	2e-04	1e-04	1e-04	0	0	0.00866075210906691
0	0	0	0	0	0	0.000241128989880757
4e-04	8e-04	0.0017	0.0073	0.0035	0.0046	0.0768839798184109
0.0033	0.0023	0.0014	0.0069	0.0022	0.0034	0.0375940179590219
5e-04	7e-04	0	0.0033	6e-04	0.0013	0.0271090621941679
0.0508	0.0564	0.0172	0.1232	0.0651	0.0584	0.372442900072427
0.0839	0.0803	0.0294	0.2044	0.1179	0.1098	0.54507952219766
3e-04	4e-04	6e-04	0.0031	0.0013	0.0025	0.037096447443965
4e-04	1e-04	8e-04	0.0023	0.0023	0.0021	0.0304419335347497
0	1e-04	2e-04	0.0018	6e-04	7e-04	0.0232191637210058
0.007	0.0068	0.0053	0.0375	0.0198	0.0178	0.257653750110665
0.002	8e-04	0.0039	0.0104	0.0071	0.0053	0.112857169131249
0.003	0.0026	0.0013	0.0154	0.0062	0.0079	0.115867467660786
0	0	0	1e-04	1e-04	0	0.00333523126449927
0	0	2e-04	4e-04	2e-04	2e-04	0.00515394006676068
0	0	0	0	0	0	0.00159321638693346
0.0015	4e-04	1e-04	0.001	4e-04	0.002	0.0134974253419543
0	2e-04	8e-04	0.0011	0.0011	0.0013	0.0344500441102673
0	2e-04	1e-04	8e-04	6e-04	6e-04	0.0189487173360051
0.0018	0.0012	2e-04	0.0027	0.0013	0.0013	0.0265999467570897
1e-04	0	0	0	2e-04	0	0.000347017805301682
0	0	1e-04	0	4e-04	5e-04	0.00686068596054606
0.011	0.0108	0.0076	0.0438	0.0307	0.0256	0.180484294575795
0.0018	0.0025	0.0017	0.0115	0.0047	0.0063	0.10206597583408
0.0166	0.0164	0.0219	0.0931	0.0661	0.0547	0.411130754542368
0.0022	0.0021	0.0023	0.0105	0.0056	0.0049	0.0813700891589988
0.0362	0.0333	0.0176	0.0939	0.0586	0.0523	0.286852059147919
0	0	0	0	0	1e-04	7.73897188178461e-05
0	0	0	1e-04	2e-04	1e-04	0.00341312795604124
5e-04	7e-04	0.0028	0.0063	0.0035	0.003	0.0449633979818583
0.0205	0.022	0.0123	0.0742	0.0357	0.043	0.236112262047792
0	1e-04	0	0.0024	0.002	0.0011	0.0281406280880387
0	0	0	0	0	1e-04	0.000677446415699939
0.0042	0.004	0.0056	0.0251	0.0109	0.0124	0.156144328080007
0	0	0	1e-04	0	0	0.00103628862127195
4e-04	9e-04	0.0013	0.0073	0.0046	0.0047	0.0848034203494278
0.0011	7e-04	4e-04	0.0017	4e-04	0.001	0.0140679077623903
0	0	3e-04	2e-04	2e-04	2e-04	0.00897222377782399
0	0	9e-04	0.0011	0.0014	0.0027	0.0325433723785869
7e-04	0.0013	0.0014	0.0061	0.0034	0.0032	0.0728014254827836
0	2e-04	0	4e-04	1e-04	0	0.0053372782838125
0	3e-04	1e-04	0.0018	0.0018	6e-04	0.0295937920486548
0	0	1e-04	5e-04	1e-04	2e-04	0.00225967499896746
3e-04	1e-04	3e-04	0.0014	0.0011	3e-04	0.0157885846452299
0	1e-04	1e-04	2e-04	1e-04	1e-04	0.00745996434714882
0	0	0	2e-04	0	0	0.00136562493977965
0.0056	0.0083	0.013	0.038	0.0247	0.0217	0.225147875209814
0.0036	0.0038	4e-04	0.006	0.0025	0.0047	0.0312347142384796
0	0	1e-04	3e-04	0	2e-04	0.00759753284398415
0	0	0	1e-04	0	0	6.70241852508552e-05
0	1e-04	0	3e-04	4e-04	3e-04	0.0064231844546412
1e-04	1e-04	9e-04	0.0033	0.0016	0.0018	0.0365175072317189
0	0	0	0	1e-04	0	0.00157652605426141
6e-04	0.0022	5e-04	0.0051	0.0032	0.0025	0.0386732376612778
0	0	0	1e-04	0	0	0.00235912371219446
0	0	1e-04	8e-04	2e-04	0	0.00506971459256825
0	0	0	0	0	0	0.000276109830546787
0	0	0	0	1e-04	2e-04	0.00137368755804943
0	0	0	0	0	0	0.000227862789276327
0.0011	9e-04	6e-04	0.0028	0.0017	0.0034	0.0363168109996056
0	2e-04	1e-04	7e-04	0	3e-04	0.0105604633957964
0	0	0	0	0	0	0.000663789664993659
4e-04	4e-04	0.0011	0.0028	0.0017	0.002	0.0431968858777279
0	0	0	0	0	0	0.000656961341925387
0.0012	9e-04	0.0012	0.0096	0.0057	0.0039	0.0895982718252605
0	0	1e-04	0	0.001	0	0.00641455608766963
0.002	0.002	0.0048	0.0178	0.0133	0.013	0.152168499915906
0	0	0	1e-04	1e-04	2e-04	0.0013241279183962
0	0	0	0	0	0	4.74703937559554e-05
4e-04	2e-04	8e-04	0.0024	0.0022	0.0031	0.0466258016067207
1e-04	0	0	4e-04	1e-04	0	0.00304447493757007
0	0	4e-04	0.0017	3e-04	5e-04	0.0189545503444923
0	0	0	0	0	0	1.71872492332984e-05
0.0013	0.0013	0.0018	0.0106	0.007	0.0069	0.0939877062045666
3e-04	1e-04	5e-04	0.0029	0.001	0.0016	0.0375733741383027
0	0	3e-04	4e-04	3e-04	0	0.0073185148290975
0	3e-04	0	0.0011	0.0015	0.0013	0.02879315289366
3e-04	3e-04	0.0021	0.0044	0.0021	0.0026	0.0549830424261039
0	0	1e-04	4e-04	0	0	0.00358044237861394
0.0017	3e-04	0.0031	0.0113	0.0084	0.009	0.123138332269137
0	0	0	0	0	0	0.000105111304904016
4e-04	7e-04	0.0012	0.0058	0.0025	0.003	0.0467297391677968
0	1e-04	0	0	0	0	0.000180260376340354
0	0	0	0	0	0	3.6369980924182e-08
0	0	0	0	0	0	0.000447357327416668
0	0	0	0	1e-04	1e-04	0.00109992380971301
0	0	1e-04	0.0014	7e-04	2e-04	0.0127629766785083
0	0	1e-04	6e-04	3e-04	1e-04	0.0046796812705012
0	0	0	0	0	0	0.000117048908802931
3e-04	7e-04	0.0014	0.0028	0.0023	0.0021	0.0556230635636867
6e-04	6e-04	0.0015	0.0054	0.004	0.0033	0.0754267064370087
0	0	0	4e-04	7e-04	1e-04	0.00667308239965685
9e-04	2e-04	0.0015	0.0051	0.004	0.0026	0.0265143485228785
0	0	7e-04	0.0014	5e-04	6e-04	0.0114508184115498
0	0	2e-04	8e-04	1e-04	1e-04	0.00666322839188857
0	0	0	0	2e-04	0	0.00333628810994457
0.004	0.0032	0.0019	0.0122	0.0089	0.0092	0.112215360414894
0	0	0	0	0	0	5.39675848841614e-06
0	0	0	1e-04	1e-04	0	0.000163491565099015
0	0	0	3e-04	0	0	0.00437778385630469
0	0	2e-04	3e-04	5e-04	1e-04	0.0127796270194572
0.0035	0.0037	0.0026	0.021	0.0118	0.0111	0.139469779676141
0.0448	0.0326	0.0308	0.1446	0.083	0.0828	0.522138270005271
0	0	0	2e-04	0	0	0.00278091879681548
0.0014	0.0014	0.0024	0.0107	0.0061	0.0077	0.125178698549697
2e-04	2e-04	0	3e-04	4e-04	1e-04	0.00439895145905696
2e-04	2e-04	2e-04	0.0016	0.0013	9e-04	0.0268860364653039
2e-04	2e-04	0.0012	9e-04	6e-04	0.0012	0.0172075552070862
0	3e-04	2e-04	6e-04	0.0013	0.0014	0.0158539595347551
0.0063	0.0041	0.0047	0.0348	0.0174	0.0155	0.268994097149106
0	0	0	3e-04	0	2e-04	0.00196505628848424
0.0024	0.0021	0.002	0.0117	0.0068	0.0059	0.0846076049932628
0	2e-04	6e-04	0.0024	0.0014	7e-04	0.0278841516244409
0.0015	8e-04	0.0017	0.0085	0.0048	0.0063	0.0791023253807026
0	0	0	0	0	0	0.00024386260833236
0.0011	9e-04	0.0021	0.0085	0.0049	0.0045	0.0811762789090014
6e-04	3e-04	5e-04	0.0022	0.0014	0.0014	0.0127059085679009
0.0019	0.0029	0.0026	0.0103	0.0068	0.0078	0.116314421020074
0.0025	0.0017	0.0046	0.0126	0.011	0.0086	0.15011782933996
0	0	0	1e-04	0	0	0.000988288173370494
0	0	0	2e-04	0	1e-04	0.00167032732976854
0	0	0	0	1e-04	0	0.000316697822825957
0.0063	0.0036	0.0026	0.0191	0.0072	0.0064	0.168130559836926
0	0	0	5e-04	0	2e-04	0.00495491454049761
1e-04	0	1e-04	1e-04	1e-04	1e-04	0.00451903589584266
0	0	0	6e-04	5e-04	3e-04	0.00680746780329087
0.0016	0.002	0.0036	0.0151	0.0084	0.0091	0.11170021512556
0	0	0	2e-04	1e-04	0	0.000785936476659553
0	0	0	0	0	0	1.18679509597327e-05
0.0018	0.0021	0.0037	0.0123	0.0088	0.007	0.120429254910137
4e-04	2e-04	6e-04	0.0045	0.0019	0.0018	0.0549518988320676
0	0	0	1e-04	0	3e-04	0.00199935541278191
0	2e-04	2e-04	0.0011	7e-04	1e-04	0.0118931610575242
0	0	2e-04	0	0	1e-04	0.00130166222849933
0	2e-04	1e-04	4e-04	3e-04	1e-04	0.0128875131986841
2e-04	3e-04	1e-04	0.0015	9e-04	6e-04	0.0134410580828044
1e-04	0	0	5e-04	0.0012	3e-04	0.0149728993125213
0	0	0	0	0	0	0.000199276858864383
4e-04	0	1e-04	3e-04	1e-04	0	0.00417880162144819
2e-04	0	2e-04	0	0	0	0.00109620048418184
3e-04	1e-04	7e-04	0.0032	0.0011	0.0016	0.0441171982244954
3e-04	2e-04	1e-04	0.0016	7e-04	5e-04	0.0186729652946475
6e-04	0	8e-04	0.0037	0.0028	0.0016	0.0578934939985535
0.0012	1e-04	0.0035	0.008	0.0064	0.005	0.0943859841859303
0.0013	0.0021	0.0053	0.016	0.0095	0.0101	0.147394190579361
3e-04	0	7e-04	0.0028	8e-04	0.0024	0.0385952349300684
1e-04	0	3e-04	0.001	7e-04	6e-04	0.0145435063315707
2e-04	3e-04	7e-04	3e-04	3e-04	1e-04	0.015143245413807
0	0	1e-04	5e-04	4e-04	7e-04	0.00507489866715669
0	0	3e-04	8e-04	1e-04	8e-04	0.01316342461104
0	5e-04	1e-04	2e-04	0	1e-04	0.00531398799268255
2e-04	0	0	9e-04	3e-04	3e-04	0.00527985931271821
0	0	0	0	0	0	0.000532080915154668
3e-04	0.001	7e-04	0.0033	0.0013	0.0022	0.0299553163937671
0.0016	1e-04	0.0032	0.0078	0.0033	0.0047	0.0802658982240018
0	0	0	0	1e-04	0	0.000845674085583852
0.0092	0.0129	0.0021	0.0312	0.0138	0.0156	0.137496714274476
0	0	0	5e-04	0	3e-04	0.00385849894294135
0	0	0	0	1e-04	0	0.000655051954284648
0.0022	0.0033	0.0019	0.0133	0.0075	0.0069	0.0678204077184438
0	1e-04	3e-04	0.001	4e-04	2e-04	0.00990481333463281
0	5e-04	0.0011	0.0058	0.0039	0.0046	0.0778256069018153
0	0	0	0	0	0	0.00290863533655076
4e-04	5e-04	0.0012	0.0052	0.0019	0.0023	0.0581911270812878
1e-04	2e-04	1e-04	5e-04	0.0011	8e-04	0.00805309359500162
2e-04	0	6e-04	0.0013	0.0011	0.0017	0.0344366893565754
5e-04	5e-04	7e-04	0.0033	0.002	9e-04	0.0221214819020312
0.0016	0.0025	0.0049	0.0184	0.0093	0.0115	0.18434308083209
0	0	0	4e-04	1e-04	2e-04	0.00422429664244021
0	5e-04	0.002	0.0045	0.0029	0.0025	0.0424001511364728
0.0048	0.004	0.0037	0.0157	0.009	0.01	0.0967198259789924
0	0	0	0	0	0	7.2413228401855e-05
0	0	0	0	1e-04	0	0.000838187125366267
2e-04	2e-04	9e-04	0.0017	0.001	0.0026	0.0296131002375648
0	0	0	0	0	0	0.000799921345619654
0	2e-04	4e-04	0.0018	0.0017	9e-04	0.0229039722338013
1e-04	0.001	1e-04	8e-04	6e-04	4e-04	0.0195373989715439
8e-04	0.0015	0.0015	0.0131	0.0054	0.0033	0.0851308636393685
0	0	1e-04	1e-04	1e-04	6e-04	0.00382503325931369
0	0	4e-04	6e-04	1e-04	0.0013	0.0250491152945358
0	0	0	1e-04	1e-04	1e-04	0.00195908861949562
0	0	0	0	0	0	3.3048968625767e-05
0	0	0	0	0	0	0.000803442923111319
0.0048	0.0039	0.004	0.0233	0.0135	0.0128	0.194266880891149
0.0162	0.0159	0.0179	0.085	0.0428	0.0441	0.406555802641519
0	0	0	0	0	0	0.000216855862841441
0	2e-04	5e-04	0.0013	1e-04	2e-04	0.00894231035353736
4e-04	2e-04	1e-04	0.002	5e-04	7e-04	0.0104514012220901
0	0	0	0	0	0	0.00025717764419577
0.0032	0.0044	0.0051	0.0258	0.0126	0.0167	0.203390323795945
0	0	0	0	0	0	0.000531885805169634
0.0013	1e-04	0.001	0.0027	0.0021	0.0024	0.0326192717307655
0	0	5e-04	2e-04	6e-04	5e-04	0.0103831345888329
0.0299	0.0294	0.0278	0.1171	0.0743	0.0731	0.411083423634255
0	0	0	1e-04	3e-04	2e-04	0.00382289501215181
0	0	1e-04	5e-04	6e-04	6e-04	0.0113925426845983
0	0	1e-04	0	0	0	0.00131331606483234
0.0172	0.0227	0.0139	0.0771	0.0411	0.0468	0.372780253498233
0.0184	0.0206	0.0233	0.0923	0.0491	0.0551	0.440289577565299
0	1e-04	1e-04	0	0	0	0.00210726317000573
0	0	0	1e-04	0	1e-04	0.00116553939201536
0	2e-04	0	5e-04	4e-04	3e-04	0.00793521215395908
0	1e-04	3e-04	0.0023	0.0014	0.0016	0.0381005966883906
0	0	0	0	0	0	0.000674002075689746
0.0371	0.0395	0.02	0.128	0.0646	0.0772	0.493437452163334
0.0047	0.0032	0.0064	0.0314	0.0191	0.0143	0.207216085374657
0.0024	0.0024	0.0039	0.0188	0.0107	0.0141	0.181621317575034
0	0	0	0	1e-04	3e-04	0.0018663599549959
0	0	0	0	0	0	5.62143627072452e-05
0	0	0	3e-04	0	3e-04	0.00674618192663554
1e-04	1e-04	6e-04	0.0025	0.0011	0.0011	0.030864837546718
1e-04	1e-04	5e-04	2e-04	6e-04	1e-04	0.00715639266445266
0.0257	0.0266	0.0364	0.1471	0.0891	0.0885	0.543812792544348
0	3e-04	0	8e-04	2e-04	3e-04	0.00858630925052535
0	2e-04	0.0011	0.0016	3e-04	0.0016	0.0216273936624429
3e-04	6e-04	0.0016	0.0076	0.0046	0.0025	0.066504360572598
1e-04	0	4e-04	2e-04	3e-04	4e-04	0.0102459442240537
0	1e-04	0	4e-04	8e-04	1e-04	0.0074005265872401
0	0	0	0	0	0	1.7401501112823e-05
0	0	0	0	0	0	4.31907790423832e-05
1e-04	0	2e-04	0.0014	4e-04	0.0012	0.0111116580477765
0	0	0	3e-04	4e-04	6e-04	0.00553041872586028
6e-04	6e-04	0.0011	0.0065	0.0036	0.0022	0.068238881176937
0	0	2e-04	2e-04	0	1e-04	0.00364573383390846
0	0	1e-04	2e-04	1e-04	2e-04	0.00380498318651739
0	0	0	4e-04	4e-04	2e-04	0.00263122619536409
0	1e-04	2e-04	9e-04	3e-04	1e-04	0.00779938617080995
0	0	0	4e-04	0	0	0.00069484074966846
0	0	0	0	0	0	0.000248109426258611
0	0	0	3e-04	1e-04	1e-04	0.00489222006217998
0	0	0	0	0	0	0.000420502449243667
7e-04	8e-04	0.0013	0.0116	0.0067	0.0064	0.103119054019186
6e-04	4e-04	0.0016	0.0053	0.0036	0.0029	0.0676264493334642
0	0	0	1e-04	0	0	0.00020263331969763
0.0013	0.0011	0.0022	0.0063	0.0026	0.0029	0.0625320987953562
0	0	2e-04	5e-04	7e-04	5e-04	0.0153649825484024
0	0	5e-04	0.0022	0.0013	8e-04	0.0290326095302641
3e-04	5e-04	0.001	0.0029	0.0016	0.0017	0.0550806921038093
0.0216	0.0219	0.0038	0.0491	0.0209	0.021	0.164718132221523
0.009	0.0078	0.0028	0.026	0.0109	0.0134	0.10376491091513
4e-04	5e-04	0.0029	0.0054	0.0026	0.004	0.0745867656469509
0.0071	0.0071	0.002	0.0215	0.011	0.0086	0.0911635561646917
0	0	1e-04	0	0	2e-04	0.00406125232159067
3e-04	0	1e-04	3e-04	5e-04	3e-04	0.0162013464392734
0.0054	0.0043	0.0011	0.0109	0.0064	0.0054	0.0531284540225797
4e-04	8e-04	5e-04	0.0034	0.001	0.0018	0.0100039472181494
4e-04	0.001	4e-04	0.0031	0.0012	0.0015	0.0251578012385192
0	0	0	0	0	0	3.41016730825351e-05
0	0	0	1e-04	0	0	0.00190072369843535
1e-04	3e-04	5e-04	0.0021	0.0013	0.0019	0.0400760783085652
5e-04	3e-04	8e-04	0.0036	0.0021	0.0019	0.0432943489972926
0.0039	0.0024	0.0028	0.0168	0.0085	0.0092	0.160139081036173
0	0	0	0	0	0	0.000489337990821546
1e-04	6e-04	5e-04	0.0031	0.0014	0.0016	0.040084684786611
6e-04	0	0.001	0.0013	9e-04	0.0013	0.0152765973627876
2e-04	3e-04	0	5e-04	1e-04	4e-04	0.00257475135197726
0	0	0	0	0	0	0.000783626547870649
2e-04	0	2e-04	0.0016	5e-04	2e-04	0.00707547870294422
0	2e-04	1e-04	5e-04	4e-04	1e-04	0.00681419678206758
0	0	0	0	0	0	0.000992036217067811
0.0055	0.0039	0.0095	0.0294	0.0175	0.0163	0.182561666025829
0.0023	0.0029	0.0011	0.0112	0.0045	0.004	0.0697932816178616
1e-04	1e-04	7e-04	0.0011	3e-04	0.001	0.0167752699565497
8e-04	5e-04	0.001	0.0036	0.0023	0.003	0.0430797632379768
0	0	0	0	1e-04	1e-04	0.00443165164155871
1e-04	2e-04	4e-04	3e-04	0	0	0.00465225027916594
0	0	1e-04	0	0	0	0.00042873601424064
0.0025	8e-04	0.0034	0.0126	0.0053	0.0059	0.128536183468137
0.0146	0.022	0.0016	0.0364	0.0146	0.0131	0.1043714119581
0.0106	0.0137	0.0133	0.0749	0.037	0.043	0.347881594476896
0.0017	0.0014	0.0021	0.0098	0.0043	0.0079	0.113512802878774
4e-04	3e-04	6e-04	0.0023	8e-04	0.0014	0.0321508810854473
0	0	0	0	0	0	0.000235685768453845
2e-04	4e-04	7e-04	0.0041	0.0028	0.0028	0.0605594962915373
0.0012	5e-04	0.0016	0.008	0.0032	0.0044	0.0826149225433318
0.0021	0.0018	0.0039	0.017	0.0103	0.0077	0.128756972118729
0	0	0	0	0	0	1.98113430266922e-05
8e-04	4e-04	0.0023	0.0079	0.0052	0.0049	0.084033772739669
0	0	0	0	0	0	0.000360833537899821
2e-04	0	0	0	0	0	0.00120027176020718
1e-04	0	2e-04	0.0013	9e-04	0.0013	0.0140924007988049
8e-04	0	6e-04	2e-04	1e-04	3e-04	0.0125611406836322
0	1e-04	1e-04	4e-04	0	2e-04	0.00553031529560552
0	0	0	0	2e-04	0	0.000701279798553234
0.0045	0.0026	0.0021	0.0164	0.0071	0.0072	0.0918128686975482
0.0017	0.0023	0.0021	0.0153	0.008	0.0072	0.122364623269159
0.0087	0.0081	0.0093	0.0487	0.0231	0.0251	0.304148689854001
0.0018	0.0025	0.0041	0.0172	0.0088	0.0124	0.132631724029534
0	0	0	1e-04	5e-04	0	0.00585256801653367
0	2e-04	1e-04	0.0012	6e-04	3e-04	0.0185834085197996
0.003	0.0046	0.0033	0.0243	0.0145	0.01	0.150298437972712
0	3e-04	2e-04	9e-04	5e-04	0.0016	0.0241843513063487
0	0	0	0	0	0	0.000607233124591027
0.0148	0.0138	0.0069	0.0505	0.0262	0.031	0.227053430386315
1e-04	0	3e-04	0.0011	9e-04	1e-04	0.0192823125734145
0.001	8e-04	1e-04	0.0013	6e-04	8e-04	0.00933223795121245
0.09	0.0869	0.0623	0.2533	0.1516	0.16	0.602970943908085
0	0	0	5e-04	2e-04	1e-04	0.00169461933982553
0	1e-04	2e-04	4e-04	0	1e-04	0.00562905416130578
6e-04	3e-04	9e-04	0.003	0.0019	0.0015	0.0369190237631585
0	0	0	2e-04	2e-04	1e-04	0.005502317135151
0	0	0	0	1e-04	1e-04	0.000471682940049259
0.0021	0.0011	0.0011	0.0108	0.0061	0.0062	0.117046276277337
0.0021	0.0016	0.002	0.0091	0.0084	0.0069	0.145605820866093
0.0113	0.0156	0.0154	0.0823	0.0376	0.0466	0.398288301188931
0	0	0	0	0	0	0.000111511240265172
3e-04	5e-04	8e-04	0.0028	0.002	4e-04	0.031853599202594
0.0024	0.0045	0.0085	0.0252	0.0201	0.0177	0.199488982337495
4e-04	7e-04	2e-04	0.0045	0.0016	8e-04	0.0213423233129635
4e-04	0	3e-04	9e-04	4e-04	1e-04	0.00926860644357174
6e-04	8e-04	3e-04	0.0035	0.0016	0.0022	0.0382984764360538
2e-04	2e-04	9e-04	0.0037	7e-04	0.0014	0.0228435063192905
0.0217	0.0196	0.0014	0.0149	0.0104	0.0096	0.0262608746260273
2e-04	1e-04	5e-04	0.0012	0.0012	5e-04	0.0181137525191174
0	0	0	0	0	0	7.26711779334559e-05
2e-04	4e-04	8e-04	0.0017	0.0011	7e-04	0.0297609676699191
5e-04	3e-04	4e-04	0.0054	0.0021	0.0025	0.0305194107909217
0.0123	0.0157	0.0104	0.0591	0.03	0.0345	0.266898962084088
7e-04	3e-04	1e-04	9e-04	6e-04	1e-04	0.00374104621198186
0.0028	0.0032	0.0036	0.0163	0.009	0.0075	0.126712682793495
0.0021	0.0011	0.0039	0.0146	0.0099	0.0073	0.0953399761119751
0	0	0	0	2e-04	0	0.00112080362605354
0	0	0	1e-04	0	0	0.00176741724270172
0	0	0	4e-04	2e-04	0	0.000801078460624279
0	0	1e-04	1e-04	2e-04	2e-04	0.00217830504715323
0.0015	0.003	0.0024	0.0134	0.0053	0.0062	0.101075051359827
0	2e-04	4e-04	0.0023	0.0019	0.0013	0.0342034347178882
0	0	0	0	0	0	0.000491101069113764
0	0	0	0	0	0	0.000238329567276579
0.0018	0.0013	0.0022	0.0068	0.004	0.0024	0.0684532659197809
1e-04	0	3e-04	6e-04	4e-04	4e-04	0.0126302506242038
0.0031	0.0022	0.0015	0.0147	0.0083	0.0054	0.109615070684552
0.0277	0.0273	0.0348	0.1335	0.0718	0.0823	0.529283115058739
1e-04	3e-04	6e-04	9e-04	0.001	9e-04	0.0273953460858979
0	0	1e-04	1e-04	0	1e-04	0.000437690844785661
9e-04	9e-04	0.0019	0.0047	0.0024	0.0024	0.0482125851485794
2e-04	0	0	5e-04	5e-04	5e-04	0.00571604728145506
1e-04	2e-04	0.0011	0.0013	0.002	0.002	0.0374327646751033
0	0	0	4e-04	1e-04	1e-04	0.00295264482003436
4e-04	3e-04	2e-04	0.0017	7e-04	0.0015	0.0109851461559088
0	0	0	0	0	1e-04	0.000832249707523682
0	0	2e-04	2e-04	2e-04	0	0.00276007371969622
0	0	0	0	0	0	0.000843569195653922
2e-04	4e-04	2e-04	0.0017	7e-04	5e-04	0.0158117991662035
0	0	0	3e-04	2e-04	0	0.00310193579524028
0	0	0	0	0	2e-04	0.00172246263998313
0	0	0	0	0	0	0.000412337570746321
0	1e-04	0	4e-04	3e-04	3e-04	0.00639770879542235
0	0	0	0	0	2e-04	2.15094480927363e-05
0	0	2e-04	8e-04	4e-04	4e-04	0.00504280795644051
0.0014	6e-04	0.0032	0.0126	0.0073	0.0059	0.120635847085438
0.0202	0.0214	0.0058	0.0609	0.0249	0.0283	0.286077989301291
5e-04	6e-04	0.0013	0.0069	0.0034	0.0026	0.0525698354341023
0	3e-04	4e-04	0.0035	0.0011	9e-04	0.0429624924829548
0	0	0	9e-04	5e-04	8e-04	0.00611690044025904
0.0032	7e-04	1e-04	0.0019	0.0015	0.0018	0.0186043736887838
3e-04	1e-04	1e-04	7e-04	2e-04	2e-04	0.0138124013957184
5e-04	1e-04	8e-04	0.0024	0.0019	0.0016	0.0349691753320302
3e-04	0	1e-04	0.0014	6e-04	0.0011	0.0201971586190416
1e-04	3e-04	6e-04	0.0015	6e-04	9e-04	0.0214884179261786
0	0	0	0	0	0	7.03601404217143e-05
0	0	0	0	0	0	2.19260067140079e-05
0.0019	0.0033	0.0014	0.0089	0.0051	0.004	0.0500775355203946
0	0	0	0	0	0	6.41945178518966e-05
0	0	1e-04	8e-04	0	4e-04	0.00427295849379141
0.0125	0.0088	0.003	0.0288	0.0142	0.0114	0.178193100656701
1e-04	0	1e-04	0.0011	3e-04	2e-04	0.00489121487578235
2e-04	0.0012	0.0029	0.0079	0.0032	0.0031	0.0894982593114395
0.0034	0.0013	0.0038	0.0165	0.0089	0.0091	0.170940599573535
2e-04	0	0	0.0012	1e-04	1e-04	0.00866424867062764
0.0291	0.0312	0.0105	0.0862	0.0367	0.0402	0.291960488096501
0	0	0	0	0	0	8.21752715600204e-05
1e-04	0	0	0	3e-04	3e-04	0.00293900961653854
0.0026	0.0024	0.004	0.0199	0.0111	0.0101	0.141040419577881
3e-04	2e-04	0	6e-04	1e-04	2e-04	0.00351329477726276
0	0	0	0	0	0	0.000406195541852779
0	0	0	6e-04	4e-04	1e-04	0.00549315264229039
4e-04	0	0.001	0.0034	0.0029	0.0014	0.0347972935578317
0.0025	0.0023	5e-04	0.0055	0.0027	0.0026	0.0175501975353881
0.0095	0.007	0.0075	0.0392	0.0198	0.0229	0.18771287762898
5e-04	0	1e-04	0.0023	0.0015	7e-04	0.0312276357548298
0.2835	0.2978	0.0749	0.428	0.2621	0.26	0.730367069358437
0.0094	0.0079	0.0123	0.0495	0.0312	0.0267	0.273658749036924
0	0	0	1e-04	0	0	0.000893465692594471
5e-04	4e-04	5e-04	0.0045	0.0014	0.0016	0.0487297854516542
2e-04	5e-04	0.0014	0.0021	0.0017	0.0019	0.0130721070216
0.0167	0.0214	0.0193	0.0893	0.0539	0.0519	0.378325585264417
0	0	0	0	0	0	0.000175438609215116
3e-04	1e-04	1e-04	0.001	7e-04	3e-04	0.0166607705933474
0.0151	0.0124	0.0105	0.0644	0.0347	0.0387	0.312007632646773
0	0	3e-04	7e-04	2e-04	3e-04	0.00405448054408626
0.8064	0.7768	0.1612	0.733	0.5766	0.5682	0.900160286400265
1e-04	5e-04	2e-04	0.0014	0.0013	0.0012	0.0198373296807081
