FMP	RMP	FPP	UPP	ANPP	NPP	ANCOVA
0.0826	0.0795	0.009	0.0467	0.0322	0.0429	0.231854790235963
0.0019	0.0029	2e-04	0.0022	0.0011	0.0018	0.0176017643857317
0.0046	0.0052	3e-04	0.0039	0.0042	0.0019	0.0331822493762817
0.0501	0.0442	0.005	0.0265	0.0205	0.0242	0.177482376434638
0.0335	0.031	0.0043	0.0168	0.0125	0.0143	0.137356470084959
0.002	0.0012	6e-04	9e-04	0.001	0.0017	0.0125140904483452
0.0011	0.0011	2e-04	0.0012	4e-04	5e-04	0.00866587839928863
0.0329	0.0308	0.0052	0.022	0.0168	0.0168	0.145891892692878
0.0022	8e-04	5e-04	0.0012	3e-04	1e-04	0.00671077812331679
0.0086	0.0072	7e-04	0.0056	0.005	0.0063	0.0460835619397916
5e-04	1e-04	1e-04	5e-04	4e-04	4e-04	0.00347864889948211
0.0068	0.0062	0.001	0.0041	0.0024	0.0027	0.0402058117409272
0.1017	0.0978	0.0107	0.0638	0.0384	0.0445	0.261049186136754
0.0063	0.0085	0.0017	0.0056	0.0039	0.0026	0.0369413039426792
0.0094	0.0087	9e-04	0.0055	0.0027	0.0046	0.0450734137166035
0.001	0.0027	6e-04	0.0015	6e-04	0.0012	0.0145961371704384
0.0651	0.0667	0.0086	0.0477	0.0304	0.0387	0.186033011163005
0.0029	0.0036	3e-04	0.0034	0.0023	0.0023	0.0229606197661744
0	0	0	1e-04	0	0	0.00034310399042204
0.0053	0.0047	5e-04	0.0035	0.0017	0.0021	0.0303996519721018
0.0351	0.0458	0.0048	0.0226	0.019	0.0211	0.16163392450012
0.0093	0.0115	0.0012	0.0072	0.0066	0.0055	0.0549383314311737
0.0048	0.0031	6e-04	0.0016	0.0012	0.0019	0.022767608281145
0.0825	0.0989	0.0084	0.0512	0.0388	0.0401	0.264286952511936
0.0325	0.0312	0.0037	0.0219	0.0162	0.0157	0.119751311491673
0.0111	0.0121	0.0012	0.0092	0.0049	0.0049	0.0628245848693294
0.0123	0.0106	0.0025	0.0081	0.0068	0.0066	0.053024710844939
0.002	0.0026	4e-04	0.0022	0.0014	0.0019	0.0184267677860108
2e-04	0	0	2e-04	0	0	0.00103397670156848
0.5871	0.5894	0.0791	0.3881	0.3003	0.3135	0.732480021451671
8e-04	7e-04	1e-04	1e-04	6e-04	5e-04	0.00489722558951365
0.1756	0.1914	0.0195	0.1107	0.0827	0.0853	0.348173371144763
0.4853	0.4727	0.048	0.2689	0.2256	0.2195	0.68074418192947
0.0142	0.0131	0.002	0.0085	0.0062	0.0057	0.0638619108132746
3e-04	6e-04	0	5e-04	2e-04	3e-04	0.0036694558764661
1e-04	2e-04	0	4e-04	1e-04	2e-04	0.0021224616102371
0.1505	0.1472	0.0175	0.0966	0.0677	0.0698	0.30224458986108
0.0027	0.0031	8e-04	0.0019	0.0023	0.0018	0.0196367465318306
0	1e-04	0	0	0	1e-04	0.000350873397358381
0.009	0.0104	0.0015	0.0061	0.0039	0.0057	0.0431895258056605
0.0023	4e-04	3e-04	2e-04	4e-04	3e-04	0.00862319579388222
0.0579	0.0593	0.0065	0.0377	0.0254	0.0262	0.158349822355604
0.0249	0.0255	0.0021	0.015	0.0123	0.0087	0.086671701833883
0.0206	0.0229	0.0041	0.0152	0.0086	0.0114	0.0902367968767405
0	2e-04	0	1e-04	0	0	0.000153661460953913
0.0047	0.0048	4e-04	0.0031	0.0021	0.0039	0.0330219846054555
0.0019	5e-04	1e-04	9e-04	3e-04	6e-04	0.00915419807411234
0.0015	0.0014	4e-04	0.0017	0.0011	0.0013	0.0123036183272091
1e-04	3e-04	0	2e-04	3e-04	7e-04	0.00237958730540866
0.0196	0.0217	0.0026	0.0149	0.0112	0.0131	0.0930328982524476
6e-04	2e-04	2e-04	0	1e-04	2e-04	0.00390572405111088
0.0011	0.0019	4e-04	0.0021	0.0012	0.0017	0.0155039239629748
0	0	0	0	0	0	0.000177338784379108
2e-04	0	0	2e-04	0	0	0.000885628860381337
0.0183	0.0135	0.0013	0.0088	0.0079	0.0076	0.0747334328782465
0.1518	0.1498	0.0156	0.0845	0.0657	0.0693	0.31575653913847
0.04	0.0313	0.0029	0.0261	0.0188	0.0173	0.133792850257324
0.0066	0.0045	5e-04	0.0048	0.0034	0.0025	0.0331848377808618
0.0197	0.0224	0.0031	0.0132	0.0086	0.0116	0.0970704832737927
9e-04	5e-04	1e-04	4e-04	3e-04	3e-04	0.00506193836880531
0.0209	0.018	0.0024	0.0124	0.0089	0.0109	0.0985855899022268
0.0029	0.0026	5e-04	0.0027	0.0013	0.0018	0.0156429838688666
5e-04	1e-04	0	2e-04	2e-04	1e-04	0.00235482711625893
0.0033	0.0025	2e-04	0.0028	7e-04	0.001	0.0224229330159285
0.0465	0.0503	0.005	0.0267	0.0193	0.02	0.168572778276197
0.0315	0.0348	0.0038	0.0195	0.0174	0.0168	0.135191702180333
0.2099	0.2126	0.0195	0.1227	0.0913	0.0882	0.425308740435101
0.0098	0.0102	0.001	0.0054	0.005	0.0043	0.0485299250054726
8e-04	0	1e-04	2e-04	1e-04	1e-04	0.00433320636456599
0.0029	0.0033	6e-04	0.0022	0.0022	0.0022	0.0261321791964004
0.0206	0.0208	0.0024	0.012	0.0062	0.0081	0.0849345611823371
0.0195	0.0197	0.0032	0.0142	0.0088	0.0087	0.0873196344060237
0.0011	7e-04	1e-04	0.001	6e-04	4e-04	0.0100613791360151
0.003	0.0031	4e-04	0.0018	0.0024	0.0024	0.0198471758366148
2e-04	1e-04	1e-04	6e-04	4e-04	0	0.00267554535590928
0.0025	0.0022	3e-04	0.0028	0.0017	6e-04	0.0142843997783028
0.259	0.2456	0.0385	0.1542	0.1213	0.1189	0.363836451899184
0	0	0	0	3e-04	0	7.4607695197458e-05
0.013	0.0144	0.002	0.0092	0.0055	0.0088	0.0580037014383026
0.0816	0.0811	0.0117	0.0462	0.0344	0.037	0.20449195333378
0.6195	0.618	0.0783	0.404	0.3347	0.3408	0.751536375728894
0.0014	4e-04	2e-04	6e-04	4e-04	2e-04	0.0045395790470103
1e-04	2e-04	0	0	0	3e-04	0.00165715202575275
0.0566	0.0537	0.0049	0.0335	0.0243	0.0252	0.185151244555904
0.0294	0.0348	0.0038	0.0256	0.0163	0.0154	0.108213812876732
6e-04	3e-04	0	5e-04	5e-04	1e-04	0.00428336851833091
0.0268	0.0276	0.004	0.0185	0.012	0.0131	0.0919487337222113
0	1e-04	0	0	0	0	1.97452005129455e-05
0.0207	0.0271	0.0024	0.0143	0.0097	0.0119	0.110684777915314
0	0	0	0	0	0	0.000197265788070916
0.0252	0.0192	0.0022	0.0154	0.0106	0.0112	0.0897728950341606
0.0019	0.0025	2e-04	0.0017	8e-04	0.0021	0.0158476192873156
0.0017	0.0012	0	0.002	0.0014	4e-04	0.0133715073907524
0.0013	0.0019	2e-04	0.0016	0.0015	5e-04	0.012278045639204
0.1012	0.0969	0.0117	0.0606	0.0515	0.0435	0.273340984104665
0.0225	0.0222	0.0031	0.0138	0.0102	0.0097	0.0880951902927748
1e-04	0	0	0	0	0	0.000563841899974507
5e-04	6e-04	2e-04	6e-04	5e-04	6e-04	0.0060196776903894
0.0123	0.0132	0.0015	0.0099	0.0062	0.008	0.0659933844711007
5e-04	0.0028	7e-04	0.0012	0.0012	6e-04	0.0112613323249341
7e-04	2e-04	0	1e-04	0	1e-04	0.00178991967053573
0.0473	0.0464	0.0054	0.0295	0.0204	0.0231	0.152008754001164
0.0017	0.0031	5e-04	0.0019	0.0011	7e-04	0.0151992716320267
0.0931	0.0979	0.0115	0.0633	0.0452	0.0381	0.239517868079432
0.0464	0.0485	0.0055	0.0267	0.0167	0.0246	0.165119508750428
8e-04	2e-04	1e-04	6e-04	6e-04	5e-04	0.00582809284000128
0.0062	0.0048	0.0012	0.0036	0.0026	0.0037	0.0290557921203294
0.003	0.0054	1e-04	0.0025	0.0014	0.0015	0.0223602449454051
4e-04	1e-04	1e-04	7e-04	1e-04	2e-04	0.00365687008762938
0.0341	0.0412	0.0038	0.0257	0.0181	0.0181	0.141827839698822
0.0356	0.0331	0.0056	0.0213	0.0183	0.0199	0.1307498829747
0.0049	0.0059	8e-04	0.0057	0.0043	0.0018	0.0333025669032676
0.0048	0.005	7e-04	0.0031	0.0016	0.0023	0.0272607365731256
5e-04	3e-04	2e-04	1e-04	5e-04	1e-04	0.00203178354097512
0.0424	0.0397	0.0059	0.0257	0.0212	0.0196	0.163170973852337
0.0243	0.0215	0.0037	0.0165	0.0136	0.01	0.105628071578107
0.1947	0.1913	0.021	0.1091	0.082	0.0852	0.401545656049173
8e-04	5e-04	1e-04	7e-04	9e-04	2e-04	0.00464932255350661
0.0298	0.0296	0.0053	0.0218	0.013	0.015	0.115246893110776
0.0029	0.0025	6e-04	0.0026	0.0026	0.0019	0.0205855440605935
0.003	0.0017	3e-04	0.0015	9e-04	0.0011	0.0131306239811231
3e-04	0	0	1e-04	4e-04	0	0.0014633029820659
0.0633	0.0667	0.0063	0.0382	0.0293	0.028	0.198828550536211
0.0175	0.0189	0.0021	0.0097	0.0105	0.0084	0.0838630802407702
0.0079	0.0102	2e-04	0.0051	0.0052	0.0035	0.0463663748603138
0	0	0	0	0	0	3.35033816657452e-05
0.0038	0.0035	3e-04	0.0028	0.0032	0.0017	0.0247474421651404
0.0068	0.0062	0.001	0.0034	0.0022	0.0025	0.0323037516988952
0	0	0	0	0	0	0.000124425363387081
0	0	0	0	0	0	7.5178314934261e-06
2e-04	4e-04	1e-04	3e-04	3e-04	1e-04	0.00436914251919325
3e-04	3e-04	0	6e-04	1e-04	2e-04	0.00374153089121372
0.0039	0.0044	0.0013	0.0037	0.0034	0.0026	0.029377169370016
8e-04	2e-04	2e-04	5e-04	5e-04	4e-04	0.00565420739999165
0.0058	0.0057	7e-04	0.004	0.0038	0.0039	0.042675474478701
0.0031	0.0064	5e-04	0.0033	0.0032	0.0022	0.0299945361664204
0.0238	0.0222	0.0025	0.0131	0.0083	0.0114	0.088455993316358
0.021	0.0235	0.0022	0.0162	0.0078	0.007	0.0928148801637184
0.0083	0.0103	0.0014	0.0054	0.0032	0.0039	0.0464952427593878
0	0	0	0	0	0	7.89312639177875e-06
0.0215	0.0245	0.003	0.0136	0.0123	0.0128	0.0965265723128611
0.0214	0.0218	0.0032	0.0112	0.0132	0.0094	0.0920173382819299
2e-04	0	0	0	1e-04	0	0.00107584329136515
0.2242	0.2262	0.0307	0.1394	0.1093	0.1107	0.375642614889954
0.0022	0.0031	6e-04	0.002	0.0011	0.0019	0.0156763912687906
0	0	0	0	1e-04	0	0.0010893435355888
6e-04	3e-04	2e-04	0	8e-04	2e-04	0.00342133695047631
0.0101	0.0089	0.0021	0.0059	0.0049	0.0061	0.0515632493396062
0.0228	0.0236	0.0029	0.0154	0.01	0.0107	0.114270072721411
0.0907	0.0943	0.0099	0.0547	0.0405	0.0385	0.257585978312716
0.0183	0.0203	0.0027	0.0118	0.0098	0.0088	0.095181117617407
0.0215	0.0241	0.0029	0.0154	0.0108	0.0107	0.100553139644154
2e-04	0	0	0	0	1e-04	0.000533203776710795
0	0	0	0	1e-04	0	0.000173750777109207
0.1159	0.1122	0.0129	0.0727	0.0497	0.0527	0.302351380391753
0.0017	0.002	4e-04	0.0017	0.0011	0.0012	0.0142682281491751
0.0031	0.0035	5e-04	0.0022	0.002	0.0016	0.0226695930212561
0.0033	0.0037	5e-04	0.003	0.0028	0.0015	0.0253977555822359
0.1214	0.1213	0.0148	0.076	0.0529	0.054	0.27713563856797
4e-04	3e-04	1e-04	0.001	2e-04	1e-04	0.00449009898390385
0	0	0	0	0	0	6.56825207954863e-05
0	0	0	0	0	0	5.94833991108133e-05
0.0053	0.0061	3e-04	0.0048	0.0029	0.0031	0.0334344696503942
0.1234	0.1206	0.0157	0.0846	0.0599	0.0633	0.28751323031472
0.0013	4e-04	2e-04	9e-04	5e-04	0.001	0.00877387104670876
0.0587	0.0517	0.0051	0.027	0.0266	0.0232	0.190594332653241
7e-04	7e-04	1e-04	9e-04	3e-04	2e-04	0.00687252180577771
0.2434	0.2331	0.0232	0.1266	0.1053	0.0993	0.438729251964981
0.0234	0.0264	0.0024	0.0162	0.0118	0.0121	0.106274619096417
0.3956	0.4066	0.0413	0.2218	0.1836	0.1797	0.610179519445618
0.4665	0.4718	0.076	0.3106	0.2556	0.2555	0.584222004326366
0.0063	0.0067	8e-04	0.0042	0.0035	0.003	0.0392215779079965
0.0022	0.0018	7e-04	0.0032	0.0022	0.001	0.0177428959485405
0.0676	0.0728	0.007	0.044	0.0314	0.0347	0.19901884160602
0.0238	0.0227	0.0032	0.0168	0.0105	0.0109	0.104408525195447
2e-04	1e-04	4e-04	3e-04	2e-04	2e-04	0.00215984099818642
0.1938	0.1839	0.0193	0.1088	0.0746	0.0849	0.379445535041745
0.3529	0.3573	0.0372	0.2268	0.1753	0.172	0.520954672744604
0.0028	0.0047	5e-04	0.0039	0.0016	0.0032	0.0288189363480999
0.2712	0.267	0.0284	0.1544	0.125	0.1182	0.454206237729574
0.0379	0.0372	0.0041	0.0261	0.0157	0.0162	0.13646113027402
0.0046	0.0052	4e-04	0.0024	0.0025	0.0015	0.0286995174291916
0.1238	0.1127	0.0122	0.0705	0.0535	0.0489	0.294302742244515
6e-04	0.0013	2e-04	7e-04	3e-04	2e-04	0.00411897511059407
8e-04	4e-04	1e-04	9e-04	2e-04	3e-04	0.00745749864097161
0	0	0	0	0	0	1.71375958466446e-05
0.034	0.0362	0.0048	0.0191	0.0152	0.0137	0.127722352398843
0.0049	0.0036	4e-04	0.0019	0.0015	0.0027	0.0185549971412221
2e-04	0	0	2e-04	0	1e-04	0.00192962939636575
0.0048	0.0044	7e-04	0.0022	0.0029	0.0022	0.0302269293908274
0.0031	0.0032	3e-04	0.0021	0.0032	6e-04	0.0201163068409692
0.0377	0.0381	0.0043	0.0259	0.02	0.0202	0.152903644370487
0.002	0.0021	2e-04	0.0016	0.0016	0.0013	0.0136085522775335
0.1419	0.1491	0.0191	0.0832	0.0713	0.0673	0.287586126515267
0.0013	9e-04	0	0.0017	0.0015	0.001	0.010275345283219
7e-04	0.0018	1e-04	0.0025	7e-04	0.0012	0.0129889647661881
0.1313	0.1249	0.0126	0.0775	0.0616	0.06	0.317413549818919
0.0043	0.0054	4e-04	0.0026	0.002	0.0039	0.0302229151579334
0.0309	0.0349	0.0035	0.0177	0.0131	0.0154	0.133033712031129
0.0286	0.0298	0.0025	0.0199	0.0156	0.0128	0.137070727830802
0.1586	0.1617	0.0201	0.101	0.0687	0.0799	0.305737432663328
1e-04	4e-04	0	5e-04	0	1e-04	0.00273267508489167
3e-04	0	1e-04	1e-04	2e-04	0	0.00222072314260738
0.2455	0.2562	0.0314	0.16	0.1177	0.1185	0.398843603157419
4e-04	1e-04	0	1e-04	0	3e-04	0.00156172125517065
0.0316	0.0302	0.0031	0.0188	0.0124	0.013	0.12151481595279
0.0264	0.0282	0.0034	0.0207	0.0135	0.014	0.117688344013098
0.006	0.0079	0.0012	0.0051	0.004	0.0026	0.043426520207474
2e-04	2e-04	1e-04	0	2e-04	0	0.00113111526168657
0.0102	0.0069	0.0014	0.0038	0.0044	0.0038	0.0486194321790832
0.8041	0.7948	0.1443	0.5924	0.5192	0.5246	0.862018134892764
0.0084	0.0091	6e-04	0.0045	0.0056	0.0036	0.0450981764583784
6e-04	4e-04	1e-04	3e-04	0	1e-04	0.00352488369697108
0.0013	5e-04	0	1e-04	0	5e-04	0.00333706177957822
0	0	0	0	0	0	8.36843838679879e-05
0.0036	0.0041	9e-04	0.0035	0.0039	0.0018	0.0263668523975728
0.0153	0.0152	0.0023	0.0065	0.0049	0.0062	0.0637765917427027
0.0053	0.0054	8e-04	0.0055	0.0033	0.0021	0.0317965860328223
2e-04	3e-04	0	0	2e-04	0	0.00115131413626225
0.0141	0.0098	0.0012	0.0107	0.0063	0.0073	0.0595853679633119
0.0297	0.0282	0.0042	0.0168	0.0123	0.0137	0.107569003268698
0.0068	0.0079	8e-04	0.0035	0.0028	0.0021	0.0402196104563068
0.0297	0.0303	0.0042	0.0193	0.0156	0.0171	0.115677464523765
7e-04	7e-04	0	6e-04	3e-04	6e-04	0.00578669514849554
0	1e-04	0	0	0	1e-04	0.000353750104594518
0	0	0	1e-04	0	1e-04	0.000687083303468321
0.5406	0.5253	0.0829	0.3439	0.2955	0.2942	0.650888548544402
0.0041	0.0018	0.001	0.0029	0.0014	0.0023	0.0226748887519441
0.001	0.001	1e-04	7e-04	4e-04	1e-04	0.00427597070259935
3e-04	2e-04	0	1e-04	2e-04	2e-04	0.00141752749944802
0.0262	0.0265	0.0035	0.0181	0.0106	0.0114	0.11291101771728
0.0036	0.004	0.0011	0.0031	0.0024	0.002	0.0272988146594985
1e-04	3e-04	0	0	1e-04	0	0.000899392049060293
0.0812	0.0758	0.0105	0.044	0.0332	0.0372	0.250013555019136
0.0128	0.0132	0.0027	0.0106	0.007	0.0075	0.0664838414611895
0.0016	0.0012	1e-04	0.0016	4e-04	4e-04	0.00896179887171794
1e-04	1e-04	0	1e-04	0	1e-04	0.000948321841995361
0.0065	0.0045	6e-04	0.0025	0.0024	0.0032	0.0284088489424762
0.0022	0.0029	2e-04	0.0033	0.0018	0.0016	0.0196635084128911
0	1e-04	0	0	0	0	0.000555206262203067
0.3418	0.3345	0.0424	0.1994	0.154	0.1605	0.492899644496587
0.0028	0.003	0.0012	0.0033	0.0017	0.0017	0.0247089357800433
0.0014	5e-04	2e-04	6e-04	3e-04	4e-04	0.00746430620926154
0.0109	0.0131	0.0024	0.0074	0.0069	0.007	0.0641684959467408
0.0218	0.0235	0.0033	0.0186	0.014	0.0107	0.110697041164825
0.0036	0.0032	3e-04	0.0023	0.002	0.0025	0.0196819259003976
9e-04	0.001	2e-04	6e-04	2e-04	2e-04	0.00738659152277917
0	0	0	0	1e-04	0	3.62932236599997e-05
0.0918	0.0895	0.0108	0.054	0.0378	0.0455	0.212387540269841
0.1385	0.1334	0.016	0.0873	0.06	0.0717	0.308048243672813
0.1329	0.1388	0.0129	0.0782	0.0583	0.0553	0.307888318886335
0	0	0	0	0	0	5.33889659620918e-06
0.0182	0.0205	0.0036	0.0146	0.0095	0.0099	0.0838947575532543
0.0431	0.0486	0.0043	0.0291	0.0234	0.0247	0.186781623864136
0.0183	0.0145	0.0024	0.0103	0.0066	0.0076	0.074181855925922
7e-04	1e-04	0	0	1e-04	0	0.00116553953587346
0.0101	0.0095	7e-04	0.005	0.0051	0.0034	0.0415595206958266
5e-04	3e-04	0	1e-04	0	2e-04	0.00254348432120727
0.0698	0.0813	0.0102	0.045	0.0336	0.037	0.184418126893197
0.0204	0.0215	0.0023	0.0144	0.009	0.0097	0.0912315265982887
0.0019	0.0024	1e-04	0.0021	0.0014	0.0011	0.0134253316957857
0.0898	0.0923	0.0108	0.0532	0.0412	0.0451	0.224558654735681
0.0131	0.0097	0.0012	0.0098	0.0096	0.0063	0.0605416246760033
0.008	0.0062	0.001	0.0076	0.0031	0.0035	0.0457846479335462
0	5e-04	0	1e-04	0	0	0.000879098354768837
2e-04	0.0015	1e-04	5e-04	2e-04	3e-04	0.00552589845584173
0	0	0	0	0	0	0.000337711420856156
0.0023	0.0036	6e-04	0.0026	0.0015	8e-04	0.020496177711254
0.0329	0.0416	0.0037	0.0257	0.018	0.017	0.123902291971434
0	0	0	0	0	0	7.58244115601719e-05
2e-04	5e-04	0	1e-04	2e-04	7e-04	0.00308275226747799
0	0	0	0	0	0	0.000542357990197791
0.001	0.0015	3e-04	0.0015	0.0011	3e-04	0.0100431272074232
3e-04	0	0	3e-04	0	0	0.00159508778232147
0.052	0.0441	0.0063	0.0309	0.023	0.0243	0.155527709969087
0.0221	0.026	0.0021	0.0182	0.0112	0.0112	0.0897822015072696
0	1e-04	0	0	1e-04	1e-04	0.00109771772722504
0.0088	0.0102	8e-04	0.0061	0.0047	0.0047	0.0509541173583462
0.0012	8e-04	3e-04	8e-04	2e-04	7e-04	0.0066603723960937
0	0	0	1e-04	0	0	0.000592856875301563
0.1938	0.194	0.0177	0.1132	0.0825	0.0877	0.401678586490363
0.0736	0.0793	0.0053	0.0423	0.0335	0.035	0.251655497063058
0.0299	0.0338	0.0023	0.0176	0.0164	0.0176	0.127717816920879
0.001	0.0017	0	5e-04	8e-04	0.0011	0.00826348284198011
4e-04	8e-04	3e-04	0.001	8e-04	3e-04	0.00751584676248906
0.0028	0.0029	1e-04	9e-04	0.0017	9e-04	0.0111809886935152
0.4235	0.4349	0.0553	0.2689	0.1965	0.224	0.59375127210025
0.0388	0.0418	0.0061	0.0256	0.0183	0.0237	0.142715190905902
0.013	0.0098	0.001	0.0102	0.0053	0.0056	0.0588800818719917
0	0	0	0	0	0	8.91523628746718e-05
0	7e-04	0	0	3e-04	0	0.00138381001664854
0.0056	0.0093	9e-04	0.0066	0.0034	0.0061	0.0458534233783451
0.0086	0.0084	0.0015	0.006	0.0032	0.0053	0.0508426583278524
0.0214	0.0187	0.0026	0.0115	0.0102	0.0123	0.0904581080575605
0	0	0	0	0	0	5.5112631440166e-07
0.0125	0.0139	0.0027	0.01	0.0064	0.0058	0.067434155305524
0.0181	0.0183	0.0015	0.0109	0.0063	0.007	0.0890603096401864
0.0247	0.0277	0.0031	0.0179	0.0115	0.0108	0.0997409026694886
5e-04	2e-04	0	5e-04	2e-04	4e-04	0.0015705927319275
0.0255	0.0285	0.0033	0.017	0.0145	0.0155	0.110298093838987
0.0127	0.0102	0.0013	0.0048	0.0041	0.0067	0.0601903166244488
0.0037	0.0034	6e-04	0.0036	0.0015	0.0023	0.0277866714929195
5e-04	1e-04	1e-04	0	2e-04	0	0.00129950100502205
3e-04	0.002	0	0.0011	5e-04	0.001	0.0102112057638323
0.0212	0.0249	0.0022	0.0131	0.0103	0.0116	0.0944617217465281
4e-04	8e-04	1e-04	4e-04	1e-04	5e-04	0.00517839456795967
0	3e-04	0	1e-04	2e-04	0	0.00106801793002211
0.068	0.0823	0.0073	0.0425	0.0398	0.0366	0.226782702601658
0.132	0.1321	0.0175	0.0687	0.0637	0.0643	0.293249104852635
0.0332	0.0366	0.0047	0.0218	0.0163	0.0166	0.116989329496251
0.5785	0.5693	0.0836	0.3621	0.3083	0.3111	0.694229878241034
0.0148	0.0175	0.002	0.0117	0.0074	0.0087	0.0754824640342048
0.0075	0.0078	0.0016	0.0061	0.0035	0.0028	0.0358281205010891
0.0904	0.0924	0.008	0.0567	0.038	0.044	0.261861411329207
1e-04	3e-04	1e-04	2e-04	1e-04	2e-04	0.00164726496498199
0.004	0.0023	5e-04	0.0014	0.0015	0.0011	0.0225339177430091
0.0767	0.0707	0.0082	0.0437	0.0359	0.0319	0.216948451514461
0.0056	0.0056	3e-04	0.0053	0.0019	0.0037	0.0329840923465426
0.0604	0.0563	0.0067	0.0359	0.0253	0.0264	0.202949319355086
0.0023	0.0014	1e-04	0.0011	0.0016	0.0011	0.0132250616137946
3e-04	5e-04	3e-04	1e-04	3e-04	0.001	0.00220950599183638
0.0027	0.0032	2e-04	0.0029	0.002	0.0014	0.0196113626008639
0.0047	0.0048	7e-04	0.003	0.0021	0.0027	0.027649749094881
0.0054	0.0055	5e-04	0.0037	0.0037	0.0037	0.029773712331901
0.0066	0.0051	0.001	0.0045	0.003	0.0038	0.030302874029588
0.066	0.0659	0.0068	0.0418	0.0294	0.029	0.186040268985693
0	0	0	0	0	0	0.000326378425519207
0.0167	0.0161	0.0028	0.0117	0.0082	0.0084	0.0856207583508767
2e-04	0	1e-04	3e-04	7e-04	1e-04	0.00242742584314574
0.0439	0.0435	0.0061	0.0272	0.0217	0.0197	0.154792764765745
0.0028	0.0037	5e-04	0.0014	0.0023	0.0021	0.016558932173002
0	0	0	0	0	2e-04	0.00141106516201296
0.0104	0.0085	0.0016	0.0062	0.0049	0.005	0.0474423681411796
0.0094	0.0094	0.0013	0.0083	0.0059	0.0065	0.0518236782313193
0.0037	0.0029	5e-04	0.0029	0.0019	0.0016	0.0205235080114516
0	0	0	1e-04	0	0	0.000208687585243158
0.0011	7e-04	0	1e-04	1e-04	0	0.00193155765447861
0.0475	0.048	0.0069	0.0385	0.0239	0.0236	0.187298891468935
9e-04	0.0013	3e-04	8e-04	2e-04	8e-04	0.0104087201303147
0.0107	0.0085	0.0023	0.0064	0.0055	0.0056	0.0557262173578295
0.0203	0.0205	0.0032	0.0153	0.0084	0.0117	0.0913064665167948
0.0037	0.0043	0	0.004	0.0018	9e-04	0.0195214511226661
0.0092	0.0123	0.0015	0.0067	0.0058	0.0071	0.0601281033491642
0.002	0.0015	3e-04	0.0015	0.0014	0.0011	0.0130760646243524
0.0185	0.0142	0.0014	0.0126	0.0085	0.011	0.0774471694303642
0	0	0	0	0	0	0.000387412951606162
4e-04	2e-04	0	0	1e-04	0	0.00141044429969326
7e-04	3e-04	1e-04	0	0	1e-04	0.00250594141807793
0.0035	0.0021	0	0.002	8e-04	0.002	0.0185695206405649
2e-04	0	0	0	1e-04	0	0.0015229536748877
0.0024	0.0017	8e-04	0.0016	0.0019	6e-04	0.0173123361360085
0.1471	0.1373	0.0158	0.0851	0.0648	0.0678	0.327548477480397
0.0062	0.0059	7e-04	0.0042	0.0022	0.0032	0.0398127159277551
0	2e-04	0	0	0	0	0.000333387676323656
0.254	0.2471	0.0274	0.1437	0.1085	0.1094	0.444926916995436
0.0054	0.0057	1e-04	0.0038	0.0033	0.0025	0.0283330268089279
0.0034	0.0033	4e-04	0.0036	0.0021	0.0028	0.0321840699646033
0.0172	0.0155	0.0019	0.0091	0.009	0.0091	0.074875252081925
7e-04	6e-04	0	2e-04	5e-04	7e-04	0.00389428293567544
0.0042	0.0063	3e-04	0.0044	0.0027	0.0018	0.0279552459246262
0.0012	0.0027	0	0.0016	0.0014	0.0012	0.0124244026595799
3e-04	3e-04	0	3e-04	0	1e-04	0.00194890540265345
0	2e-04	0	0	0	0	0.000231519343317835
0.006	0.0036	4e-04	0.0025	0.0034	0.0029	0.0353985835400499
5e-04	4e-04	2e-04	2e-04	0	3e-04	0.00330101504742417
0.0038	0.0028	1e-04	0.0016	0.0014	0.0021	0.0203374453801947
0.0376	0.0362	0.0038	0.0242	0.0174	0.0187	0.155395485241814
2e-04	3e-04	0	5e-04	0	1e-04	0.00269506069526356
0.0305	0.0285	0.0032	0.021	0.0163	0.0127	0.108447498126412
0.0107	0.0132	0.0019	0.009	0.008	0.0051	0.0681034596223845
3e-04	1e-04	0	9e-04	0	5e-04	0.00259926487015051
0.0159	0.0166	0.0024	0.0128	0.0071	0.0088	0.0758838060464439
0.0019	0.0011	2e-04	0.0013	7e-04	9e-04	0.0110648915580566
0	2e-04	0	0	0	0	2.88388116940135e-05
0.0105	0.01	0.0019	0.0096	0.0051	0.0052	0.053462739690888
0.0024	0.0019	1e-04	0.0014	8e-04	7e-04	0.0129746657863672
0.0012	8e-04	0	7e-04	8e-04	0.001	0.00770420467556472
0	0	0	1e-04	0	1e-04	0.000127754761737727
0.0036	0.0023	5e-04	0.0014	0.0016	0.0018	0.0160725882417496
0.0317	0.0219	0.0028	0.0177	0.012	0.0129	0.110340972353449
0	1e-04	2e-04	2e-04	1e-04	3e-04	0.000529739936748535
0.0063	0.0044	2e-04	0.004	0.0022	0.0018	0.0349101823201514
0.0076	0.0062	0.0019	0.006	0.0055	0.0046	0.0402214497222595
0.0406	0.0435	0.0056	0.0275	0.0182	0.0181	0.14665945571965
0	0	0	0	0	0	8.64465438537328e-05
0.3418	0.3458	0.045	0.1982	0.1501	0.161	0.510223353424287
0.1772	0.1819	0.0178	0.1105	0.0839	0.079	0.362158608155398
0.0026	0.0034	4e-04	0.0032	0.0019	0.0022	0.0205188421284669
1e-04	0	0	4e-04	2e-04	2e-04	0.00259232849727678
0.0035	0.0025	6e-04	0.0017	0.0017	0.002	0.0219957868879208
0.0123	0.0095	0.0012	0.0087	0.0064	0.0077	0.0627028244969797
0.0014	0.0013	5e-04	0.0014	4e-04	0.0011	0.0101233416005062
0.1085	0.107	0.0116	0.0671	0.0436	0.0493	0.294996207086429
0.0202	0.018	0.0023	0.0121	0.0066	0.0088	0.0832712256524981
0	0	0	0	0	0	0.000186429229040918
1e-04	1e-04	0	0	3e-04	1e-04	0.000533140168370653
0.0169	0.0187	0.0027	0.015	0.009	0.0101	0.0853047471780931
7e-04	9e-04	1e-04	5e-04	2e-04	2e-04	0.00765630713880588
0.0142	0.0165	0.0028	0.0105	0.0079	0.0088	0.0752495132096334
0	0	0	0	0	0	3.24465919580736e-06
0.1672	0.1564	0.0143	0.0833	0.0647	0.0654	0.352936112434035
0.2277	0.2205	0.0233	0.1267	0.0966	0.0963	0.429358579409496
0.1637	0.1541	0.0173	0.0893	0.0799	0.0732	0.329045926125083
0.0085	0.0094	0.0014	0.0074	0.0037	0.0045	0.0414530879493621
0.0278	0.0258	0.0031	0.0159	0.0096	0.0117	0.102559018722104
0.3005	0.3025	0.0345	0.1872	0.1417	0.1391	0.489783713268483
0	1e-04	0	1e-04	2e-04	0	0.000884805928149676
0.0166	0.0161	0.0019	0.011	0.0076	0.0092	0.0765657725324725
3e-04	5e-04	0	1e-04	0	3e-04	0.00148792238277431
0.3716	0.3735	0.0461	0.2239	0.1791	0.1733	0.555885720880827
0.0011	8e-04	5e-04	9e-04	8e-04	0.0013	0.00708089182889308
0.0196	0.0157	0.0028	0.0139	0.0099	0.0086	0.0872145996035423
0.0312	0.0293	0.0038	0.0231	0.0124	0.0139	0.118326341936224
0.0038	0.003	5e-04	0.0016	0.0024	8e-04	0.0184665578145193
0.0159	0.0146	0.0014	0.0122	0.0077	0.01	0.0820491554671961
0.0029	0.0015	0.0011	0.0018	9e-04	0.0019	0.0170047277023493
0.0029	0.003	6e-04	0.0026	0.001	8e-04	0.0173272910556651
4e-04	0.001	2e-04	2e-04	4e-04	4e-04	0.00494932904330985
0	0	0	0	0	0	0.000389277433303567
0.0059	0.0082	9e-04	0.0031	0.0029	0.0039	0.0351432253847296
2e-04	1e-04	0	1e-04	0	1e-04	0.000553774970040834
0.0745	0.0784	0.0084	0.045	0.035	0.0395	0.220741800484764
0.0013	0.0018	2e-04	8e-04	0.0011	0.0018	0.0142286598326999
0.0029	0.0026	6e-04	0.0025	0.0016	0.001	0.0163247968465929
0.1387	0.142	0.0177	0.0879	0.066	0.068	0.301140714678101
0.0414	0.0443	0.0046	0.0259	0.0191	0.0252	0.143846091434285
0	0	0	0	0	0	5.81994850972791e-05
0.0045	0.0033	6e-04	0.0026	0.0022	0.0018	0.0268760230028758
0.0072	0.0084	0.0013	0.005	0.0032	0.0034	0.0432436835488958
0	1e-04	0	2e-04	0	1e-04	0.000400968716934572
0.0022	6e-04	5e-04	0.0013	6e-04	6e-04	0.00973568532317426
0.0173	0.0134	0.0017	0.0123	0.0066	0.0062	0.0752226632354447
7e-04	0.0022	2e-04	0.001	9e-04	8e-04	0.00889269217405317
0.0519	0.0526	0.0069	0.0289	0.0237	0.0245	0.149004512075368
0.027	0.0276	0.004	0.0158	0.015	0.0147	0.105462200734824
0	0	0	0	0	0	0.000160153951346318
0.0061	0.0072	7e-04	0.0051	0.0023	0.0031	0.0383295944409704
5e-04	0.0016	0	6e-04	5e-04	4e-04	0.0083169555805554
4e-04	5e-04	1e-04	5e-04	5e-04	1e-04	0.00479485341686866
0.1751	0.1687	0.0193	0.1024	0.0775	0.0767	0.346618440102904
0.0081	0.006	6e-04	0.0052	0.004	0.0038	0.0389374143183276
0.044	0.0434	0.0053	0.0309	0.0209	0.0183	0.143527624131884
2e-04	1e-04	1e-04	0	1e-04	1e-04	0.00281640212954961
0.0098	0.0088	0.0015	0.0071	0.0043	0.0057	0.057583058475307
0.0037	0.0051	8e-04	0.0027	0.0032	0.0021	0.0257522071451433
0.009	0.0102	8e-04	0.0066	0.0058	0.0041	0.0498121058170261
0.1159	0.1116	0.0129	0.0687	0.051	0.0461	0.261266114252821
0.0067	0.0054	6e-04	0.0042	0.0037	0.0028	0.0325901394199397
0.0148	0.0131	0.002	0.0088	0.0088	0.0081	0.0646352653074748
0.0055	0.004	7e-04	0.0053	0.0025	0.0023	0.0295011819179862
0.0025	0.0031	6e-04	0.0021	0.0014	0.0023	0.0202890686499694
9e-04	5e-04	2e-04	5e-04	3e-04	4e-04	0.005400197425011
0.024	0.0245	0.003	0.0199	0.0104	0.0116	0.114600246206559
0	2e-04	0	0	0	3e-04	0.00109043778538978
5e-04	2e-04	0	3e-04	1e-04	0	0.00239862986681215
0.0305	0.0328	0.0041	0.0163	0.0147	0.0146	0.115680185707694
0.1452	0.1426	0.0181	0.0864	0.0672	0.0606	0.307254598508958
0.0032	0.0037	2e-04	0.0033	0.0026	0.0031	0.0264282102118758
0.003	0.0031	5e-04	0.002	0.0025	0.0018	0.0225414390526044
0.004	0.0034	6e-04	0.0025	0.0032	7e-04	0.023787308011919
0.0069	0.0079	0.0014	0.0058	0.003	0.004	0.045342770001681
6e-04	0.0014	0	6e-04	6e-04	2e-04	0.00677047478204782
1e-04	0	0	0	0	0	0.000171449653900127
0.0023	0.0013	0	8e-04	0.0011	0.0013	0.0137608344806817
0.0035	0.0026	3e-04	0.0022	0.0028	0.0016	0.0220146796811005
0.0029	0.0012	1e-04	0.0019	3e-04	0.0017	0.0150581426246399
0.0044	0.0042	8e-04	0.002	0.0011	0.0013	0.0208248743304179
0.003	0.0016	3e-04	0.0013	0.0011	0.0015	0.0194919938766639
0.0165	0.0141	0.002	0.01	0.0076	0.0073	0.0619129784168711
0.0173	0.0196	0.0029	0.0133	0.0129	0.0092	0.0915449223702621
6e-04	0.0016	1e-04	9e-04	6e-04	9e-04	0.010000627394364
8e-04	0.0014	0	0	4e-04	2e-04	0.003128376982876
0.0246	0.0275	0.0035	0.0209	0.0121	0.0145	0.0977472331130217
0.0015	0.0012	8e-04	6e-04	2e-04	0.0011	0.00791579751251668
0	0	0	0	0	0	0.000187171577842444
2e-04	0	0	0	0	0	0.000319590921651682
4e-04	6e-04	1e-04	3e-04	9e-04	2e-04	0.00451917018576742
0.0042	0.0036	8e-04	0.0025	0.0016	0.0027	0.0297430557489924
0.0048	0.0065	7e-04	0.0053	0.0031	0.0052	0.0401078504072945
0.0115	0.0126	0.0018	0.0106	0.0071	0.0075	0.071951461880734
0.3357	0.3394	0.0368	0.2	0.1634	0.1572	0.538465801716516
0.0105	0.0097	0.0015	0.0083	0.0061	0.0053	0.057439612249884
0.0021	0.0019	3e-04	0.001	3e-04	7e-04	0.00687947253034619
0.0021	0.0016	1e-04	0.001	5e-04	9e-04	0.00876838403557636
2e-04	1e-04	0	0	2e-04	5e-04	0.00217755567710543
0.0014	0.0026	1e-04	9e-04	0.0012	4e-04	0.0148563461706808
0.0469	0.0427	0.0046	0.0249	0.0224	0.0201	0.164117506888975
0.009	0.0104	0.0021	0.0062	0.0048	0.0048	0.0604956483936883
0	0	0	0	0	0	0.000122078283640119
0.0059	0.0042	5e-04	0.0036	0.0025	0.0022	0.0294421663957021
0.2934	0.2778	0.0357	0.1731	0.1363	0.1383	0.447594563237807
0.0192	0.0223	0.0025	0.0144	0.0078	0.0113	0.0902673288979522
0	0	0	1e-04	0	0	4.7687862437959e-05
0.0323	0.0326	0.0022	0.0232	0.0148	0.0181	0.124208519278833
0.5977	0.5955	0.0994	0.4067	0.3356	0.3503	0.698294021573507
0.0078	0.0087	0.0011	0.0068	0.0047	0.0044	0.043583604553688
0.0023	0.0019	1e-04	0.001	0.0012	0.0011	0.010906326920075
0.002	7e-04	0	9e-04	9e-04	6e-04	0.0094558283935505
0.0081	0.0115	0.0012	0.0056	0.0042	0.0057	0.0426772453545305
0.0253	0.026	0.0036	0.0141	0.0109	0.0119	0.0933048924505224
0.0475	0.0481	0.0052	0.0272	0.0199	0.0202	0.15172747385538
0.0019	0.0016	4e-04	0.001	0.0018	9e-04	0.0125733197082154
0.0228	0.0176	0.0028	0.0131	0.0099	0.0107	0.0809705551853955
1e-04	0	1e-04	0	0	0	0.000505327454624452
6e-04	2e-04	0	7e-04	3e-04	5e-04	0.00615870236321558
0.0712	0.0635	0.0057	0.0414	0.0274	0.0321	0.204778176893511
0.0285	0.0354	0.0042	0.0276	0.0175	0.0181	0.129901758287896
0.005	0.0041	4e-04	0.0023	0.0017	0.0028	0.0236236758434998
1e-04	2e-04	0	1e-04	6e-04	0	0.00241952772153176
0.0178	0.0134	0.0027	0.0147	0.0105	0.0099	0.0823795435268483
0.0013	0.0012	1e-04	0.001	0.0012	0.0025	0.0129933959893615
0.0091	0.0068	0.0013	0.005	0.0062	0.0056	0.0472081308497333
0.0046	0.0047	6e-04	0.003	0.0034	0.0015	0.0274869325287732
0.0081	0.0075	9e-04	0.0053	0.0045	0.0053	0.0415655685795816
1e-04	2e-04	0	8e-04	2e-04	3e-04	0.000920188072101255
0.0177	0.017	0.0014	0.0089	0.0078	0.0091	0.0730528758884018
7e-04	0.0013	3e-04	6e-04	0.0011	5e-04	0.00729855689705948
0.0041	0.0069	0.0011	0.0033	0.0033	0.003	0.0354104925449487
0.0797	0.0781	0.0082	0.0453	0.0379	0.0363	0.244623731262
0.0048	0.0062	4e-04	0.0039	0.0036	0.0034	0.0398505579414401
0.4209	0.4265	0.0395	0.2547	0.175	0.2077	0.639341182036074
0	0	0	0	0	0	0.000388069103864794
4e-04	4e-04	1e-04	3e-04	3e-04	1e-04	0.00322118513265008
0.0183	0.0205	0.0025	0.012	0.0096	0.0122	0.0708651198402767
2e-04	0.001	0	6e-04	2e-04	2e-04	0.00505400733584115
0.0015	0.0015	2e-04	0.001	3e-04	7e-04	0.0111564770775807
0.0073	0.0053	0.0011	0.0036	0.0025	0.004	0.0337727366903579
5e-04	4e-04	0	3e-04	1e-04	3e-04	0.0030884010467239
0.0018	0.0019	0	0.0025	9e-04	0.0013	0.013318153176957
0.0058	0.0084	0.0011	0.0063	0.0024	0.0029	0.037687841429176
0.0093	0.0087	8e-04	0.0064	0.0044	0.0068	0.0490491065892687
0.0015	6e-04	0	8e-04	4e-04	7e-04	0.00817735170520297
0.1386	0.1441	0.0164	0.084	0.0635	0.0618	0.31507718427869
0.0814	0.0718	0.0078	0.0481	0.03	0.0349	0.23864185815741
0.0012	3e-04	0	1e-04	1e-04	4e-04	0.0043000053143499
0.2343	0.238	0.0251	0.1359	0.1073	0.1076	0.415688620805602
0.0335	0.0396	0.0046	0.0244	0.0165	0.0151	0.135927338396324
8e-04	3e-04	4e-04	0.0014	8e-04	0.0011	0.00889624473830026
0.0188	0.0199	0.0031	0.015	0.0127	0.0102	0.0927926569591884
0.001	0.0014	0	5e-04	9e-04	5e-04	0.00694949800214163
0.0129	0.0122	0.0012	0.0083	0.006	0.0065	0.0655879094104925
7e-04	6e-04	1e-04	6e-04	0	2e-04	0.00392594826438976
0.0096	0.0098	9e-04	0.0068	0.0045	0.0041	0.0487820774829859
0.0027	0.0023	6e-04	0.0023	0.0018	0.0022	0.0179514715036837
0.0023	0.0017	4e-04	0.0018	0.0013	0.0013	0.0112237817166274
0.0013	5e-04	0	3e-04	4e-04	5e-04	0.00373927914373485
0.3257	0.3279	0.0372	0.196	0.1518	0.1595	0.483858420597041
0.5582	0.5482	0.0861	0.3647	0.3092	0.2993	0.684246580830329
0.009	0.0087	0.0013	0.0073	0.0034	0.0055	0.0510971065549053
7e-04	3e-04	0	8e-04	1e-04	5e-04	0.00582789364867009
0.0194	0.0181	0.003	0.0134	0.0097	0.011	0.0850843277857491
0.0546	0.0561	0.006	0.0321	0.0317	0.0276	0.179205188103158
0.0095	0.0084	0.0014	0.0089	0.0041	0.0025	0.0545438041139637
0	0	0	0	0	0	1.76158946013754e-05
0.0041	0.0037	7e-04	0.0025	0.0023	0.0019	0.024202887945844
0.0064	0.0058	8e-04	0.0052	0.0032	0.0036	0.0392107756646198
0.0077	0.0047	0.0012	0.0038	0.0036	0.0041	0.0409959215026638
0.4865	0.4754	0.0802	0.3169	0.2584	0.2695	0.598589063686721
0.0177	0.02	0.0012	0.0111	0.0105	0.0109	0.081771366976775
0.0251	0.0256	0.002	0.0178	0.0138	0.0115	0.111079608471574
0.0142	0.0141	0.0031	0.0097	0.007	0.0086	0.0845103195530646
0.0175	0.017	0.0031	0.009	0.006	0.0117	0.0831292810409682
0.0283	0.0265	0.003	0.0173	0.0135	0.0128	0.110875361310234
1e-04	1e-04	0	0	0	0	0.000650959884633232
0.0425	0.0441	0.0053	0.03	0.0216	0.0197	0.165401085582248
0	1e-04	0	0	0	0	0.000177581877226641
0.0713	0.0747	0.0077	0.0443	0.0324	0.0328	0.199766965600856
0.0013	0	0	1e-04	4e-04	3e-04	0.00300358748756457
0.0156	0.0179	0.0025	0.0108	0.0071	0.0068	0.0865283048364477
7e-04	9e-04	0	4e-04	4e-04	3e-04	0.00671437016968931
1e-04	3e-04	0	1e-04	0	0	0.000600528964647049
0.0046	0.0063	6e-04	0.0038	0.0024	0.0033	0.0305796123950811
0	0	0	0	0	0	3.64455024053308e-05
5e-04	9e-04	0	2e-04	5e-04	7e-04	0.00603504120738196
0.0014	0.0017	1e-04	0.0011	0.0019	9e-04	0.0151128743543985
0.0017	7e-04	1e-04	0.0022	0.0011	0.0012	0.0136685252317527
0.0037	0.0044	6e-04	0.0017	0.0024	0.0028	0.0246428136951817
0.003	0.0042	5e-04	0.0018	0.0019	0.0016	0.0193966553762817
0.1072	0.1187	0.0113	0.0627	0.0451	0.0472	0.307780915476339
0.0013	0.0012	1e-04	0.0011	2e-04	6e-04	0.00759718766642017
0.036	0.0351	0.0055	0.024	0.018	0.019	0.136553231109925
0.0015	0.0019	2e-04	0.0013	9e-04	7e-04	0.0103550171693766
3e-04	3e-04	0	2e-04	7e-04	3e-04	0.00341088813407412
0.0053	0.0074	9e-04	0.0033	0.002	0.0014	0.0327476598466505
0.0026	0.0013	2e-04	0.0016	0.0011	0.0013	0.011284595216306
0.0258	0.0272	0.0038	0.0172	0.0126	0.0134	0.109387564388828
0.0085	0.0104	0.0013	0.0066	0.0038	0.0049	0.0457534348953041
0.0045	0.0035	5e-04	0.0018	0.0033	0.0019	0.0231543656348979
0.0936	0.1037	0.0093	0.0638	0.0442	0.0425	0.264450257123305
0.0133	0.0183	0.0018	0.0097	0.0112	0.0091	0.0768801587941241
0.0064	0.0047	0.0012	0.0028	0.0035	0.0048	0.0325965378017616
0.0043	0.0049	9e-04	0.003	0.0016	0.0015	0.0230014625683128
6e-04	2e-04	0	3e-04	5e-04	1e-04	0.00112593258070548
0.001	3e-04	0	8e-04	1e-04	3e-04	0.00488767052935081
0.0011	7e-04	2e-04	8e-04	7e-04	8e-04	0.0105887457861477
0.0065	0.0081	7e-04	0.0026	0.0064	0.0038	0.038799878519469
9e-04	0.0016	1e-04	0.0013	6e-04	2e-04	0.00784781908793119
0.0015	0.0027	3e-04	7e-04	7e-04	7e-04	0.0112117747000418
0.1105	0.1033	0.0118	0.0616	0.0519	0.0475	0.27157379090199
0.0153	0.0126	0.0012	0.0108	0.0055	0.0062	0.0672886141317677
0.0228	0.0197	0.0037	0.0146	0.0109	0.0096	0.0816341559200589
0.015	0.0175	0.0019	0.0086	0.0078	0.0079	0.0776228222103022
0.1748	0.1787	0.0185	0.1073	0.0707	0.0744	0.393249736642499
1e-04	2e-04	1e-04	4e-04	0	0	0.00275093701353875
0.0041	0.0065	7e-04	0.0038	0.0026	0.0026	0.0271833310891496
0.0895	0.0872	0.0105	0.0545	0.0401	0.0332	0.255371185133918
0.0056	0.0082	0.0014	0.0044	0.0052	0.0045	0.0407749096058847
4e-04	3e-04	4e-04	5e-04	5e-04	5e-04	0.00510150118629424
2e-04	1e-04	0	1e-04	1e-04	0	0.000449032395421183
0.0034	0.006	0.0013	0.0036	0.0039	0.0014	0.0354717091680262
4e-04	5e-04	3e-04	2e-04	1e-04	0	0.00418705869711409
0.0462	0.0448	0.0049	0.0284	0.0159	0.0224	0.158896698689803
0.0031	0.0026	6e-04	0.0032	0.0017	0.0012	0.0193617163253177
9e-04	7e-04	1e-04	4e-04	2e-04	4e-04	0.00358269925803577
0.001	6e-04	3e-04	0.001	6e-04	7e-04	0.00736222106493886
0.0018	0.0021	3e-04	0.0013	9e-04	8e-04	0.0139860812305031
0.0145	0.0125	0.0023	0.0117	0.009	0.009	0.0791282210331942
0	0	0	0	1e-04	0	0.000163374822515566
0	0	0	0	0	0	0.000182376768767413
9e-04	0.0021	2e-04	0.001	8e-04	2e-04	0.00964240737367164
0	0	0	0	0	0	0.000118132608356127
2e-04	4e-04	0	7e-04	1e-04	4e-04	0.00493949348260315
7e-04	0.0024	3e-04	0.0028	7e-04	3e-04	0.0150684826293192
0.008	0.0103	0.0014	0.0063	0.0033	0.0054	0.044297946453442
1e-04	0	0	4e-04	0	0	0.000182810987676749
0.0019	0.0024	4e-04	0.0021	9e-04	0.0025	0.0211320720242748
1e-04	0	0	0	0	0	0.000179454044113631
0.0611	0.0582	0.0046	0.0357	0.0272	0.024	0.219051328910629
0.0153	0.0115	0.0027	0.0086	0.01	0.0042	0.0646157928897688
8e-04	2e-04	0	2e-04	2e-04	1e-04	0.0025993768974554
0.0074	0.0096	0.0014	0.0096	0.0047	0.0048	0.0468547045177762
0	0	1e-04	1e-04	5e-04	1e-04	0.00126446224960937
0.0229	0.0262	0.0035	0.0144	0.0121	0.0092	0.119258134950807
0.0165	0.0183	0.0028	0.0134	0.0091	0.0084	0.0714266122216336
0.048	0.0415	0.0048	0.026	0.0194	0.0213	0.160830476081773
4e-04	1e-04	0	2e-04	1e-04	0	0.00104135049779447
0.0112	0.0139	0.0015	0.01	0.0063	0.0076	0.0717842266869363
0	0	0	0	0	0	0.000312025148205663
0.0117	0.0162	0.002	0.0072	0.0082	0.0058	0.0724774492198718
0.0015	0.003	4e-04	0.0016	0.002	0.0014	0.0178610354096123
0	0	0	0	0	0	8.51955265790521e-05
0.0022	4e-04	6e-04	8e-04	9e-04	8e-04	0.0120858266323031
0.1912	0.1914	0.0238	0.1226	0.0834	0.0778	0.382208654058211
5e-04	8e-04	3e-04	0.0016	7e-04	0.0013	0.0103198045328248
0.0386	0.0335	0.0054	0.023	0.0148	0.0162	0.118557522350951
0.0049	0.0041	8e-04	0.0042	0.0035	0.001	0.0277805590080282
0.0642	0.0661	0.0075	0.0404	0.026	0.0297	0.220452618106219
0.0017	0.0023	3e-04	0.0016	5e-04	0.0012	0.0121254428528563
0	0	0	0	0	0	2.61166188010658e-05
0.7208	0.7419	0.1386	0.5226	0.4559	0.4408	0.805881025851332
0	0	0	0	0	0	9.85379799011217e-05
0	1e-04	1e-04	0	0	0	0.00190296610906671
0.0737	0.0808	0.006	0.0475	0.0339	0.0337	0.251487767180772
0	0	0	0	1e-04	0	0.000165057828238418
0	2e-04	0	1e-04	0	0	0.000757783116242716
0.0084	0.0076	9e-04	0.0069	0.0059	0.0063	0.0447261346529223
0.0027	6e-04	0	0.0018	0.0016	0.0011	0.0115818381691623
0.0118	0.0162	0.0016	0.0125	0.0078	0.0082	0.0569663972540828
0.0052	0.0044	0.0014	0.0055	0.0027	0.0031	0.0305847496077064
0.034	0.0349	0.0022	0.0255	0.0143	0.015	0.130828569719783
0	0	0	0	0	0	1.47888967293481e-05
0.0033	0.0032	4e-04	0.002	0.0011	0.0015	0.0193494975974958
8e-04	3e-04	1e-04	2e-04	6e-04	1e-04	0.00346614142159408
0.0201	0.015	0.003	0.0113	0.0086	0.0104	0.0652876845102187
0	1e-04	1e-04	2e-04	0	0	0.000848982715480988
0.0018	0.0023	5e-04	0.001	9e-04	9e-04	0.00942288486921731
0.0026	0.0019	4e-04	0.0021	0.0011	0.002	0.0143820739639773
0.0597	0.0613	0.0075	0.0391	0.0302	0.0279	0.169417023301815
0.0143	0.0132	0.0022	0.0117	0.0085	0.0079	0.0786309502393724
0.0012	6e-04	0	9e-04	6e-04	4e-04	0.00530650141921399
0.0051	0.0042	9e-04	0.0036	0.0031	0.003	0.0282790233133502
0	0	0	0	0	0	0.00045747639525663
0	0	0	1e-04	0	2e-04	0.000510846635209885
0.0065	0.0065	0.0011	0.0039	0.0045	0.0031	0.0393233196881174
0.0014	0.0015	0	0.0012	8e-04	9e-04	0.00901394949756324
0.0017	9e-04	1e-04	0.0018	9e-04	0.0019	0.0146756512540551
0.0015	8e-04	2e-04	5e-04	2e-04	1e-04	0.00534918773194762
0.0011	8e-04	0	8e-04	4e-04	8e-04	0.00609411687155601
0.0238	0.0225	0.0032	0.017	0.0099	0.0125	0.090346263911737
6e-04	0.0022	0	9e-04	5e-04	3e-04	0.00730387587833511
1e-04	0	0	0	1e-04	0	0.000603468483904556
0.0565	0.0479	0.0062	0.0372	0.0242	0.0245	0.184558861892332
0.0464	0.0527	0.0064	0.0348	0.0223	0.0275	0.153218913260249
3e-04	5e-04	0	5e-04	1e-04	1e-04	0.00220653583260298
0.004	0.0058	4e-04	0.0027	0.0015	0.0029	0.0279477534735556
0.0067	0.0073	0.0011	0.0046	0.0042	0.0029	0.0381501195988056
0	2e-04	0	0	0	0	8.75761695692986e-05
0.0012	0.0013	0	8e-04	6e-04	6e-04	0.0103982889094229
0.0031	0.0024	1e-04	0.0017	8e-04	7e-04	0.0139449174600868
0.001	0.0013	1e-04	0.0013	9e-04	5e-04	0.00971293478423735
0.0148	0.0133	0.0014	0.0098	0.006	0.0061	0.0654003048598616
0	0	0	0	0	0	3.18628226040768e-05
0	0	0	0	0	0	1.59288450617251e-05
0.0046	0.0063	6e-04	0.0043	0.0031	0.0036	0.0259339939988353
4e-04	3e-04	1e-04	7e-04	0	1e-04	0.00141370871430371
0.0041	0.003	0.0011	0.0041	9e-04	0.0018	0.0230632869352865
1e-04	0.0011	1e-04	4e-04	2e-04	1e-04	0.00300778431486724
0.0343	0.0363	0.0043	0.0216	0.0176	0.0196	0.10108813924538
0.1385	0.146	0.0151	0.0848	0.0612	0.06	0.34156640522412
0.0541	0.0625	0.0065	0.0358	0.0215	0.0247	0.190965036103911
0.0253	0.0229	0.0036	0.0132	0.0087	0.0097	0.0801785493692614
0.1415	0.1428	0.0138	0.0839	0.0637	0.0617	0.329669714029247
0.023	0.0213	0.0037	0.0152	0.0105	0.0127	0.0842322405058805
0.0056	0.0038	8e-04	0.0028	0.0027	0.0016	0.0281194080042044
0.0145	0.0184	0.0022	0.0102	0.0098	0.0085	0.0770280526674328
0.0289	0.0262	0.0025	0.0185	0.0152	0.0141	0.112381255500212
8e-04	7e-04	1e-04	3e-04	4e-04	5e-04	0.00579387079194511
0.0359	0.0398	0.0054	0.0221	0.0165	0.0188	0.142524425191516
0.0168	0.0146	0.0026	0.0068	0.007	0.0084	0.074451426363059
0.0309	0.0328	0.0043	0.0185	0.0176	0.0159	0.128129645088438
0.0013	9e-04	0	0.001	3e-04	3e-04	0.0057825618032986
0	0	0	0	2e-04	1e-04	0.000956854143327376
3e-04	2e-04	0	3e-04	0	5e-04	0.00277847894052381
0.0881	0.0825	0.0114	0.0509	0.0362	0.0408	0.221848467479778
0.009	0.0093	8e-04	0.0051	0.0042	0.0049	0.0522349021526687
0.4046	0.3885	0.0399	0.2382	0.1649	0.195	0.572771002793259
0.2252	0.2292	0.0268	0.1309	0.1043	0.1098	0.416676417463351
0.0225	0.0192	0.0022	0.0156	0.0078	0.0088	0.0906942059813196
0.0251	0.0253	0.0023	0.0199	0.0114	0.0121	0.101084120663769
0.3773	0.3724	0.0399	0.2293	0.183	0.1771	0.567370047743412
0.0473	0.0471	0.0054	0.0348	0.0227	0.0208	0.159416479056519
0.3005	0.3046	0.0385	0.1762	0.1436	0.141	0.453455298224507
0	1e-04	0	0	0	0	0.000109362261086869
0.0014	6e-04	2e-04	7e-04	6e-04	5e-04	0.00894913165420697
2e-04	0.0012	3e-04	3e-04	5e-04	3e-04	0.00580894903159668
0.0013	0.0017	3e-04	0.002	0.0015	0.0013	0.0142440228090356
0.2566	0.2476	0.0224	0.1384	0.1053	0.107	0.466130036077035
6e-04	9e-04	2e-04	1e-04	2e-04	1e-04	0.00264360236649314
0.0023	0.0026	1e-04	0.001	6e-04	0.0015	0.0120849740068171
0.0013	0.0018	3e-04	8e-04	0.0011	6e-04	0.00839422371126627
0.02	0.0178	0.0021	0.0131	0.0104	0.0093	0.0790310872726823
5e-04	9e-04	1e-04	0.0013	8e-04	0.001	0.00687416281744677
0.0262	0.0237	0.0022	0.0182	0.012	0.0083	0.103492268648895
2e-04	2e-04	0	5e-04	1e-04	2e-04	0.00290844972030954
0.0275	0.0209	0.003	0.0162	0.0117	0.0109	0.114596069547491
0.0056	0.0083	4e-04	0.0059	0.0033	0.0038	0.0438569172515087
0.0055	0.0054	5e-04	0.004	0.0024	0.0024	0.0298893509957273
0.0026	0.0012	1e-04	0.0019	0.001	0.0012	0.0170194890415352
0.0028	0.0035	7e-04	0.0037	0.0018	0.0018	0.0269930132119706
0.0196	0.0201	0.003	0.0166	0.0147	0.0112	0.111727393867866
0.0028	0.0035	6e-04	0.0029	0.003	0.0015	0.0214459734874198
0.011	0.0097	0.002	0.0056	0.0053	0.0063	0.0516459661956745
0.0029	0.0038	4e-04	0.0027	0.0012	0.0015	0.0157953487734857
0.1102	0.1041	0.0115	0.0628	0.0428	0.0468	0.263840416080892
0.0021	0.0038	4e-04	0.0024	0.0018	0.0025	0.0238328014648758
7e-04	0.0027	2e-04	0.0018	5e-04	4e-04	0.0100849470238073
0.0364	0.0311	0.0031	0.0215	0.0169	0.0162	0.124289179629029
0.0504	0.0536	0.0058	0.033	0.0235	0.0245	0.172886261494835
0	0	0	0	0	0	0.000104392635231267
0.1823	0.1816	0.0194	0.1082	0.0798	0.0696	0.398239441448015
0.0291	0.0251	0.0033	0.0172	0.009	0.0125	0.106620781735032
0.0013	3e-04	1e-04	3e-04	1e-04	1e-04	0.00304179588326051
0.0023	0.0013	3e-04	0.0012	8e-04	6e-04	0.0118527792267914
0.0147	0.0125	0.0023	0.0094	0.0068	0.0068	0.0749176201219674
0.0274	0.0288	0.0042	0.0181	0.0146	0.0119	0.100211412430191
4e-04	9e-04	0	0.0012	0	3e-04	0.00471994003679632
0.0024	0.0015	3e-04	7e-04	8e-04	2e-04	0.00926579147259844
0.0128	0.0136	0.002	0.0073	0.0047	0.007	0.0636717897537144
2e-04	1e-04	1e-04	2e-04	0	1e-04	0.000564432253984097
0	0	0	0	0	1e-04	0.000128759976355491
0	0	0	1e-04	1e-04	0	0.000877001750747596
0.0209	0.0206	0.0017	0.0127	0.0088	0.0107	0.0790601507154298
0.0062	0.0039	2e-04	0.0035	0.0035	0.0023	0.0280076199314543
0.0046	0.0041	7e-04	0.0025	0.0018	0.0023	0.0207888586438695
0.0033	0.0032	8e-04	0.0022	0.0026	0.003	0.0233363927977414
0.0013	0.0018	2e-04	9e-04	8e-04	7e-04	0.00803261083666512
0.2656	0.271	0.0252	0.155	0.1223	0.1268	0.457068258596835
0.0014	0.0025	5e-04	0.0015	9e-04	0.0011	0.0147408691287809
0.0022	0.001	4e-04	0.0017	0.0013	0.0011	0.0112239859998473
0.0018	4e-04	2e-04	2e-04	2e-04	5e-04	0.00797524940151698
0	0	0	0	0	2e-04	0.000422368297797452
0.0047	0.0052	8e-04	0.0036	0.0035	0.0014	0.0345031625208159
0	6e-04	0	0	0	0	0.000270965322054596
0.0899	0.087	0.0117	0.0578	0.041	0.046	0.195588145372194
0.0021	0.0035	2e-04	0.002	0.001	5e-04	0.0145032544608746
1e-04	1e-04	0	3e-04	1e-04	1e-04	0.00136963087972174
0.0221	0.0275	0.0041	0.0146	0.0121	0.0119	0.100614292002614
0.2909	0.2914	0.0331	0.1698	0.1334	0.1315	0.466589686417903
0.0027	0.0035	3e-04	0.0033	0.0016	0.0015	0.0215530575673268
0.0048	0.0035	5e-04	0.0023	0.0016	0.0013	0.0237207328211473
0.001	0.0011	2e-04	9e-04	5e-04	9e-04	0.00801652754235291
0.0194	0.0234	0.0032	0.0143	0.0095	0.0102	0.0915543992324839
0.0044	0.004	9e-04	0.0041	0.0023	0.002	0.0281285114804018
0.0027	0.0041	1e-04	0.0027	0.0015	0.0011	0.0171875257450297
0.2956	0.3223	0.0312	0.1837	0.1333	0.1378	0.528323345365587
0.0372	0.0363	0.0042	0.0207	0.015	0.0165	0.114591642006382
0.0018	0.0026	1e-04	0.0023	0.0025	0.0017	0.0235859697138739
0.0012	7e-04	2e-04	9e-04	4e-04	4e-04	0.00498097322022414
0.0057	0.0055	7e-04	0.0034	0.0019	0.0013	0.0304284573908493
0.1357	0.1313	0.0154	0.0774	0.0629	0.0619	0.322072686662375
0.2409	0.246	0.0246	0.1475	0.1099	0.1072	0.452174945181618
0.0011	6e-04	1e-04	7e-04	3e-04	2e-04	0.00619995224372366
0.0046	0.0054	8e-04	0.0062	0.0024	0.0034	0.0378891623287408
0.0022	0.004	7e-04	0.0028	0.0025	0.0019	0.0216368025294248
0	0	0	0	0	0	7.78794512059522e-05
0.0434	0.0485	0.0055	0.0286	0.0213	0.0192	0.157379597611496
0.4635	0.4585	0.0532	0.2864	0.2185	0.2319	0.620225128933062
0.0092	0.008	0.0014	0.0056	0.004	0.0026	0.0449102540619771
0.0017	9e-04	2e-04	9e-04	0.0011	7e-04	0.00689902430226489
0.0076	0.0057	0.0011	0.0067	0.0038	0.0029	0.0479121100681433
0.01	0.0108	0.0016	0.0072	0.0042	0.005	0.0592979803967039
0	0	0	1e-04	0	0	4.59810909874477e-05
5e-04	0.0017	3e-04	6e-04	1e-04	8e-04	0.00598027639233739
8e-04	0.0016	0	4e-04	0.0012	2e-04	0.00597861603058643
0.0011	0.0018	1e-04	0.0011	7e-04	9e-04	0.0094293477343581
0	0	0	0	0	1e-04	0.00138828251120841
0.0014	0.0017	4e-04	0.0019	9e-04	9e-04	0.0140507455820495
0.0503	0.0567	0.005	0.0338	0.0261	0.0259	0.186917136294814
0.0127	0.0108	0.0015	0.0103	0.0061	0.0053	0.0575619820131304
0.1731	0.1632	0.0168	0.0963	0.0836	0.0809	0.341012666933497
0.0376	0.0401	0.0053	0.0229	0.0166	0.0202	0.155125171451983
0	3e-04	0	1e-04	0	1e-04	0.00118285101206123
0	1e-04	0	0	0	0	0.000191480463639004
0.006	0.0073	0.001	0.0045	0.0041	0.0029	0.0407365630516177
0.3299	0.3285	0.0267	0.1794	0.1426	0.144	0.554063151270818
0	1e-04	0	1e-04	0	0	0.000382087400577512
0.0016	0.0011	4e-04	0.0013	6e-04	7e-04	0.00820125070240666
0.0031	0.003	6e-04	0.0018	0.0017	0.0012	0.0204606463500985
6e-04	5e-04	1e-04	0.0011	1e-04	5e-04	0.00654455534420229
8e-04	0.0012	0	7e-04	1e-04	2e-04	0.00493048901278022
0.0515	0.0456	0.0042	0.0258	0.0212	0.0185	0.161054992716129
0.0069	0.0068	0.0011	0.0052	0.0049	0.0042	0.0356280185269466
0.0254	0.0198	0.0026	0.0155	0.0094	0.0093	0.107654821181634
0.1134	0.1248	0.013	0.0749	0.0562	0.0507	0.272731119710343
0.0026	0.0026	3e-04	0.003	0.0019	0.0029	0.028750309547714
0.0474	0.053	0.005	0.0323	0.0224	0.0187	0.188417913292936
0.0078	0.0058	5e-04	0.0047	0.0039	0.003	0.04313650220626
0.001	0	1e-04	4e-04	3e-04	3e-04	0.00247196233403569
0.0163	0.0151	0.0014	0.009	0.0071	0.0079	0.0747529200970139
0.0016	7e-04	0	5e-04	6e-04	3e-04	0.0076918157551142
0.0846	0.0909	0.0081	0.0551	0.0403	0.0399	0.236184729604406
0	1e-04	0	0	0	0	0.000279644233279805
0.0069	0.0059	0.0016	0.0056	0.0027	0.003	0.0386872253636179
0	1e-04	0	0	1e-04	0	0.000253889203375903
0.0265	0.0271	0.003	0.0185	0.0121	0.0117	0.0997428878972932
0.0021	0.0017	2e-04	0.0012	6e-04	3e-04	0.0103104383366661
0.0815	0.0877	0.0088	0.0447	0.0377	0.0412	0.224021484593932
0.0276	0.0254	0.002	0.0188	0.0108	0.0139	0.124214494385716
0.098	0.0917	0.0103	0.058	0.0418	0.0447	0.260317094432566
0.0021	0.0019	4e-04	0.0013	0.0014	9e-04	0.0139009574992671
0.0361	0.0289	0.0034	0.0248	0.0174	0.0184	0.148895786951075
0.0343	0.0373	0.0037	0.0217	0.0158	0.0175	0.145010607207895
0.1617	0.1507	0.0164	0.1002	0.0664	0.0653	0.365712851610412
0.0015	0.0016	1e-04	9e-04	5e-04	7e-04	0.00746089748631097
0.0387	0.0383	0.0044	0.0195	0.0185	0.0203	0.136697974113127
0.0289	0.0303	0.0019	0.0175	0.0124	0.0151	0.115513527312937
0.0654	0.0583	0.0052	0.0376	0.0315	0.0285	0.173819610419893
3e-04	3e-04	1e-04	0	0	1e-04	0.00109467103805156
0.0015	0.0017	5e-04	0.0016	0.0012	6e-04	0.0141096323775728
1e-04	3e-04	2e-04	2e-04	3e-04	4e-04	0.00296519111182337
0.0018	0.0015	1e-04	0.0012	9e-04	0.0014	0.0112925864653907
0.0608	0.0603	0.0058	0.0348	0.0255	0.0253	0.155499597410082
0.0041	0.0034	0.0011	0.0018	0.0012	0.0012	0.0197188786782506
0.0032	9e-04	5e-04	0.0017	0.0011	9e-04	0.0128175338645274
0.0025	0.004	1e-04	0.0018	5e-04	9e-04	0.0193951553045197
0.0995	0.0945	0.0084	0.0595	0.043	0.0437	0.251701752398253
1e-04	0	0	1e-04	1e-04	0	0.000152313981524471
0.1579	0.156	0.0175	0.0881	0.0727	0.0771	0.29979015010345
0.0428	0.0368	0.0068	0.0259	0.0179	0.0196	0.132586256044507
0.0771	0.076	0.0087	0.0404	0.0308	0.034	0.213501733421476
0.0166	0.0138	0.0015	0.0112	0.008	0.0085	0.0744998565711501
0.004	0.0067	4e-04	0.0042	0.0023	0.0024	0.0292617181225127
0.0023	0.0031	1e-04	0.0022	0.0015	0.001	0.0159151731178317
0.0019	0.0016	0	0.0012	0.0017	0.0018	0.0125385130754117
0.0025	0.0021	2e-04	0.0014	0.0016	0.0013	0.0158890260644068
0.0113	0.0116	0.0012	0.0063	0.0057	0.0057	0.0636015816674333
4e-04	2e-04	0	7e-04	1e-04	7e-04	0.00395649932512351
0.1958	0.1937	0.0263	0.1114	0.093	0.0928	0.369232841230007
0.0883	0.0901	0.011	0.0567	0.0428	0.0419	0.205804033322919
0.0012	1e-04	3e-04	9e-04	0.0011	4e-04	0.00686780906150859
0.8248	0.8237	0.177	0.6383	0.5722	0.5775	0.870807221783134
0.0257	0.0311	0.0034	0.0173	0.0146	0.0125	0.111262317185157
0	0	0	0	0	0	8.6790052242279e-05
0.0059	0.0057	9e-04	0.0036	0.0024	0.0042	0.0341197887720067
5e-04	6e-04	1e-04	8e-04	3e-04	6e-04	0.00443553605149546
3e-04	1e-04	0	0	0	0	0.00204099134365244
6e-04	0	2e-04	2e-04	3e-04	7e-04	0.00391292040228073
0.004	0.0042	9e-04	0.0035	0.0018	0.0018	0.0283109952288537
5e-04	0.001	0	6e-04	3e-04	8e-04	0.00517009104171452
0.0635	0.0684	0.0069	0.0403	0.0348	0.0342	0.239956091916801
1e-04	0	0	0	0	0	2.28328580027287e-05
0.0204	0.0231	0.0021	0.0126	0.0113	0.0106	0.081625839730441
0.0102	0.0108	0.0014	0.0089	0.0075	0.0069	0.0545900127561302
0.0122	0.01	7e-04	0.0096	0.0078	0.0064	0.0514577652032378
0.0424	0.0382	0.0039	0.0279	0.019	0.0154	0.149006418009796
0	3e-04	1e-04	1e-04	0	4e-04	0.00155623779933801
0	5e-04	1e-04	3e-04	2e-04	7e-04	0.00216366474760855
0.2058	0.1957	0.0232	0.107	0.0934	0.0805	0.409559438521208
0.1709	0.174	0.0208	0.098	0.0686	0.0804	0.330870894537917
0.0123	0.0108	0.001	0.007	0.0049	0.005	0.0637510088937658
0.0035	0.0043	2e-04	0.0041	0.0024	0.0016	0.0240829900589811
2e-04	4e-04	2e-04	6e-04	0	0	0.00340853052355656
0.0036	0.0058	9e-04	0.0037	0.0026	0.0026	0.0286367301292544
0.0519	0.0513	0.0056	0.0346	0.0227	0.0226	0.166808164128128
0.2818	0.2791	0.0305	0.1611	0.1308	0.1221	0.473284033726753
0.6077	0.6158	0.0845	0.4006	0.3343	0.3435	0.729971560163984
0.3128	0.2907	0.0281	0.1792	0.1406	0.1286	0.545978688171824
0.3864	0.3762	0.0454	0.2212	0.1727	0.1844	0.56613971940764
0	0	0	1e-04	0	0	0.000429078156278207
2e-04	6e-04	0	1e-04	2e-04	1e-04	0.00279526765719963
1e-04	1e-04	0	3e-04	5e-04	2e-04	0.00170730051648178
0.0163	0.0183	0.0019	0.0105	0.0074	0.0109	0.0803190449861523
0.0235	0.0201	0.0027	0.0127	0.0109	0.0106	0.0810563396610575
2e-04	0.001	0	4e-04	0	5e-04	0.00298903221906796
0.0061	0.0063	0.0015	0.0051	0.0023	0.0029	0.0353680053264385
7e-04	3e-04	0	2e-04	1e-04	0	0.00203508996367608
7e-04	9e-04	2e-04	3e-04	4e-04	3e-04	0.00563407647610247
1e-04	2e-04	0	1e-04	0	0	0.00144039376200455
0.0103	0.011	0.0014	0.0072	0.0041	0.006	0.05809717130704
5e-04	0.0015	1e-04	0.0013	8e-04	9e-04	0.00883026036797747
0	3e-04	0	1e-04	0	1e-04	0.000586130775371343
1e-04	0	0	0	5e-04	0	5.42454121895934e-05
0.0768	0.074	0.0081	0.0422	0.0322	0.0336	0.19650511803611
0.0244	0.0215	0.0032	0.0118	0.0106	0.0113	0.104000704070266
0.0056	0.0031	0.001	0.0036	0.0027	0.0032	0.0333502679649127
0.0337	0.0295	0.0035	0.022	0.0138	0.0184	0.124180764015722
0.0171	0.0157	0.0021	0.0111	0.0087	0.0078	0.0701832394221002
0.252	0.2523	0.0233	0.1517	0.1064	0.1074	0.490020412080468
0.002	0.0033	1e-04	7e-04	5e-04	0.001	0.0118595887516233
0.1006	0.1026	0.0114	0.0597	0.0416	0.0443	0.260662844152985
0.0134	0.0138	0.0019	0.011	0.0067	0.0087	0.0659503123675709
0.0316	0.0279	0.0035	0.0146	0.013	0.013	0.0876958596602833
0.0846	0.0847	0.008	0.0514	0.0335	0.0405	0.27179704533203
0.0125	0.0113	0.0016	0.0077	0.0068	0.0068	0.0668510585732799
0.1697	0.168	0.0205	0.0972	0.0753	0.0728	0.366778695269766
0.0037	0.0026	2e-04	0.0019	0.0015	0.0016	0.0211890983694255
7e-04	0	0	3e-04	1e-04	0	0.00285813429115758
0.7784	0.7614	0.1347	0.5553	0.499	0.4877	0.83922650670381
0.0031	0.0032	9e-04	0.0027	0.0024	0.0013	0.0181192866073329
4e-04	3e-04	2e-04	0	2e-04	1e-04	0.002221238263928
1e-04	1e-04	0	3e-04	3e-04	1e-04	0.00183846020256017
0.0057	0.0037	0.0011	0.0042	0.0041	0.0043	0.0319584342948241
0.0142	0.0169	0.0016	0.0103	0.0067	0.0091	0.0736693969150262
0.0014	9e-04	1e-04	3e-04	5e-04	8e-04	0.0107260919788955
0.001	0.0014	2e-04	4e-04	0.0013	5e-04	0.00880181293032676
0	0	0	2e-04	3e-04	0	0.000281359776805117
6e-04	0.0017	1e-04	0.0015	0.0013	0.0013	0.0129628017195126
0	1e-04	1e-04	1e-04	1e-04	1e-04	0.00112623857518764
0.1044	0.1005	0.0103	0.0595	0.0527	0.0431	0.272756264813424
0.0105	0.0106	0.0017	0.01	0.0057	0.007	0.0627320163452388
0.0018	9e-04	5e-04	7e-04	6e-04	0.0014	0.01171513267562
0.0316	0.0268	0.0023	0.0183	0.0121	0.012	0.113962623793863
0.0188	0.0211	0.0026	0.0117	0.0083	0.0101	0.0857936668514828
9e-04	3e-04	4e-04	0	7e-04	0	0.00208168155840067
0.0042	0.0081	4e-04	0.004	0.0029	0.0023	0.0362433159562671
0.0012	0.0014	0	0.0012	7e-04	4e-04	0.00944099247477487
0.0015	6e-04	0	3e-04	7e-04	5e-04	0.00468721234895743
0.0224	0.0307	0.0031	0.0179	0.0123	0.0109	0.108631678865733
0.0593	0.0565	0.0057	0.0368	0.0259	0.0282	0.214071993176449
0.0015	0.0013	0	0.0011	9e-04	8e-04	0.00838294476098082
0.0224	0.0181	0.0039	0.0141	0.0106	0.0091	0.0938644302112612
0.0179	0.0236	0.0043	0.0174	0.0106	0.0115	0.106815113124882
0.001	0.002	1e-04	0.0011	5e-04	0.0014	0.0130463037407746
1e-04	1e-04	0	2e-04	1e-04	0	0.000474371156267007
0.0014	0.0021	7e-04	0.0015	3e-04	6e-04	0.00978489458599146
2e-04	5e-04	0	4e-04	0	8e-04	0.0035955982280761
0	0	0	0	0	0	0.000116719515086156
0.084	0.0824	0.0091	0.0483	0.0386	0.0386	0.191735268773803
0.0241	0.033	0.0034	0.0196	0.0149	0.0117	0.119199999989953
3e-04	3e-04	0	3e-04	4e-04	0	0.00248069480674201
0.0109	0.0077	0.002	0.007	0.0044	0.0049	0.0518990669577305
0.0012	0.001	1e-04	8e-04	5e-04	5e-04	0.0109593803558803
3e-04	0.0012	1e-04	3e-04	0	2e-04	0.00194377069136835
8e-04	5e-04	1e-04	5e-04	2e-04	2e-04	0.00434043260531726
5e-04	3e-04	1e-04	3e-04	4e-04	2e-04	0.00423886316245634
0.2266	0.2294	0.0238	0.1487	0.1081	0.1061	0.38991604464917
0.0477	0.041	0.0056	0.0251	0.023	0.0228	0.144494048471422
8e-04	0.0017	2e-04	5e-04	5e-04	9e-04	0.00764198157646342
0.0066	0.0052	4e-04	0.0032	0.0021	0.0034	0.0349006919425171
0.1494	0.1535	0.0168	0.0881	0.0636	0.0677	0.313865161193206
0.0204	0.0235	0.0036	0.0157	0.0126	0.01	0.0968547836596881
0.003	0.0025	2e-04	0.0013	7e-04	0.0011	0.0153665378607934
0.4025	0.3983	0.0462	0.2481	0.1874	0.1844	0.572160039438325
0.0019	8e-04	1e-04	8e-04	5e-04	2e-04	0.00656369039349651
0	0	0	0	0	0	0.000113413206312686
9e-04	7e-04	0	7e-04	6e-04	2e-04	0.0058218623891531
0.0016	0.0017	6e-04	0.0015	9e-04	0.0012	0.0133870568454492
0.0195	0.0169	0.0018	0.014	0.0094	0.0086	0.0792406287423288
0.0657	0.0704	0.0071	0.0392	0.03	0.0281	0.218114083543076
4e-04	0	0	2e-04	1e-04	2e-04	0.00144377503783373
0	0	0	0	0	2e-04	0.000393147717360739
1e-04	1e-04	0	0	0	0	0.000184992969756506
0.0013	0.002	1e-04	0.0013	7e-04	4e-04	0.0114407102411755
0.1924	0.1969	0.0205	0.1156	0.0847	0.0862	0.383742581729239
0.0307	0.0296	0.0046	0.0228	0.0131	0.0168	0.142304572371707
4e-04	0.0013	0	5e-04	5e-04	7e-04	0.00451094901423339
0.0145	0.0183	0.0016	0.011	0.0101	0.008	0.081192389132506
0.0018	0.0011	2e-04	0.0016	0.0013	9e-04	0.00688500870146639
1e-04	1e-04	1e-04	1e-04	4e-04	0	0.00135569451841938
0.0067	0.009	0.0015	0.0056	0.0044	0.005	0.0455332475841744
9e-04	8e-04	0	0.001	0.0011	5e-04	0.00647907218877096
0.001	7e-04	3e-04	5e-04	7e-04	0.0011	0.0073482789467518
0.0809	0.0778	0.0103	0.0482	0.0352	0.0455	0.187039306047457
0	0	0	0	0	5e-04	0.000926694115307187
0.0044	0.0051	3e-04	0.0022	0.0018	0.0023	0.0295215860950403
9e-04	3e-04	4e-04	2e-04	4e-04	1e-04	0.00295711773483374
1e-04	6e-04	0	0.001	2e-04	1e-04	0.00239075366109277
0.0016	0.001	5e-04	0.0014	6e-04	0.0012	0.0129286382608322
0.003	0.002	5e-04	0.0021	0.0012	0.0016	0.0158938185377777
2e-04	1e-04	0	1e-04	1e-04	1e-04	0.000880240314616353
