FMP	RMP	FPP	UPP	ANPP	NPP	ANCOVA
0.1497	0.1431	0.0125	0.0823	0.0602	0.057	0.312459923630429
0.0317	0.0336	0.0039	0.0181	0.0123	0.0139	0.128745538890112
0.0142	0.0161	0.0022	0.0102	0.0078	0.0073	0.075580045466299
0.6144	0.6145	0.0685	0.3817	0.3045	0.3107	0.7500412213318
0.1483	0.1459	0.0123	0.0894	0.067	0.0653	0.347225032783693
0.1218	0.1244	0.0153	0.0734	0.0516	0.0453	0.300125629798444
0.0518	0.0477	0.0043	0.033	0.0247	0.022	0.178590995025544
0.0196	0.0195	0.0027	0.0137	0.0113	0.009	0.0831660872634506
0.0024	0.0023	3e-04	0.0014	0.001	0.0013	0.0157701544870048
0.0031	0.0044	4e-04	0.0011	9e-04	0.0016	0.0204674572661738
0.3285	0.3361	0.0343	0.2	0.1549	0.1594	0.515722307545918
0.0084	0.0054	5e-04	0.0034	0.003	0.0042	0.0366782911627348
0.0789	0.0817	0.0084	0.0517	0.0382	0.0362	0.244976705668905
0.0827	0.0885	0.0099	0.0455	0.0341	0.0347	0.218397951256714
0.0297	0.0323	0.0036	0.0216	0.0144	0.0145	0.131340842153271
0.0539	0.0599	0.0077	0.042	0.0274	0.0273	0.20524974915071
0.2107	0.2143	0.0235	0.1221	0.0813	0.0881	0.412075930407336
0.1751	0.1665	0.0172	0.0977	0.0731	0.0683	0.323294590812323
0.0518	0.0536	0.0068	0.0376	0.024	0.0217	0.185495851684847
0.0083	0.0071	0.0011	0.0073	0.0032	0.0055	0.0466647895090089
0.2639	0.2644	0.0276	0.1467	0.1149	0.1149	0.482900821700634
0.2504	0.252	0.0296	0.1473	0.1091	0.1035	0.404722161184323
0.0469	0.0511	0.0066	0.0292	0.024	0.0235	0.142182542148524
0.0042	0.0023	8e-04	0.0026	0.0027	0.0015	0.0169319162731093
0.128	0.126	0.0155	0.075	0.0628	0.0539	0.298308035760231
0.0056	0.0058	6e-04	0.0035	0.003	0.003	0.0266022451976647
1e-04	7e-04	1e-04	3e-04	3e-04	3e-04	0.00258017531936446
0.0035	0.0028	3e-04	0.0028	0.0019	0.0015	0.0256064228857776
0.2216	0.2219	0.0238	0.1308	0.0951	0.1045	0.400690649749867
0.0438	0.043	0.0065	0.026	0.0177	0.0156	0.153708483695143
0.3607	0.3583	0.0455	0.2247	0.1727	0.1839	0.506759454119302
0.1147	0.1083	0.0138	0.0735	0.0504	0.0472	0.292859160795059
0.2003	0.2191	0.0222	0.1205	0.0906	0.0972	0.391972713027556
0.2306	0.2235	0.0205	0.1244	0.1032	0.105	0.417631974184954
0.021	0.0219	0.0024	0.018	0.0089	0.0114	0.112585352768793
0.1029	0.1066	0.0116	0.0605	0.0447	0.0441	0.266861118726826
0.6839	0.6953	0.0899	0.448	0.38	0.3899	0.813653257373053
0.0039	0.0056	0	0.0047	0.0032	0.0026	0.025769571848723
0.0075	0.0074	0.001	0.0048	0.005	0.0037	0.0394554426782636
0.0024	0.002	4e-04	0.0012	8e-04	7e-04	0.0122032315200282
0.0073	0.0103	0.001	0.0067	0.0038	0.0052	0.0475961830984064
0	2e-04	0	3e-04	0	0	0.00104704427061754
0.057	0.0467	0.0071	0.032	0.028	0.0232	0.150258052124353
0.1155	0.1102	0.0147	0.0609	0.0457	0.0424	0.265216017374736
0.0374	0.0362	0.0043	0.0245	0.0194	0.0162	0.144215692602502
0.0048	0.0055	0.0011	0.0029	0.0027	0.0035	0.0340671516300909
0.0195	0.0194	0.0028	0.0135	0.011	0.0106	0.0872261867030649
0.6971	0.6869	0.1088	0.4812	0.4048	0.4067	0.794946777267148
0.0402	0.046	0.0056	0.0275	0.0181	0.0166	0.138014981947412
0.0021	0.0021	0	7e-04	3e-04	0.0012	0.00820452027349881
5e-04	0.0011	2e-04	9e-04	4e-04	9e-04	0.00668803448360795
0.4379	0.4396	0.0581	0.258	0.2191	0.2203	0.574817972680781
0.5846	0.5828	0.1105	0.4076	0.3366	0.3386	0.664353061397292
0.0154	0.0154	0.0025	0.0129	0.0069	0.0079	0.0807840825575323
0.0154	0.0136	0.0018	0.0075	0.0075	0.0077	0.0681335706732405
0.0256	0.0248	0.0029	0.0132	0.0104	0.0103	0.110765988614395
0.1402	0.1382	0.0176	0.0823	0.0604	0.0679	0.292887735008758
0.0021	0.0014	4e-04	0.0014	3e-04	9e-04	0.0104717023265827
0.0667	0.0659	0.0075	0.0447	0.0317	0.0319	0.208087864636312
0.2057	0.2059	0.0247	0.1184	0.0923	0.1017	0.395693957061842
0.0036	0.0024	7e-04	0.0013	0.0012	0.0014	0.0150846427133014
0.0017	0.0023	3e-04	0.002	0.0011	0.0019	0.0168751227351668
0.0171	0.0153	0.0011	0.0118	0.009	0.008	0.0819606290581186
6e-04	0.0023	3e-04	0.0011	7e-04	6e-04	0.0151250373941408
0.0021	0.0029	3e-04	0.003	0.0012	0.0013	0.0174239751031373
0.0048	0.0066	0.0014	0.0038	0.004	0.0045	0.0382256672242537
0.0021	0.0023	6e-04	9e-04	3e-04	9e-04	0.00959182685972528
0	1e-04	0	1e-04	5e-04	5e-04	0.00169290387644015
0.1069	0.1104	0.0127	0.0591	0.0492	0.052	0.259412652971962
0.0026	0.0027	1e-04	0.0026	0.0017	0.0016	0.0187126646197414
8e-04	7e-04	0	2e-04	4e-04	5e-04	0.00793617407936628
0.3202	0.3187	0.0285	0.1881	0.147	0.1494	0.509563064712966
0.0018	0.0017	1e-04	8e-04	8e-04	5e-04	0.0102970215144069
0	0	0	0	0	0	2.87231916716547e-05
4e-04	0.0016	2e-04	6e-04	0.0012	3e-04	0.00604688638131308
0.8409	0.8491	0.2143	0.6899	0.6156	0.6245	0.883646510350238
0.009	0.0092	0.0015	0.0061	0.0042	0.0025	0.0420872445089747
0.0022	7e-04	1e-04	7e-04	3e-04	0.0012	0.0078127930274373
0.021	0.0254	0.0026	0.0165	0.0135	0.0116	0.0979377277523326
1e-04	3e-04	1e-04	2e-04	7e-04	4e-04	0.00310134894419506
2e-04	0.0012	0	2e-04	0	0	0.00237707123969317
0.0145	0.0169	0.0024	0.0087	0.0068	0.0065	0.0730461068873026
0.3271	0.3154	0.0322	0.1934	0.152	0.1496	0.502987506842521
0.1357	0.1336	0.0167	0.0754	0.0599	0.0587	0.283346422435061
0	6e-04	0	1e-04	1e-04	3e-04	0.00296274391282327
0.675	0.669	0.12	0.4745	0.4178	0.4046	0.753868578624147
0.1139	0.1091	0.012	0.0616	0.0522	0.0529	0.278404632430665
0.3864	0.3786	0.0412	0.2255	0.1757	0.1827	0.58878986530623
0.1109	0.1107	0.011	0.0663	0.0446	0.0483	0.307675961253589
0.0546	0.0531	0.0058	0.0356	0.0299	0.0246	0.172148959890966
8e-04	0.0012	3e-04	4e-04	8e-04	7e-04	0.00618204683746828
0.3345	0.3431	0.0449	0.1998	0.163	0.1579	0.47604789234489
0.1196	0.1142	0.0124	0.0704	0.0513	0.0588	0.306361805641206
0	0	0	0	0	0	6.46196660985362e-05
0.0021	0.0026	6e-04	0.0022	0.0011	7e-04	0.0158145597656463
0.0692	0.0635	0.0079	0.0366	0.0255	0.027	0.193678077749514
0.0321	0.0346	0.0042	0.0241	0.017	0.0149	0.119094963620174
0.0224	0.0228	0.0023	0.0136	0.0114	0.0107	0.0987068808528276
0.6783	0.667	0.0891	0.444	0.3675	0.3797	0.788275454672013
0.0036	0.0078	0.0012	0.0038	0.0024	0.0022	0.0315028368543335
0.1545	0.1445	0.0135	0.0847	0.0607	0.0652	0.361748627304638
0.5585	0.541	0.076	0.3579	0.298	0.2887	0.669057250470239
0.0602	0.0688	0.0063	0.0347	0.0265	0.0283	0.197417875617174
0.2831	0.3032	0.0268	0.1669	0.1368	0.1242	0.494668182736651
5e-04	1e-04	1e-04	4e-04	0	1e-04	0.00134749734179543
0.0396	0.0428	0.0046	0.022	0.0185	0.0188	0.141132593940803
0.0958	0.0939	0.0095	0.06	0.0363	0.0392	0.222293354686488
0.172	0.1719	0.0186	0.1002	0.0835	0.0822	0.346672443474999
0.03	0.0362	0.0025	0.0203	0.0155	0.0145	0.115683650756261
0.0701	0.0746	0.0096	0.0437	0.0321	0.0359	0.186490058194207
0.0251	0.0251	0.0031	0.0121	0.0117	0.011	0.0975373093848683
0.0126	0.0141	0.0021	0.0086	0.0056	0.0063	0.0683638000945337
0.6988	0.7015	0.099	0.4812	0.3935	0.4001	0.810422188785732
0.06	0.0642	0.0072	0.0361	0.0289	0.0276	0.215741001019115
0.0381	0.0445	0.0059	0.0321	0.0193	0.0237	0.130321794821797
0.012	0.0112	0.0016	0.0075	0.0072	0.0056	0.0583615228997787
0.0263	0.0254	0.0053	0.0181	0.0141	0.0138	0.0888413943937711
0.0021	9e-04	3e-04	8e-04	7e-04	0.0011	0.0101970767306083
0.0108	0.011	8e-04	0.0063	0.0035	0.0036	0.0422920894784346
0.2148	0.2286	0.024	0.127	0.0927	0.095	0.420172927649496
0.0024	0.0016	1e-04	0.0011	3e-04	0.0015	0.0155347820554726
0.0082	0.0063	0.0013	0.0036	0.0035	0.0047	0.0458156822408443
0.0094	0.0098	0.0012	0.0042	0.0038	0.0055	0.0436045725344271
0.0088	0.0061	0.0011	0.0055	0.0038	0.0025	0.0350898489656468
0.0432	0.047	0.0058	0.0317	0.0248	0.0259	0.139407208136606
0.0098	0.0095	0.0017	0.0068	0.0058	0.0076	0.0555783667641555
0.1146	0.1185	0.0119	0.0661	0.0515	0.0501	0.284192911947554
0.7853	0.7773	0.1468	0.5911	0.4966	0.5154	0.844038886430306
0.0553	0.0484	0.0069	0.0363	0.022	0.0234	0.152088645445684
0.0704	0.0711	0.0079	0.0437	0.0288	0.0322	0.213838230741679
0.0087	0.0085	7e-04	0.0072	0.0028	0.0041	0.0427826177598532
9e-04	6e-04	1e-04	1e-04	1e-04	3e-04	0.00251771140914133
0.1648	0.1646	0.0173	0.104	0.0767	0.0669	0.37302315770701
0.0084	0.0066	7e-04	0.0037	0.0027	0.0031	0.0353655911759769
0.3767	0.3657	0.0478	0.2296	0.1773	0.1794	0.517370069035547
0.0031	0.0027	8e-04	0.002	0.0021	0.0019	0.0187335937500373
0.1791	0.1712	0.0211	0.0975	0.0745	0.0785	0.371601395720458
3e-04	2e-04	0	0	2e-04	4e-04	0.00225905245659581
0.001	0.0014	1e-04	3e-04	4e-04	0	0.00591968600636793
0.0867	0.0842	0.0137	0.0571	0.0396	0.0458	0.211187766937028
0.2396	0.2382	0.0277	0.1293	0.1078	0.1061	0.412602839426023
0.0038	0.0041	0.001	0.0031	0.0023	0.0038	0.0264387329544348
2e-04	0	0	1e-04	0	0	0.000261332880678362
0.052	0.0579	0.0061	0.0364	0.0277	0.0298	0.175664401858024
0.037	0.0289	0.0038	0.0263	0.0158	0.0138	0.120986844624874
0.0247	0.0243	0.0029	0.0158	0.0116	0.0096	0.0964164493452235
0.0904	0.0938	0.0118	0.0533	0.0412	0.044	0.234074823959888
0.2035	0.2107	0.0165	0.1139	0.081	0.075	0.448971479610117
3e-04	0.0012	0	0	5e-04	4e-04	0.00452504528639239
0.0018	0.0014	4e-04	9e-04	5e-04	0.0014	0.00971262201521817
0.0664	0.0654	0.0074	0.0408	0.0297	0.0301	0.209638769260975
0.0102	0.0102	0.0019	0.0064	0.0046	0.0056	0.0594905146798869
0.0021	0.0034	3e-04	0.0022	0.0038	0.0026	0.0252903627020716
2e-04	1e-04	0	0	0	0	0.00076898095876935
0	0	0	0	1e-04	0	0.000475734416755462
7e-04	3e-04	0	2e-04	0.0014	1e-04	0.00457053897399087
4e-04	3e-04	0	1e-04	2e-04	1e-04	0.00145685428352291
0	2e-04	0	1e-04	0	2e-04	0.0010547049907996
0.0157	0.0179	0.0022	0.0143	0.0119	0.0058	0.084221895307585
0.0022	0.003	4e-04	0.0015	0.0014	0.001	0.0127190190584039
0.0075	0.0077	0.0013	0.0049	0.0044	0.0043	0.0439084673494569
0.2395	0.2302	0.0222	0.1272	0.0947	0.103	0.428285741544644
0.0087	0.0109	0.0015	0.0074	0.0065	0.0068	0.0419654438669077
0.2717	0.2793	0.0365	0.162	0.1202	0.1234	0.449928446900388
0.0372	0.0432	0.004	0.0252	0.0181	0.0167	0.128887447125137
0.0046	0.0036	9e-04	0.0011	0.0018	0.0012	0.0226051102580674
4e-04	0.001	0	8e-04	6e-04	7e-04	0.00798914895679251
0.0593	0.0569	0.0067	0.0292	0.0274	0.023	0.183919544785882
0.5309	0.5322	0.07	0.332	0.2738	0.2794	0.667508047620161
0.1539	0.1627	0.0146	0.087	0.0626	0.067	0.354731579954528
0.2757	0.2781	0.0277	0.1659	0.1321	0.1297	0.460303198615516
0.1402	0.1384	0.0156	0.0818	0.0664	0.0552	0.368095823171827
0.0019	0.0014	1e-04	0.0028	0.002	0.003	0.0168888666442714
0.0057	0.0077	8e-04	0.0071	0.0065	0.0037	0.0462147351131535
0.0257	0.025	0.0027	0.0131	0.0107	0.0113	0.100830018432937
0.0159	0.0159	0.0025	0.0132	0.0091	0.0077	0.0814239644014949
0.0165	0.0152	0.0017	0.0106	0.0068	0.0087	0.0681758965570332
0.0057	0.0043	3e-04	0.0019	0.002	0.0035	0.0208835489266603
0	0	0	0	0	0	0.000203572115351586
0.0245	0.0233	0.0024	0.0185	0.0126	0.0131	0.108926321816086
9e-04	8e-04	1e-04	0.0017	8e-04	5e-04	0.0081638690566206
3e-04	0	0	0	1e-04	0	0.000500721056890487
0.0763	0.0777	0.0088	0.0548	0.0378	0.0352	0.218015838771792
0	0	1e-04	3e-04	0	0	0.0014893169511432
0.0062	0.0059	0.0011	0.0041	0.0032	0.0031	0.0393635539297279
1e-04	4e-04	0	0	0	1e-04	0.00106550620676791
0.1506	0.1482	0.014	0.0838	0.0651	0.0617	0.329300854987892
0	0	0	0	0	0	0.000470880056861284
0.0523	0.049	0.0048	0.0305	0.0203	0.0298	0.165052477120948
0.0014	0.0024	4e-04	0.0014	9e-04	0.0017	0.0129414282419429
2e-04	2e-04	1e-04	2e-04	1e-04	4e-04	0.00275619734173472
0.3884	0.3881	0.0445	0.2258	0.1783	0.1815	0.553304698472992
0.1666	0.1609	0.0184	0.1058	0.0766	0.0822	0.33177230947889
0.0817	0.081	0.0096	0.0533	0.0362	0.038	0.2357201468938
0.0364	0.037	0.0047	0.0245	0.0173	0.0187	0.134257711340452
0.0097	0.0105	0.0013	0.0056	0.0038	0.0058	0.0488617777325882
0.0105	0.0096	0.0015	0.0087	0.0056	0.0051	0.0489215507708898
0.1602	0.1672	0.018	0.1044	0.0723	0.0742	0.331149792440529
0.095	0.0856	0.011	0.0535	0.0481	0.0392	0.244954024001539
0.4755	0.4694	0.0682	0.2895	0.2398	0.2504	0.603380783733372
0.099	0.1106	0.0128	0.0637	0.0477	0.0423	0.248178237914029
0.0538	0.055	0.006	0.0353	0.0244	0.0217	0.166182322376653
0.1446	0.1406	0.0172	0.0889	0.064	0.0643	0.292555385180364
0.0071	0.0085	0.0012	0.0055	0.0041	0.004	0.0507487397062488
0.0034	0.0017	4e-04	6e-04	0.0012	0.0014	0.013386145750216
0.0392	0.0373	0.0037	0.0251	0.0166	0.0163	0.128012939260026
0.0384	0.0385	0.0051	0.0232	0.0189	0.019	0.127609234980012
0.0049	0.0041	4e-04	0.0022	0.0011	0.0021	0.023366200952071
0.0928	0.1008	0.0098	0.0516	0.0399	0.0374	0.253002110985544
0.8748	0.8618	0.171	0.6787	0.6077	0.6044	0.910469523335608
0.0978	0.1007	0.0089	0.0607	0.0443	0.0424	0.252639921329916
0.6585	0.6722	0.0873	0.4417	0.368	0.3776	0.784489486342372
0.1101	0.1141	0.0134	0.0673	0.0501	0.0504	0.230922813567244
0.0056	0.0102	0.0017	0.0072	0.0057	0.0038	0.034953998571899
0.122	0.1247	0.0127	0.0664	0.0553	0.0513	0.283627773735844
0.1286	0.1291	0.0129	0.0792	0.0618	0.0572	0.331507099753047
0.4568	0.4578	0.0477	0.2678	0.2115	0.2043	0.671118644767158
0.1072	0.0993	0.0119	0.0579	0.0385	0.0375	0.302054609630495
0.0339	0.0339	0.0037	0.0186	0.0132	0.0134	0.13965662975197
0.006	0.0051	8e-04	0.0022	0.0026	0.0038	0.0301371746211409
0.0166	0.0175	0.0032	0.0128	0.008	0.0109	0.0900147658601707
0.9566	0.9562	0.3089	0.8629	0.8193	0.8334	0.969781334178696
0.1456	0.1348	0.019	0.0802	0.0612	0.0606	0.293004348508803
0.0107	0.0128	0.0017	0.0083	0.0056	0.005	0.0650419129892501
0.0016	0.0011	1e-04	0.0011	7e-04	2e-04	0.00700525894406294
0.0773	0.0743	0.0077	0.0475	0.0356	0.0361	0.223681102542115
0.0529	0.0473	0.0055	0.034	0.0224	0.0292	0.153755493591823
0.3205	0.3066	0.0418	0.1889	0.145	0.15	0.464218434844975
0.0758	0.0713	0.008	0.0446	0.0343	0.0366	0.178107937302118
0.0587	0.0574	0.0049	0.0374	0.0265	0.0284	0.171510267382177
0.0733	0.0736	0.0073	0.0493	0.0378	0.0317	0.244164515532287
0.0081	0.0092	0.0022	0.0053	0.0067	0.0035	0.0451033472438714
0.1065	0.102	0.0108	0.0513	0.0526	0.0471	0.26795707721224
0.0691	0.064	0.0096	0.0448	0.0298	0.0321	0.179919496770923
0.3557	0.3413	0.0462	0.2174	0.176	0.1687	0.507380495979041
0.0058	0.0062	0.001	0.0055	0.0032	0.0026	0.0294127605555238
0.0306	0.0268	0.0041	0.0179	0.0142	0.015	0.119132416067235
0.4945	0.5195	0.0659	0.3253	0.2616	0.2542	0.659390554024846
0.6329	0.6267	0.0926	0.4292	0.3525	0.3508	0.733108218377582
0.0017	0.0025	0	0.0014	0.001	0.0016	0.0125899899327547
0.005	0.0061	0.0012	0.0032	0.0029	0.0017	0.0329415563300646
0.0013	0.0012	1e-04	0.0012	0.001	5e-04	0.0101988994644242
0.0125	0.0117	0.0017	0.0117	0.0065	0.0083	0.0657947591785438
0.0535	0.0547	0.0055	0.0318	0.0264	0.0239	0.17795082708155
0.2136	0.2103	0.0208	0.1157	0.0908	0.0911	0.411596046551583
0.0639	0.0653	0.0082	0.0415	0.03	0.0344	0.214331691292384
0.0094	0.0089	0.0014	0.0065	0.0053	0.0052	0.0539721941792801
0.0086	0.0099	0.0013	0.0074	0.0052	0.0057	0.04140522445748
8e-04	7e-04	0	5e-04	8e-04	4e-04	0.00570817116183504
0.004	0.0021	4e-04	0.0025	0.0015	0.0016	0.0206857817239054
0.01	0.0103	0.0016	0.0059	0.0056	0.0036	0.0590600516232745
0.0296	0.0309	0.0033	0.0209	0.0143	0.0168	0.124750736416634
0.4025	0.4043	0.0464	0.2471	0.1811	0.1925	0.576500093269473
0.0686	0.0732	0.007	0.0418	0.028	0.0326	0.239493534790827
0.1679	0.1668	0.0217	0.0966	0.0797	0.0785	0.308553113570072
0.6684	0.6677	0.15	0.4791	0.4206	0.4379	0.728748269926569
0.0457	0.0437	0.0046	0.0264	0.0204	0.0207	0.161520992254381
0.3286	0.339	0.0421	0.2001	0.1477	0.1405	0.517103658137105
0.004	0.0045	2e-04	0.0035	0.0019	0.0025	0.0250351249304056
0.0101	0.0095	0.001	0.0047	0.0054	0.0045	0.0485549608125038
0.0022	0.0018	1e-04	0.0013	7e-04	3e-04	0.0127379856663352
0.0652	0.0572	0.0051	0.0367	0.0247	0.0251	0.196363084866192
1e-04	0	1e-04	0	0	0	0.000435310841137135
0.2704	0.2705	0.0315	0.1501	0.1251	0.1224	0.47641804520281
0.1207	0.1156	0.0124	0.0709	0.0535	0.0576	0.272854945289295
0.0119	0.011	0.0015	0.0072	0.0052	0.0069	0.0568736953437997
0.0567	0.0602	0.0063	0.037	0.0256	0.0237	0.203296661675219
0.1769	0.1738	0.0176	0.101	0.0801	0.0787	0.385777722878447
0.0068	0.0063	0.002	0.005	0.0036	0.0033	0.0424073797953436
0.1251	0.1241	0.0138	0.0761	0.0556	0.059	0.248227477022775
3e-04	4e-04	5e-04	7e-04	0	4e-04	0.00445890094152057
0.0479	0.0474	0.0067	0.0301	0.021	0.0224	0.162971671561663
0.0026	0.0016	0	0.0011	0.0013	0.0012	0.0116960116141863
8e-04	0.001	1e-04	0.0013	6e-04	7e-04	0.00994162890191929
0.0036	0.0032	8e-04	0.0031	0.0025	0.0013	0.0228002520554394
0.3006	0.2754	0.0283	0.1658	0.1381	0.1359	0.502152373235238
0.2649	0.271	0.026	0.1502	0.1199	0.1246	0.446688679215336
0.1442	0.1467	0.0169	0.0905	0.0583	0.0648	0.285505759991362
0.1153	0.115	0.0114	0.0676	0.0469	0.0481	0.284808370281423
0.0715	0.0672	0.0082	0.0464	0.031	0.0326	0.216589600574461
0.0086	0.0082	9e-04	0.0069	0.0047	0.0057	0.0476433408288752
0	0	0	7e-04	0	0	0.00074485031442702
0.5219	0.5206	0.0726	0.3282	0.273	0.269	0.645656643582481
0.0153	0.0133	0.0012	0.0101	0.0055	0.0077	0.0653630795755793
0.0528	0.0524	0.0075	0.0387	0.0251	0.0261	0.145161066037139
0.0052	0.007	8e-04	0.0045	0.0022	0.0017	0.0316005848973888
0.0106	0.0095	0.0013	0.0075	0.0037	0.0046	0.0415663431191314
0.002	0.0016	1e-04	0.001	4e-04	0.0018	0.0104537910264312
0.1437	0.1391	0.0169	0.08	0.069	0.0661	0.288885128751481
0.0081	0.0076	9e-04	0.0055	0.0032	0.0029	0.0488726008710241
0.2722	0.2785	0.0243	0.1621	0.1122	0.1199	0.526951914975854
0.0305	0.0277	0.005	0.0202	0.0147	0.0138	0.106175464902186
0.1038	0.099	0.0084	0.0645	0.0416	0.0423	0.293906978713142
0.5305	0.5276	0.0659	0.3302	0.2623	0.2636	0.686632005625531
0.0084	0.0068	9e-04	0.0053	0.004	0.0039	0.0443919656000361
0.5238	0.5291	0.058	0.334	0.2601	0.2609	0.685390296405515
0.194	0.1855	0.0217	0.1065	0.0826	0.0898	0.370856879915498
0.6928	0.6928	0.1052	0.4755	0.4006	0.3946	0.801282204911881
0.0032	0.0051	6e-04	0.0035	0.0034	0.0026	0.0359473240876698
0.0224	0.018	0.0018	0.0162	0.0085	0.0084	0.0912512141187898
0.001	8e-04	0	5e-04	3e-04	7e-04	0.00651658260781741
0.0893	0.0827	0.0086	0.0508	0.036	0.0386	0.249010445575107
0.0934	0.105	0.0107	0.0594	0.0431	0.0484	0.264255837863563
0.0036	0.0051	9e-04	0.003	0.0024	0.0034	0.0241248690994592
0.2121	0.2074	0.0237	0.1241	0.0873	0.0948	0.427119712850053
0.906	0.9056	0.2112	0.7538	0.6725	0.6916	0.935491116560651
0.3507	0.3633	0.0401	0.2131	0.1554	0.172	0.55468059705758
0.0624	0.0701	0.0103	0.0404	0.0332	0.034	0.174050919483279
0	3e-04	0	6e-04	3e-04	0	0.00394677238502362
8e-04	2e-04	0	4e-04	2e-04	6e-04	0.00467051231859084
0.0172	0.0173	0.0025	0.0127	0.0073	0.0084	0.0755478630152546
0.0123	0.0149	0.0014	0.0104	0.0063	0.0073	0.0713576659126493
0.0452	0.0499	0.0037	0.028	0.0236	0.0228	0.171249089036228
0.4776	0.4706	0.0581	0.2933	0.2425	0.2346	0.629779054603652
0.014	0.0106	0.0018	0.0099	0.007	0.0062	0.068265916470799
0.0041	0.0056	0.001	0.0048	0.002	0.0023	0.0325639848079275
0.0216	0.0132	0.0015	0.0063	0.0093	0.0092	0.0812707687509858
0.0283	0.033	0.0046	0.0203	0.0115	0.0147	0.117554054388183
0.0528	0.0536	0.0041	0.0355	0.0211	0.0241	0.160550463255914
0.2304	0.2177	0.0199	0.13	0.1037	0.0945	0.43772745784375
0.0735	0.0735	0.0075	0.0418	0.0338	0.0342	0.206798141169145
0.741	0.7427	0.1244	0.5251	0.4461	0.4566	0.831290736403849
0.1763	0.1867	0.0173	0.0944	0.0794	0.0745	0.409233599424608
0.0045	0.0045	4e-04	0.0043	0.0019	0.0022	0.0308828730053125
0	0	0	0	0	0	9.83360290557613e-06
0.0126	0.0158	0.0017	0.0106	0.0049	0.006	0.0699860657075222
0.0202	0.0203	0.0019	0.0131	0.0072	0.0068	0.0917911999296471
0.0322	0.031	0.0042	0.0185	0.0146	0.0154	0.124731677680307
0.069	0.0782	0.0087	0.0483	0.0272	0.031	0.216682271643083
0.1048	0.1102	0.0098	0.0582	0.0417	0.0456	0.289626120523059
0.0099	0.0113	0.0013	0.0061	0.0062	0.0059	0.0589635713315041
0.0368	0.0321	0.0046	0.0222	0.0161	0.0198	0.160505717825558
0.1433	0.1411	0.0162	0.0835	0.066	0.0705	0.301529163728247
0.0026	0.0018	2e-04	0.0028	0.0012	0.001	0.0142764660557316
0.0242	0.0258	0.0024	0.0123	0.0118	0.0135	0.10320561620457
0.005	0.0048	8e-04	0.0034	0.0025	0.0033	0.034997192526903
0.0143	0.0158	0.0019	0.0111	0.0093	0.0095	0.0734068648831598
0.1643	0.1697	0.019	0.095	0.0716	0.0725	0.326772363326467
0.0126	0.0169	0.0021	0.0094	0.0082	0.0086	0.0803783575949879
0.0766	0.0856	0.0055	0.0471	0.035	0.0342	0.236494049907685
0.0039	0.0061	7e-04	0.0026	0.0029	0.0012	0.027494898780469
0.0035	0.0037	6e-04	0.002	0.0024	0.0018	0.0233573754348376
0.0106	0.0099	0.0019	0.0056	0.0057	0.0059	0.0454930618796597
0.0026	0.0037	9e-04	0.0018	0.0019	0.001	0.0176192072840918
0.3775	0.3893	0.0423	0.2377	0.1823	0.1875	0.561088607795976
0.428	0.4479	0.051	0.2723	0.2051	0.2222	0.593810360380188
0	0	0	2e-04	0	1e-04	0.000962130277927995
0	0	0	0	0	3e-04	0.00110240594844246
0.4238	0.4161	0.0527	0.2544	0.1962	0.2084	0.587057910379562
0.2246	0.2263	0.0298	0.1284	0.0964	0.1093	0.389576802425477
0.0018	0.003	4e-04	5e-04	9e-04	5e-04	0.0100605706804639
0.0034	0.0037	3e-04	0.0042	0.0023	0.0021	0.023849015247294
0.0736	0.0759	0.0068	0.0402	0.0319	0.0316	0.223054216947223
0.1033	0.1	0.0127	0.0607	0.0502	0.0486	0.254555198391209
0.0723	0.079	0.0093	0.0463	0.0317	0.0354	0.210806038333283
0.0134	0.0118	0.001	0.0079	0.0065	0.0063	0.0689038845995656
0.1429	0.1421	0.0153	0.0876	0.0659	0.0621	0.321100981621635
0.0056	0.0062	8e-04	0.0039	0.003	0.0029	0.0293413608640938
0.0031	0.0016	3e-04	0.0033	0.0014	0.0015	0.0179072318954699
0.3779	0.3737	0.0347	0.2187	0.1636	0.1675	0.580026810790989
0.0113	0.01	0.0015	0.0081	0.0076	0.0074	0.0613821577901932
0.2289	0.2229	0.0238	0.1303	0.1099	0.1024	0.416420139859256
0.1349	0.13	0.0151	0.0863	0.0579	0.06	0.284298955342225
0.0113	0.0107	9e-04	0.0079	0.0068	0.0061	0.0490529113878494
0.0014	0.0028	2e-04	0.001	7e-04	9e-04	0.0144958904051018
0.0526	0.0508	0.0057	0.0357	0.0227	0.0214	0.197139475945509
9e-04	7e-04	3e-04	0.0013	7e-04	4e-04	0.00539510742087066
0.5357	0.5365	0.0835	0.3418	0.2843	0.2856	0.658376282367343
0.4716	0.4662	0.05	0.2776	0.2278	0.2304	0.633053151378612
0.0098	0.0077	0.001	0.005	0.004	0.005	0.0453636693735913
0.4605	0.4481	0.0594	0.2858	0.2159	0.2275	0.597859685284
0.1168	0.1147	0.0118	0.0642	0.0511	0.0433	0.262539081269315
0	0	0	0	0	0	1.16798713903527e-07
0.1155	0.1199	0.0134	0.0728	0.0564	0.0551	0.276656914462592
0.0107	0.0112	0.0015	0.0081	0.0048	0.0074	0.0624538613557953
2e-04	0	0	0	2e-04	0	0.000426562890113854
0.0261	0.0275	0.0033	0.0183	0.0136	0.0127	0.108329128870021
0	0	0	0	0	0	4.48427820988071e-05
0.0107	0.0103	0.0019	0.0074	0.0065	0.0067	0.043781759322297
2e-04	1e-04	1e-04	3e-04	1e-04	2e-04	0.00159548359841898
0.9973	0.9977	0.7508	0.988	0.9839	0.9863	0.997737166023255
0.0264	0.0285	0.0025	0.0183	0.0097	0.0118	0.113156343996662
0.0455	0.0469	0.0046	0.0279	0.0225	0.0247	0.176556072522652
0.0055	0.0067	8e-04	0.0049	0.0035	0.0033	0.0296397485012032
0.0332	0.0343	0.0025	0.0197	0.0135	0.0143	0.132798715864695
0.2649	0.2736	0.0273	0.1539	0.1234	0.1202	0.474247476582757
0.0324	0.0369	0.0029	0.0247	0.0155	0.0137	0.139022722709638
0.0079	0.0093	0.0017	0.0072	0.0044	0.0052	0.0505282874039005
0.0954	0.0796	0.011	0.0583	0.0409	0.0386	0.21527419872586
0.034	0.0326	0.0033	0.0214	0.0178	0.0175	0.130678195906943
0.0098	0.0086	0.0012	0.0095	0.0063	0.0062	0.0646338135201835
0.0208	0.0201	0.002	0.012	0.0125	0.0098	0.0752900622481248
0.0432	0.0433	0.0042	0.0236	0.0223	0.0207	0.157762062181554
0.0694	0.0626	0.0073	0.0404	0.0283	0.0284	0.217399153390659
6e-04	1e-04	0	2e-04	3e-04	0	0.00546422587406723
0.0053	0.0071	0.0015	0.0044	0.0044	0.0031	0.0380602897163393
0.0786	0.0717	0.0071	0.0433	0.0297	0.0275	0.252287805838492
0.4564	0.4714	0.0612	0.2806	0.2352	0.2269	0.608544720910461
0.0067	0.0093	9e-04	0.0066	0.0028	0.003	0.0332854146042394
0.0069	0.0083	0.0011	0.0045	0.0048	0.0031	0.0403596055093832
0.4547	0.4488	0.0614	0.2951	0.234	0.2326	0.599876791055674
0.0305	0.0317	0.0052	0.0171	0.0149	0.0157	0.0986542725841453
0.1622	0.1561	0.0186	0.0823	0.0611	0.0694	0.343212506425557
0.0565	0.0568	0.0056	0.0317	0.0251	0.0246	0.190879127755355
0.0134	0.0119	0.0013	0.0124	0.0054	0.0059	0.0726746303076149
0.0506	0.0526	0.0056	0.0293	0.0227	0.0246	0.175640488502992
0.2239	0.2154	0.0227	0.1204	0.0942	0.09	0.41261012262929
0.0411	0.0391	0.0051	0.0233	0.0174	0.0202	0.125197307772102
0.3312	0.3195	0.0363	0.1934	0.1533	0.1497	0.521208623637504
1e-04	0	0	0	2e-04	2e-04	0.00321429501419534
0.0411	0.0355	0.0045	0.0288	0.0196	0.0182	0.142370376253336
0.7927	0.7821	0.1379	0.5711	0.5118	0.4995	0.845412701934449
0.0385	0.0367	0.0054	0.0267	0.0176	0.0215	0.153131062588557
0.0746	0.0803	0.0095	0.0493	0.0399	0.0368	0.240631277707937
0.1196	0.1283	0.0131	0.0815	0.0565	0.0613	0.304329478800256
0.002	0.0015	2e-04	0.0018	7e-04	6e-04	0.00916951591240528
7e-04	4e-04	0	2e-04	3e-04	1e-04	0.0035847955561103
0.0387	0.0295	0.0046	0.0208	0.0139	0.0183	0.121050521367927
0	0	0	0	0	0	0.000405131846044843
0.5584	0.5534	0.1249	0.3751	0.3355	0.334	0.614353894574026
0.0864	0.0888	0.0095	0.0513	0.041	0.0381	0.252278265005927
0.0281	0.028	0.0033	0.0195	0.0144	0.012	0.113125130165409
0.023	0.0248	0.0028	0.0144	0.0098	0.0094	0.0995480446837232
0.1771	0.1739	0.0204	0.1	0.0793	0.0828	0.373689990292974
0.0331	0.0322	0.0019	0.0239	0.0173	0.0162	0.132271691243364
0.1696	0.1799	0.0217	0.1089	0.0862	0.0861	0.325839533877719
0.2259	0.223	0.0281	0.1405	0.1049	0.1047	0.392963671259069
0.0188	0.0186	0.0027	0.0138	0.0093	0.0098	0.0795257872798224
0.0734	0.0666	0.0085	0.0406	0.0272	0.0287	0.1934252634528
0	0	0	0	0	0	0.000134122396746027
0.0035	0.003	7e-04	0.0035	0.0034	0.0026	0.0305241400092984
0.003	0.0026	6e-04	0.0017	0.001	0.0013	0.0193360907446342
0.3291	0.3352	0.0428	0.2042	0.1602	0.1516	0.494246556712535
0.3886	0.3872	0.0525	0.2369	0.1863	0.1931	0.555156665284832
0.0026	0.0034	7e-04	0.0025	9e-04	0.0015	0.0192329940261217
0.1266	0.122	0.0148	0.0776	0.0563	0.0539	0.277399437509597
0.2351	0.2313	0.0259	0.139	0.1078	0.11	0.410629652798665
0.5403	0.5406	0.0756	0.3511	0.2812	0.2818	0.665174842419624
0.0948	0.0834	0.0093	0.0549	0.0412	0.0398	0.234958519661538
0.0175	0.0141	0.0019	0.0075	0.0057	0.0066	0.0689545533405794
0.0185	0.0154	0.0018	0.0092	0.0075	0.0096	0.0794967707737317
0.0703	0.0754	0.0087	0.0459	0.0299	0.0345	0.213513071674932
0.0123	0.015	0.0021	0.0093	0.0063	0.0064	0.0672672709281381
0	0	0	0	0	0	0.000888907948176104
0.2397	0.2354	0.0227	0.1393	0.1031	0.1031	0.439205282819521
0.0021	0.0027	1e-04	0.0018	6e-04	0.0013	0.0179493133505571
0.0498	0.0513	0.005	0.0321	0.0214	0.0221	0.175047926136331
0.0046	0.0052	0.0016	0.0038	0.0026	0.0017	0.0325944559508673
0.2022	0.1982	0.0188	0.1152	0.0814	0.0847	0.403540425104717
0.3784	0.3897	0.0411	0.2106	0.1686	0.1577	0.562415894279317
0.0047	0.0051	7e-04	0.0044	0.0033	0.0025	0.0341589572972385
0.2383	0.2482	0.0289	0.1431	0.117	0.1127	0.426908384183595
0.0038	0.0043	9e-04	0.0039	0.0028	0.0031	0.0415271477373997
0.0154	0.0152	0.0015	0.0115	0.0067	0.0076	0.0812016530806977
0.0057	0.0054	5e-04	0.0028	0.0034	0.0015	0.0238478947411727
0.2233	0.2232	0.0258	0.1361	0.0998	0.1021	0.392625346154655
0.0254	0.0215	0.0031	0.0152	0.0104	0.0119	0.0991756547077301
0.0666	0.0685	0.0077	0.0466	0.0344	0.0304	0.222435413083305
0.0063	0.0053	0.001	0.0046	0.0018	0.0027	0.0335597603975187
0.0215	0.0159	0.0038	0.0123	0.0101	0.0085	0.0957004455246493
0.1249	0.1174	0.0096	0.0717	0.0559	0.0499	0.298073560736502
0.0162	0.0145	0.002	0.0088	0.0058	0.0086	0.0599431357148769
0.016	0.0198	0.002	0.0148	0.0072	0.0066	0.0955055592969604
2e-04	5e-04	0	0	2e-04	0	0.00125907700335242
0.5258	0.5366	0.0771	0.3321	0.2781	0.2723	0.65908734219763
0.0012	0.0013	2e-04	0.0015	7e-04	6e-04	0.00856183858295002
0.1986	0.2073	0.0249	0.113	0.0907	0.0934	0.353455852826765
0.0231	0.0214	0.0026	0.0141	0.0092	0.0121	0.0766917354643628
0.3731	0.3923	0.0474	0.2267	0.1719	0.1829	0.535573127219317
1e-04	0.0013	1e-04	3e-04	2e-04	2e-04	0.0024533086831544
0.0406	0.0461	0.0043	0.0262	0.0171	0.0232	0.144374805448168
0.1579	0.155	0.0163	0.0894	0.0696	0.0723	0.346280590485799
0.2829	0.2802	0.0294	0.1671	0.1197	0.1309	0.516243548223288
0.0063	0.0054	7e-04	0.0045	0.0031	0.0029	0.031632849288107
5e-04	7e-04	6e-04	7e-04	2e-04	8e-04	0.00473966319892359
0.0119	0.0101	0.0017	0.0124	0.0074	0.0064	0.0628116709573472
0.0202	0.0229	0.003	0.0167	0.0113	0.0088	0.0865829029322249
0.0019	0.0019	2e-04	0.0027	0.0022	0.0012	0.0179482170397417
0.2689	0.2596	0.0254	0.1524	0.1157	0.1171	0.488291008941237
0.1083	0.1046	0.01	0.0635	0.0497	0.05	0.26643737324501
0.004	0.0038	3e-04	0.0025	0.0019	0.0012	0.0221525722849968
0.0883	0.079	0.0082	0.0477	0.0357	0.0361	0.223794185068364
0.0037	0.0042	7e-04	0.0045	0.0025	0.0018	0.0252846314748447
0.0318	0.031	0.0047	0.0207	0.0133	0.0157	0.100894934752653
0.0237	0.0283	0.0044	0.0177	0.0111	0.0116	0.0877800792368305
7e-04	6e-04	0	2e-04	2e-04	1e-04	0.00489297566131138
0.0092	0.0084	9e-04	0.0052	0.0036	0.0037	0.0415925101455835
0.112	0.1192	0.0105	0.0618	0.0515	0.0489	0.284871992291583
0.0658	0.0632	0.0062	0.0326	0.0305	0.0278	0.166635603426702
0.4352	0.427	0.0558	0.2632	0.2049	0.2185	0.593548660576845
1e-04	0	0	0	1e-04	0	0.00129939285228711
0.0377	0.0361	0.0054	0.0279	0.0221	0.0197	0.138473942623862
0.3862	0.3667	0.0431	0.2223	0.1745	0.1764	0.570655453745695
0.1851	0.1879	0.0233	0.1143	0.0793	0.0834	0.369429083290796
0.0036	0.0017	7e-04	0.0018	0.0016	9e-04	0.0136618979122493
0.0057	0.006	0.001	0.0044	0.0033	0.0018	0.0355372947901866
0.0077	0.0104	7e-04	0.0048	0.0028	0.0043	0.0438922887168581
6e-04	7e-04	1e-04	0.001	2e-04	4e-04	0.00312775276301363
0.0101	0.0094	0.0015	0.0054	0.0046	0.0059	0.0447477041784764
0.1207	0.115	0.0141	0.0774	0.0538	0.0547	0.278205879316547
0.0049	0.0058	8e-04	0.0026	0.0019	0.0023	0.0377509510331049
0.0379	0.0373	0.005	0.0221	0.0215	0.0184	0.14108673384505
0.6713	0.6638	0.1028	0.4432	0.3851	0.3888	0.757218212229389
1e-04	4e-04	0	3e-04	5e-04	3e-04	0.00433325015674455
6e-04	3e-04	0	3e-04	0	0	0.00290540023747772
0.7538	0.7558	0.137	0.5563	0.4629	0.4784	0.831091909026159
0.0154	0.0148	0.0013	0.0125	0.0083	0.0063	0.0716779910555835
0.3818	0.3896	0.0423	0.218	0.1659	0.1674	0.574334054654333
0.1308	0.1327	0.0128	0.0772	0.0583	0.0541	0.277631163021919
0.3309	0.3381	0.0378	0.1866	0.1552	0.1623	0.503211095164424
0.0566	0.0616	0.0055	0.0367	0.0283	0.0273	0.189181692137826
0.0166	0.0166	0.0019	0.0086	0.0067	0.0076	0.0666233777180952
0.4945	0.5061	0.0759	0.306	0.2655	0.2632	0.620019885264312
0.9523	0.9514	0.2802	0.8432	0.7853	0.7961	0.962450658353297
0.1554	0.1558	0.0171	0.0993	0.0673	0.0667	0.307158859500054
0.3166	0.3185	0.0368	0.1805	0.1474	0.1432	0.494539169854869
0.252	0.2442	0.0237	0.1438	0.1172	0.1127	0.443403917287631
0.0941	0.0899	0.0101	0.0508	0.0402	0.0372	0.250539894019461
0.0176	0.0187	0.0024	0.0156	0.0103	0.0102	0.089747883575279
2e-04	8e-04	2e-04	6e-04	3e-04	3e-04	0.00634518994120928
0.0216	0.0203	0.0026	0.0171	0.0098	0.0127	0.0966562566278333
0.1153	0.113	0.0123	0.0747	0.0548	0.058	0.261921998874141
0.0249	0.023	0.003	0.0158	0.0119	0.0111	0.119320948533233
0.0514	0.051	0.0063	0.0321	0.0228	0.0251	0.168232445861159
0.0443	0.0406	0.0047	0.0257	0.0185	0.0219	0.147929705735197
0.0287	0.0309	0.0034	0.0196	0.0179	0.017	0.106221915448946
0.0396	0.0391	0.0054	0.0307	0.0184	0.0171	0.150492979033223
0.6885	0.6877	0.1099	0.4727	0.3924	0.3947	0.773827673167367
0.0012	0.0013	1e-04	8e-04	0.0013	0.001	0.00974748220277326
0.0066	0.0054	8e-04	0.0033	0.0022	0.0041	0.0329311456616271
3e-04	0.0019	0	8e-04	5e-04	3e-04	0.00725650154631558
0.0449	0.0407	0.0064	0.0314	0.021	0.02	0.138925715261312
0.0622	0.055	0.0056	0.0399	0.0281	0.0277	0.189823583556461
0.6933	0.6944	0.1264	0.5034	0.4233	0.4237	0.776578719510645
0.0421	0.0502	0.0054	0.0267	0.0199	0.0229	0.157212683370648
0.0347	0.0307	0.003	0.0218	0.016	0.0182	0.11744985493864
0.0021	0.0032	2e-04	0.0017	0.0013	0.0016	0.0168675700061373
0.2862	0.2851	0.0343	0.166	0.1297	0.128	0.461852721672744
0.2187	0.2217	0.0229	0.138	0.097	0.0935	0.407422280363626
0.036	0.0363	0.0047	0.0251	0.0174	0.0172	0.133966979610216
0.0181	0.0207	0.0028	0.0132	0.0096	0.0096	0.0755487457658913
0.1988	0.2038	0.0215	0.117	0.0886	0.092	0.374239933064649
0.1039	0.1038	0.0133	0.061	0.0476	0.0464	0.232861933088402
0.1233	0.1312	0.0159	0.0778	0.0582	0.0604	0.31505329449116
0.0086	0.0077	5e-04	0.0045	0.0048	0.0042	0.0390006231059732
0.0022	0.0038	2e-04	0.003	9e-04	7e-04	0.0159830511917163
0.0078	0.0063	2e-04	0.0036	0.0023	0.0039	0.0332970876839391
0.3405	0.3441	0.0337	0.1998	0.1547	0.1582	0.563110222744765
0.0759	0.07	0.0078	0.0399	0.0314	0.0268	0.205114399613035
0.0055	0.0074	4e-04	0.0057	0.0033	0.0045	0.0405234910620965
0.0011	7e-04	0	6e-04	6e-04	3e-04	0.00497868944195463
0.0405	0.047	0.0044	0.0277	0.0178	0.0161	0.160145733347205
0.0052	0.0041	7e-04	0.0036	0.002	0.0026	0.0288236458224689
0.005	0.0044	0.0012	0.0049	0.0048	0.004	0.0331608133366102
0.023	0.024	0.0032	0.0139	0.012	0.0131	0.0910701483588044
0.0204	0.0165	0.0022	0.0143	0.0083	0.0102	0.0663727704579801
0.0162	0.0171	0.003	0.0132	0.0103	0.0081	0.0846545562137112
0.091	0.0907	0.0093	0.0548	0.0433	0.0411	0.246083587448715
0.0047	0.005	0.0011	0.005	0.0033	0.0037	0.034735055603637
0.0298	0.033	0.0034	0.0209	0.014	0.0148	0.0973411036077316
0.7286	0.7258	0.1127	0.5071	0.4293	0.4276	0.818193019744661
0.0061	0.0034	7e-04	0.0021	0.0023	0.0037	0.0276138368738504
0.008	0.0056	8e-04	0.0056	0.0047	0.0041	0.0464552563163705
0.0746	0.0796	0.0087	0.0507	0.0383	0.0334	0.195963775028628
0.4149	0.4129	0.0459	0.2487	0.2012	0.2009	0.589866641572746
0.0289	0.0291	0.0025	0.0162	0.0138	0.0149	0.127680259806698
0.0333	0.0363	0.0045	0.0224	0.0194	0.0147	0.13193873019803
0.035	0.0346	0.0045	0.0209	0.0157	0.0136	0.119586468820109
0.002	0.0021	4e-04	0.002	0.0015	0.0013	0.0136313316496536
0.1024	0.1016	0.0119	0.0609	0.0476	0.053	0.278819769937756
4e-04	8e-04	3e-04	6e-04	9e-04	0.0011	0.00670629464483345
0.6925	0.687	0.1302	0.4848	0.4307	0.4309	0.764900812662924
0.0025	0.0015	5e-04	0.0011	0.0018	5e-04	0.0114909135360494
0.0036	0.0052	2e-04	0.0026	0.002	0.0018	0.0215958054944657
0.0012	7e-04	2e-04	9e-04	0.0012	4e-04	0.00779610090046567
0.4978	0.4946	0.0552	0.2777	0.2305	0.2292	0.68033279925691
0.0011	7e-04	0	8e-04	5e-04	3e-04	0.00738053448744879
0.0026	0.0023	1e-04	0.0022	7e-04	5e-04	0.0195841590481273
0.0094	0.0068	0.0017	0.0049	0.0046	0.0041	0.0502148437585971
0.0083	0.0072	9e-04	0.0069	0.0035	0.0037	0.0403186376957623
0.0684	0.0642	0.0077	0.0411	0.0283	0.0295	0.217477224426448
0.0554	0.0615	0.0084	0.0303	0.0241	0.0251	0.180114895090576
1e-04	2e-04	0	2e-04	0	1e-04	0.00209118039016306
0.0211	0.021	0.0019	0.0136	0.0091	0.0086	0.100706125068292
0.4957	0.4962	0.0783	0.3088	0.2528	0.2733	0.615383143708863
0.0022	0.0026	2e-04	0.0017	5e-04	0.0013	0.0148004631054088
0.0187	0.0243	0.0022	0.0163	0.0108	0.0114	0.0924628173220064
7e-04	0.0012	0	0.0013	5e-04	5e-04	0.00647511880127166
0.1734	0.1766	0.024	0.1005	0.0874	0.0848	0.299159932700335
0.2268	0.2313	0.0258	0.1345	0.1045	0.1022	0.431408549779017
0.1582	0.1614	0.0161	0.0918	0.0663	0.0668	0.363437809039231
0.5772	0.576	0.0657	0.3709	0.2832	0.2993	0.71639159239631
0.0563	0.0622	0.0049	0.0378	0.0287	0.0308	0.215168613804738
0.019	0.0154	0.0023	0.0153	0.009	0.0081	0.0914608780036817
0.0935	0.0917	0.0095	0.0559	0.0405	0.0438	0.262772946229446
0.001	0.0023	4e-04	0.0011	0.0011	4e-04	0.0136700992515239
0.0387	0.0441	0.0035	0.0309	0.0173	0.0186	0.15921277363919
0.0264	0.0236	0.0027	0.0175	0.0105	0.0137	0.0946861084999602
0.1706	0.158	0.0175	0.0932	0.068	0.0755	0.347628626342983
0.2303	0.2284	0.0221	0.1272	0.0926	0.1126	0.431260768332871
0.0032	0.0033	5e-04	0.0033	0.0021	0.0018	0.0230889881524283
0	1e-04	0	1e-04	0	0	0.00110442559246006
0.3655	0.3448	0.039	0.2228	0.1679	0.1699	0.538450160352659
0.0099	0.0131	0.0014	0.009	0.0061	0.0043	0.0653047949821113
0.0227	0.0207	0.0032	0.017	0.0089	0.0084	0.101248783780935
0.0361	0.0336	0.0048	0.0204	0.0145	0.0188	0.148753323178537
0.0141	0.0123	0.0014	0.0119	0.0071	0.0066	0.0686454070885438
0.0273	0.0272	0.0026	0.0209	0.0153	0.0123	0.115277404439982
0.0743	0.0738	0.0081	0.0471	0.0345	0.0305	0.220887879268124
0.1032	0.1027	0.0133	0.0681	0.0413	0.0455	0.300503937976548
0.0864	0.0828	0.0107	0.0446	0.0348	0.047	0.241205984724634
0.1284	0.1291	0.0142	0.0796	0.059	0.0559	0.274692350683805
0.0052	0.0056	0.0013	0.0045	0.0028	0.0024	0.0334604754955795
4e-04	7e-04	1e-04	7e-04	6e-04	3e-04	0.00511702902270888
0.0267	0.0316	0.0025	0.0195	0.0129	0.014	0.103391180650748
0.0017	0.0011	8e-04	0.0021	0.0013	0.0015	0.013773930573271
0.2273	0.2428	0.0292	0.1321	0.1119	0.1073	0.399477348251515
0.011	0.0121	0.0016	0.0067	0.0056	0.0062	0.0549108013324459
0.0526	0.066	0.0087	0.0338	0.0232	0.0245	0.181475895294056
7e-04	8e-04	2e-04	6e-04	0.0016	9e-04	0.00872290888860936
0.0032	0.0019	2e-04	0.0015	0.0011	0.0016	0.0153318522630221
0.0859	0.0897	0.0088	0.0508	0.0357	0.038	0.264252928870953
0.0101	0.0105	0.0015	0.0064	0.0049	0.0041	0.0537787325919903
0.1479	0.138	0.0154	0.0838	0.0659	0.0574	0.335397593134225
0.014	0.0119	0.0021	0.0103	0.0068	0.0059	0.0579744078625924
0.1181	0.1267	0.0143	0.0698	0.0518	0.0552	0.265958370926024
0.0818	0.084	0.0092	0.0547	0.0381	0.0408	0.22032088867637
0.0016	6e-04	1e-04	4e-04	8e-04	3e-04	0.00670169365642504
0.4366	0.4401	0.0437	0.2569	0.1893	0.1903	0.633799723323363
0.2266	0.2307	0.0213	0.1261	0.0952	0.1034	0.464551484667679
0.0039	0.0049	7e-04	0.0031	0.0026	0.0014	0.0327710159446202
0.4751	0.4672	0.0629	0.2867	0.2413	0.2414	0.59620166029598
0.8674	0.8579	0.2248	0.702	0.6436	0.6409	0.899963835606837
0.0023	0.0011	1e-04	0.0014	6e-04	3e-04	0.0104863678260039
0.0761	0.0704	0.0066	0.0476	0.0308	0.0334	0.200250408070298
0.009	0.0095	5e-04	0.0075	0.0041	0.0081	0.0512374801774704
0.0043	0.0027	4e-04	0.0028	0.0018	0.003	0.0225301748192417
1e-04	0	1e-04	0	0	1e-04	0.001026676660098
0.0196	0.0217	0.0027	0.0166	0.0103	0.0096	0.096719205975981
0.1228	0.1215	0.0177	0.0725	0.053	0.0567	0.257061021968795
0.1177	0.1176	0.0136	0.0736	0.058	0.0543	0.237358116984075
0.0646	0.0614	0.0062	0.0407	0.0273	0.03	0.196123852818609
0.0021	0.0023	4e-04	0.0012	5e-04	0.001	0.0126198052691532
2e-04	0	1e-04	0	2e-04	4e-04	0.00178398484741797
0	1e-04	2e-04	2e-04	2e-04	1e-04	0.0017098834346011
1e-04	0	0	0	1e-04	1e-04	0.000537317191966734
0.1339	0.1274	0.0134	0.0771	0.0542	0.0457	0.310166835278885
0.0381	0.0394	0.0041	0.0217	0.0215	0.0156	0.140844572183905
0.0028	0.0016	6e-04	0.0011	6e-04	8e-04	0.0131923943349337
0.0177	0.0164	0.0029	0.0145	0.0079	0.0076	0.0796170629343845
0.1315	0.1321	0.0136	0.0786	0.0576	0.0616	0.342824252992776
0.0026	0.0024	4e-04	0.003	0.0019	0.0017	0.0176133617047941
0.0089	0.0053	0.0016	0.0046	0.0027	0.0039	0.0449824346639995
0.2892	0.2825	0.0237	0.1456	0.1135	0.1203	0.536346120734638
0.235	0.2443	0.0283	0.1393	0.1077	0.1105	0.431788307742343
0.0485	0.0482	0.0066	0.0327	0.0224	0.027	0.159961527210714
0.3248	0.3167	0.0355	0.1817	0.1367	0.1381	0.542804798918645
0.069	0.0644	0.008	0.0375	0.0285	0.0308	0.204438695994328
0.0044	0.0028	5e-04	0.0037	0.0033	0.0023	0.0293833333178934
0.0189	0.0223	0.0034	0.0162	0.0118	0.0096	0.0765255340313976
1e-04	3e-04	0	0	0	0	0.00117268834857984
0.1547	0.1572	0.0168	0.0912	0.0672	0.0695	0.312440114547717
0.0016	0.001	4e-04	6e-04	5e-04	4e-04	0.00781724383716936
0.2063	0.2055	0.023	0.1168	0.0865	0.0882	0.392470221538832
0.0072	0.0058	6e-04	0.0032	0.0041	0.0032	0.0410528515344068
0	0	0	1e-04	1e-04	1e-04	0.00111474694622417
0.2549	0.2627	0.0337	0.1544	0.1278	0.1271	0.427543047302702
0.0103	0.0102	0.001	0.0081	0.0076	0.0065	0.0578723084715383
0.0516	0.0425	0.0039	0.0301	0.0208	0.0189	0.178230889537576
0.0087	0.009	0.001	0.0047	0.0046	0.0042	0.0385369991495354
0.1995	0.1891	0.0264	0.1154	0.0783	0.0853	0.343856407507456
0.0142	0.0113	0.0013	0.0065	0.0053	0.0077	0.0588100883397996
0.0284	0.0308	0.0035	0.0168	0.0135	0.0143	0.129712699742412
0.0589	0.0623	0.0107	0.0372	0.0236	0.0296	0.184487656155787
0.012	0.0114	0.0019	0.0064	0.0049	0.0058	0.0661379677764468
4e-04	7e-04	1e-04	8e-04	4e-04	1e-04	0.00536343479610131
0.0052	0.0037	7e-04	0.0026	0.0012	0.0025	0.0253568182552178
0.748	0.7337	0.1259	0.5179	0.4467	0.4587	0.828716555634531
0.0451	0.043	0.0047	0.0268	0.02	0.0222	0.151229226711598
0.0087	0.0085	7e-04	0.0072	0.0056	0.0056	0.0565963748026812
0.2361	0.2341	0.0245	0.1363	0.1011	0.1052	0.40349499428174
3e-04	0	0	1e-04	0	4e-04	0.00144019886833975
0.1803	0.1885	0.0183	0.0984	0.0754	0.0796	0.372410836988067
0.3184	0.3149	0.0407	0.193	0.1384	0.1507	0.493955873540993
0.398	0.4007	0.0466	0.2392	0.1769	0.1802	0.566606510171739
0.0382	0.0406	0.0048	0.0219	0.0195	0.0159	0.128398386732461
0.3224	0.3141	0.0438	0.1996	0.1602	0.1642	0.475592221351614
2e-04	5e-04	0	2e-04	0	0	0.00222349403443244
0.0183	0.0212	0.0031	0.0131	0.0116	0.011	0.0944741754706184
0.0269	0.0281	0.0027	0.0199	0.0126	0.0162	0.116933838813382
0.3115	0.3175	0.0417	0.2018	0.1395	0.1558	0.479823522202158
0.0036	0.0028	4e-04	0.0027	0.002	0.002	0.0210392544257633
0.04	0.0341	0.0039	0.0232	0.0184	0.0157	0.124095751858804
0.0158	0.0151	0.002	0.012	0.0074	0.0083	0.0807626745050392
0.104	0.1068	0.013	0.0611	0.0507	0.0488	0.268914002803687
0.0475	0.0503	0.0035	0.0242	0.0212	0.0214	0.153622437677296
0.3483	0.351	0.0464	0.2112	0.1656	0.168	0.495962696864935
0.0963	0.1063	0.0115	0.0576	0.0494	0.0493	0.24078057608786
0.0087	0.0096	0.0023	0.0088	0.0047	0.0053	0.0448764325777375
0.1688	0.1662	0.0193	0.0992	0.0775	0.0766	0.352333880349633
0.0151	0.0138	0.0016	0.0112	0.007	0.0079	0.0708944497208658
0.0012	0.0018	2e-04	9e-04	5e-04	3e-04	0.0111462520497424
0.0728	0.0704	0.0077	0.0468	0.0306	0.0321	0.220880538467446
0.0135	0.0166	0.0023	0.0111	0.0079	0.0091	0.08215250161888
0.0027	0.0024	3e-04	0.0018	0.0012	0.0011	0.0185437637048331
0.0027	0.0041	4e-04	0.0032	9e-04	0.002	0.0196384253042183
0	0	0	0	3e-04	1e-04	0.00171469757957888
0.0041	0.0073	0.0012	0.0049	0.0044	0.0048	0.0285878005504435
0.0067	0.0066	5e-04	0.0055	0.0033	0.0033	0.032561695597044
0.0025	0.0029	9e-04	0.002	0.001	0.0019	0.0185102973016478
0.0058	0.0045	8e-04	0.0041	0.0043	0.002	0.0297571278426713
0.0724	0.0636	0.006	0.0407	0.0293	0.0326	0.220731832580283
0.0113	0.01	0.0011	0.0069	0.0051	0.0042	0.0524251784475343
0.0295	0.0301	0.0038	0.023	0.013	0.0182	0.11371409960519
0.0313	0.0305	0.0045	0.0232	0.0159	0.0171	0.112757542732938
0.1655	0.1661	0.0185	0.092	0.0709	0.0781	0.333127091855981
0.0045	0.0045	6e-04	0.0022	0.0015	0.0033	0.0264938007585966
0.0011	0.0015	3e-04	4e-04	8e-04	4e-04	0.0121023034222878
0.1017	0.1004	0.0108	0.0605	0.0421	0.0485	0.263791542960264
0.1867	0.1942	0.0195	0.1044	0.0816	0.0875	0.35914987167359
0.0318	0.0284	0.0033	0.0223	0.0148	0.0126	0.12895579824112
0.0038	0.0042	6e-04	0.0037	0.0027	0.0021	0.026037293142001
0.4033	0.394	0.0448	0.2316	0.1794	0.1787	0.605402048370511
0.101	0.0927	0.0124	0.0619	0.0404	0.048	0.215011762147187
0.0032	0.0015	2e-04	9e-04	9e-04	0.001	0.00986800888654511
0.0273	0.0351	0.0039	0.0203	0.0145	0.0178	0.117879574483335
0.5317	0.5348	0.0632	0.3415	0.2702	0.2727	0.690111615329119
0.0024	0.003	9e-04	0.0029	0.0029	0.0017	0.017415264370065
4e-04	4e-04	0	0	3e-04	2e-04	0.00169520295585785
0.0084	0.0079	6e-04	0.0065	0.0025	0.0045	0.0464644478985236
0.008	0.0122	0.0021	0.0063	0.0049	0.0069	0.0463253495947073
9e-04	4e-04	0	0	2e-04	0	0.00190736250384956
0.2713	0.2807	0.028	0.1567	0.124	0.1232	0.477882779851581
3e-04	2e-04	0	1e-04	2e-04	0	0.00107503044495024
0.5745	0.5628	0.0651	0.3512	0.2906	0.2918	0.711929331025264
0.2289	0.2308	0.0225	0.138	0.1046	0.1035	0.423953541216353
0.052	0.0468	0.0058	0.0323	0.0223	0.0208	0.180888748770058
4e-04	4e-04	0	3e-04	1e-04	2e-04	0.00556175264890494
0.1229	0.1116	0.0145	0.0698	0.0572	0.0642	0.285356957522192
0.1287	0.1316	0.0142	0.0741	0.0578	0.0634	0.279667161344117
0.4568	0.4506	0.0606	0.2768	0.2336	0.2414	0.604900696851687
0.6925	0.6997	0.124	0.4761	0.4189	0.4135	0.781437379963467
0.007	0.0054	7e-04	0.0055	0.0043	0.0036	0.0369435673381006
0.0035	0.0076	0.0011	0.0039	0.0031	0.0027	0.0313178416924303
0.1015	0.1208	0.0119	0.0692	0.0524	0.0488	0.276240704668344
0.0928	0.0993	0.0097	0.0558	0.048	0.0435	0.275950420065405
0.0583	0.0569	0.0075	0.0387	0.0297	0.026	0.172202987745709
0.0319	0.0303	0.0036	0.0194	0.0157	0.0174	0.124914012129657
0.0037	0.0031	6e-04	0.0022	0.001	0.0014	0.0214163121354115
0.0024	0.003	6e-04	0.0031	0.0012	0.0016	0.0217416811673641
0.0119	0.0095	0.0014	0.0094	0.0052	0.0054	0.060918311337678
0.0477	0.0472	0.0039	0.0222	0.0224	0.0175	0.149387968563234
0.0028	0.0014	1e-04	0.0021	8e-04	0.0018	0.0119674269864343
0.0723	0.0713	0.0072	0.0383	0.0334	0.036	0.223202405673427
7e-04	4e-04	3e-04	4e-04	4e-04	2e-04	0.00421657325085164
0.6338	0.6338	0.0928	0.4277	0.353	0.3528	0.747540033042898
0.0775	0.08	0.0065	0.0487	0.0364	0.033	0.224863129424809
0.028	0.0259	0.0036	0.0135	0.0117	0.0137	0.115584084542639
0.606	0.6032	0.0803	0.3921	0.3142	0.324	0.729869150139022
0.271	0.2715	0.0275	0.1481	0.1155	0.1193	0.495257609962896
0.0338	0.0332	0.0034	0.0219	0.018	0.0161	0.132011382725533
0.8972	0.9027	0.2788	0.7669	0.7073	0.7	0.924771524881811
0.0155	0.0178	0.0019	0.0081	0.0085	0.0095	0.0710959958689584
0.0908	0.1003	0.0099	0.0544	0.0463	0.0394	0.242273645078794
0.0636	0.0724	0.0079	0.0409	0.0311	0.0307	0.196629867333916
0	0	0	2e-04	0	0	0.000692637954177129
0.1954	0.2039	0.0248	0.1168	0.0905	0.0817	0.365658523148466
0.0048	0.0053	4e-04	0.0025	0.0024	0.0038	0.0269920669951309
0.0138	0.0144	0.0012	0.01	0.008	0.0056	0.0665154517818682
0.1256	0.1184	0.0137	0.0793	0.0518	0.0555	0.288545675178663
0.6868	0.6944	0.1189	0.4819	0.4043	0.43	0.783223122340171
1e-04	5e-04	2e-04	2e-04	2e-04	3e-04	0.00295679343833086
0.2004	0.2005	0.0215	0.1159	0.0865	0.0881	0.366210889271446
0.0196	0.0205	0.0021	0.0141	0.0111	0.0122	0.0852821349751906
0.0015	0.0014	1e-04	0.0011	3e-04	9e-04	0.00815182421342329
0.0097	0.0082	6e-04	0.005	0.0033	0.0047	0.0436141033752892
0.0131	0.0138	0.0013	0.0106	0.0065	0.0068	0.0668919772262256
0	0	0	0	1e-04	0	0.000928912533529912
0.0037	0.0025	7e-04	0.0017	0.0012	0.0016	0.0195840831975429
0.0276	0.0264	0.0037	0.017	0.0137	0.0138	0.107466001737136
0.0347	0.038	0.0031	0.024	0.0144	0.0186	0.134826622454062
0.0117	0.0131	0.0013	0.0085	0.0059	0.0055	0.0662226326296083
0.0292	0.0264	0.0045	0.0187	0.0146	0.0141	0.11049065910317
0.0011	9e-04	4e-04	0.0011	7e-04	0.001	0.00912235331226794
0.0132	0.0104	0.0019	0.007	0.0064	0.0073	0.0568796484360248
0.4272	0.4503	0.0568	0.2785	0.2161	0.2217	0.569084191522969
0.0359	0.0364	0.004	0.0234	0.0162	0.0171	0.134323172902963
0.0167	0.0176	0.0025	0.0118	0.0071	0.0095	0.0850298454977031
0.05	0.0497	0.0051	0.0287	0.0191	0.0247	0.177831803704795
0.0066	0.0077	8e-04	0.0049	0.0033	0.0036	0.0402046551628341
0.0962	0.0949	0.0102	0.0557	0.0445	0.0428	0.231252432877267
0.0027	0.0015	9e-04	0.0026	9e-04	0.0015	0.0164578169919254
4e-04	2e-04	0	2e-04	0	0	0.00184095934657106
0.001	0.0016	1e-04	0.0011	2e-04	0	0.00788733785161102
0.0588	0.0692	0.0057	0.0353	0.0302	0.0303	0.205622919162934
0.4618	0.4626	0.0677	0.2971	0.2377	0.2381	0.594636493806845
0.1402	0.1495	0.0193	0.0941	0.0711	0.0733	0.266602886302767
0.0364	0.0429	0.0055	0.0201	0.0166	0.0182	0.166699587841974
0.2824	0.2882	0.0315	0.1637	0.1285	0.1267	0.475033609598387
0.0209	0.0218	0.0037	0.0144	0.0104	0.0121	0.0964790239947376
0.0043	0.004	5e-04	0.0026	0.0022	0.0023	0.0330306174340058
0.0589	0.0542	0.0064	0.0365	0.0259	0.0242	0.185026089470237
0.0145	0.0126	0.0017	0.0124	0.0075	0.0049	0.0758299824226072
0.0792	0.0752	0.0082	0.0448	0.0336	0.0355	0.231270106077188
0.0359	0.0365	0.0056	0.0306	0.0174	0.0169	0.143757285602629
0.881	0.8853	0.1662	0.7091	0.618	0.6235	0.918263178224541
0.3227	0.3195	0.0362	0.1922	0.1378	0.1455	0.519952626107851
0.0249	0.0201	0.0016	0.0164	0.0119	0.0116	0.0970856744646217
0.2306	0.2313	0.0197	0.1275	0.0912	0.1006	0.442664010140047
0	0	1e-04	0	0	0	0.000498985640675773
0.008	0.0058	0.0015	0.0059	0.0027	0.0052	0.0356948681716972
0.1483	0.1371	0.016	0.0784	0.063	0.0614	0.311495335067628
0.0315	0.025	0.0036	0.0178	0.0129	0.0127	0.10484506515228
0.0014	0.0013	2e-04	8e-04	6e-04	9e-04	0.00995067192806688
0.0176	0.0184	0.0022	0.0126	0.0114	0.0099	0.0832659054190237
0.0033	0.0046	4e-04	0.0016	0.0021	0.0024	0.022827943018374
0.0015	0.0016	0	8e-04	2e-04	8e-04	0.00697202947728687
2e-04	3e-04	1e-04	6e-04	0	1e-04	0.00394149392221479
0.2105	0.2054	0.0237	0.1188	0.0901	0.0884	0.373929127404347
0.7037	0.7112	0.1109	0.481	0.4177	0.417	0.800320772450635
0.0207	0.0189	0.0024	0.012	0.0106	0.0081	0.0894133860431738
0.5337	0.5238	0.0609	0.333	0.2701	0.2589	0.682015755503255
0.0494	0.0498	0.0059	0.0325	0.0234	0.024	0.15733678862134
0.0378	0.0413	0.0045	0.0257	0.0179	0.0198	0.148933200564244
0.4836	0.4745	0.0607	0.2972	0.2358	0.2304	0.658483222199772
0.7083	0.7108	0.0766	0.4762	0.3752	0.3816	0.835677821202849
0.088	0.0897	0.0108	0.0518	0.0363	0.0355	0.244339202530317
0.5948	0.5859	0.0925	0.4015	0.3324	0.3259	0.696880393827863
0.0076	0.0081	0.0013	0.005	0.0058	0.0049	0.0398605223825749
0.0268	0.0282	0.0022	0.0175	0.0144	0.0146	0.121661781543361
0.0091	0.0082	0.0013	0.0062	0.0049	0.0055	0.0500590734844889
0.1578	0.159	0.0165	0.0961	0.0702	0.0682	0.30759039444975
0.045	0.0493	0.0064	0.0345	0.0232	0.0224	0.143341505313974
0.0075	0.0072	0.001	0.0056	0.0039	0.0053	0.0406792945941229
0.0243	0.0313	0.005	0.0172	0.0131	0.0126	0.0934194066513913
0.328	0.3325	0.0465	0.2031	0.1628	0.1629	0.482961740623256
0.0036	0.0038	4e-04	0.0024	0.001	0.0014	0.0190411827339413
0	0	0	0	0	0	0.00013733362979811
1e-04	6e-04	2e-04	4e-04	2e-04	0	0.00389861590993508
0.1246	0.1229	0.0155	0.0755	0.0487	0.0523	0.27904665165214
0.0203	0.021	0.0024	0.0146	0.0116	0.0111	0.0967978953766496
0.606	0.6014	0.0787	0.3845	0.3053	0.3192	0.745284814815808
0.1288	0.1271	0.0136	0.0739	0.0583	0.0566	0.307095815200931
0.2829	0.277	0.0301	0.1525	0.1158	0.1308	0.510567296927777
0.071	0.0812	0.0081	0.045	0.0308	0.0351	0.213279495734472
0.0773	0.0701	0.0089	0.0416	0.0326	0.0327	0.219989812804933
0.0057	0.0066	2e-04	0.003	0.0024	0.0034	0.0334701679284197
0.0062	0.0057	9e-04	0.0053	0.0046	0.0037	0.0425192399247756
0.0276	0.0258	0.0047	0.0191	0.0137	0.0127	0.0998665948775272
0.0167	0.0158	0.001	0.0101	0.01	0.0098	0.0830550510364047
0.0669	0.0727	0.0055	0.0402	0.0302	0.03	0.221925760735904
0.0031	0.0051	5e-04	0.002	0.0028	0.0028	0.0260595706336741
0.0202	0.0196	0.0027	0.0106	0.0058	0.0085	0.081142332646256
0.3045	0.3032	0.0366	0.1803	0.1425	0.1419	0.467050931662522
0.0184	0.013	0.0021	0.0086	0.0082	0.0067	0.0726487552659498
0.0577	0.0585	0.005	0.038	0.025	0.0308	0.187182612641696
0.0084	0.0048	9e-04	0.0054	0.0041	0.0029	0.0384487951102355
0.1166	0.1264	0.0112	0.0703	0.0549	0.0493	0.273081947916326
0.402	0.3895	0.0491	0.2404	0.1898	0.1941	0.550552511882363
0.029	0.0284	0.0029	0.0196	0.0162	0.0121	0.107373697173663
0.0156	0.0171	0.0022	0.0143	0.0092	0.0091	0.0803456771836575
0.0296	0.0285	0.0033	0.025	0.0175	0.0145	0.121733363532205
7e-04	9e-04	0	2e-04	1e-04	1e-04	0.00230490439979887
0.2463	0.2424	0.0324	0.1534	0.1179	0.1255	0.404678608738572
0.0446	0.0405	0.0059	0.0318	0.0288	0.0237	0.146743288109003
0.1709	0.169	0.0137	0.1	0.0745	0.0678	0.388366832275657
0.0048	0.0038	6e-04	0.002	0.0024	0.002	0.0221287864875679
0.0696	0.0596	0.0049	0.0406	0.0316	0.0302	0.211442445756836
0.014	0.0148	0.0026	0.015	0.0086	0.01	0.0726802686101621
0.0053	0.0042	6e-04	0.0016	0.0027	0.002	0.0250102336410428
0.0126	0.014	0.0014	0.0105	0.0074	0.0074	0.0601726524574053
0.0696	0.063	0.0082	0.0439	0.0282	0.0299	0.203305873288308
0.5951	0.5909	0.0905	0.3865	0.3222	0.315	0.71392658727501
0.0305	0.0363	0.005	0.0238	0.0191	0.0182	0.139489613996526
0.7491	0.7491	0.1025	0.5332	0.4528	0.4585	0.845220072250945
0.0507	0.0489	0.0052	0.0337	0.0242	0.0266	0.168482263432909
0.015	0.0125	0.0015	0.0128	0.0067	0.0057	0.0736476954745581
0.1487	0.1517	0.0135	0.0809	0.0648	0.0599	0.374494044110863
0	3e-04	0	1e-04	0	0	0.00111076343830998
0.0414	0.0414	0.0052	0.0295	0.0187	0.0172	0.143124101323603
8e-04	8e-04	1e-04	1e-04	4e-04	2e-04	0.00503483097091546
0.0124	0.0085	0.0014	0.0051	0.0053	0.0062	0.0509748815351402
0.0164	0.0167	0.003	0.0119	0.0081	0.0075	0.072707456182585
0.0097	0.0074	0.0013	0.0051	0.0049	0.0049	0.0514341212971832
0.1188	0.1258	0.0163	0.0777	0.0509	0.0548	0.287616817723335
0.0025	0.0036	7e-04	0.0019	0.0028	0.0016	0.023540236839652
0.5635	0.5769	0.0699	0.3626	0.2893	0.2843	0.708415029528093
0.086	0.0835	0.008	0.0491	0.0366	0.0378	0.235662292954954
0.0026	0.0027	2e-04	0.0016	0.0019	0.0016	0.0200926532512447
0.1548	0.151	0.0137	0.092	0.0558	0.0663	0.381637721625068
0.4131	0.4078	0.0476	0.2425	0.1931	0.179	0.586339394898281
0.0035	0.0038	5e-04	0.0012	0.0015	0.0022	0.0212488841484741
0.1063	0.0898	0.0108	0.0562	0.0412	0.0487	0.271748353387197
9e-04	0.0018	5e-04	5e-04	9e-04	0.0011	0.00859565351200531
0.0085	0.0076	7e-04	0.0044	0.0041	0.0034	0.0496919233742852
0.0012	0.0017	1e-04	4e-04	4e-04	1e-04	0.00936897590506121
0.4038	0.407	0.0462	0.2334	0.1863	0.1843	0.599993004062501
0	0	0	0	0	0	0.000136262337496231
0.2109	0.2114	0.0245	0.1102	0.0993	0.0977	0.37030409509812
0.0074	0.0122	0.0014	0.0072	0.0035	0.0034	0.0480257203815008
0.0442	0.0461	0.0071	0.0286	0.0215	0.0226	0.153706934617076
0.5789	0.568	0.0905	0.3923	0.3152	0.3183	0.692594014707612
0.087	0.1032	0.0117	0.0528	0.0413	0.04	0.24448556039931
0.0272	0.0241	0.0039	0.0191	0.0128	0.0155	0.101093093307927
0.0214	0.0207	0.0026	0.0114	0.0101	0.0109	0.094428817753045
0.0016	0.002	5e-04	0.0017	0.0014	0.0013	0.0150092773022983
0.0283	0.0272	0.0026	0.0201	0.0123	0.0141	0.122552030579724
0.115	0.1169	0.0107	0.0657	0.049	0.0524	0.273357634012678
0.0617	0.0583	0.0072	0.0333	0.026	0.0245	0.181595633061032
0.0031	0.0026	4e-04	0.0015	0.0011	0.0018	0.0188228667504327
0.0064	0.0085	0.0014	0.0054	0.003	0.0047	0.0422901522168697
0.0018	0.0045	4e-04	0.0021	0.0018	0.0017	0.0254763656523558
0.0603	0.0568	0.008	0.0386	0.026	0.0318	0.199704736840558
0.0071	0.0086	0.0015	0.0045	0.0029	0.0042	0.0393839840787967
0.2787	0.2789	0.0302	0.1652	0.1298	0.1285	0.477160392676547
0.0049	0.0046	6e-04	0.0032	0.0016	0.0043	0.0253191365059053
0.1486	0.142	0.0114	0.0774	0.0598	0.0611	0.340310933550537
4e-04	8e-04	1e-04	6e-04	3e-04	2e-04	0.00493334884141512
0.0125	0.013	0.0013	0.01	0.0087	0.0055	0.0711073763828969
0.0665	0.0629	0.0051	0.0332	0.0268	0.0307	0.220521609725055
0.6347	0.6345	0.0738	0.3899	0.3223	0.3356	0.761648393238373
0.0308	0.0316	0.0039	0.0202	0.0132	0.0133	0.133689062969841
0.2522	0.2472	0.027	0.1369	0.1117	0.1178	0.425652945776417
0.0076	0.0067	9e-04	0.0047	0.0057	0.0046	0.0499619686919081
1e-04	0	0	1e-04	0	0	0.000465916923629338
0.0117	0.0108	8e-04	0.006	0.0062	0.0066	0.0495619865371493
0.0307	0.0257	0.0031	0.0205	0.0165	0.0148	0.122649696005823
0.0137	0.0173	0.0018	0.0134	0.0071	0.0069	0.0738497726753386
0.0102	0.0094	5e-04	0.0058	0.0057	0.0035	0.0521674018581354
0	0	0	0	0	0	2.40666628156063e-05
0.0234	0.0216	0.0033	0.0132	0.008	0.0109	0.104141394377272
2e-04	1e-04	1e-04	4e-04	1e-04	0	0.00171246623432359
0.0931	0.0968	0.009	0.06	0.0392	0.0417	0.300704240629305
0.0203	0.0165	0.0021	0.0097	0.0087	0.0104	0.0848386922167884
0.0021	0.0034	1e-04	0.0019	9e-04	8e-04	0.0171017772058593
0.084	0.0889	0.0101	0.0534	0.0432	0.0378	0.233404852282534
2e-04	2e-04	1e-04	3e-04	4e-04	2e-04	0.00159743861752091
0.1065	0.0995	0.0104	0.0569	0.0497	0.0422	0.288528911062814
0.0663	0.0679	0.0065	0.0456	0.0324	0.0306	0.190619181992766
0.1866	0.1839	0.0212	0.0957	0.0841	0.0794	0.368646071414675
0.781	0.7885	0.1252	0.5411	0.4844	0.4806	0.859543281382408
0.5099	0.4969	0.062	0.3045	0.2545	0.2486	0.656447720418982
0	0	0	0	0	0	1.35623432354236e-05
0.005	0.0057	0.0016	0.0022	0.0027	0.0016	0.0298075936387686
0.3852	0.3922	0.0416	0.2302	0.1799	0.1802	0.561742286919096
0.058	0.0517	0.0063	0.0375	0.0258	0.0282	0.186490903127217
0.2269	0.2347	0.0312	0.1449	0.1055	0.1092	0.403455445871059
5e-04	1e-04	0	3e-04	1e-04	1e-04	0.00199249744031609
0	1e-04	0	0	0	1e-04	0.000746874017288803
0.188	0.1719	0.0234	0.1048	0.0813	0.0847	0.33789071045931
0.13	0.1342	0.0158	0.07	0.059	0.0533	0.291509690059155
0.0854	0.0897	0.0091	0.0564	0.0322	0.0404	0.244579681163277
0.0109	0.0108	0.0016	0.0064	0.0061	0.0038	0.0552696357769999
0.0304	0.0327	0.0032	0.0208	0.0145	0.0136	0.136028326535986
0.0031	0.0022	6e-04	0.0029	0.0017	0.0017	0.025915470478112
0.1071	0.1029	0.012	0.057	0.0417	0.0467	0.246736097035451
0.0457	0.0386	0.0064	0.0276	0.0191	0.0175	0.134012819336163
0.0979	0.1136	0.0133	0.0708	0.0481	0.05	0.251609533395775
0.3036	0.3027	0.0279	0.1732	0.1272	0.138	0.506619982883801
0.0014	0.0023	1e-04	4e-04	4e-04	8e-04	0.0084844748167778
4e-04	4e-04	1e-04	3e-04	2e-04	2e-04	0.00376340174801525
3e-04	2e-04	0	3e-04	4e-04	0	0.00271489022740043
0.0259	0.0302	0.0027	0.0189	0.0134	0.0139	0.126549481471804
0.0029	0.0031	4e-04	0.0019	0.0015	0.0019	0.0183823182666907
0.0681	0.0753	0.0078	0.0449	0.0304	0.0342	0.199220852627276
0.1836	0.1829	0.0167	0.1004	0.0665	0.0723	0.403235346611454
0.0196	0.0172	0.0022	0.0166	0.0096	0.0107	0.0878987544856091
0.5719	0.5407	0.0616	0.3414	0.2731	0.2795	0.709361845849565
0.2874	0.2861	0.0338	0.1609	0.1291	0.132	0.470269197789131
0.0742	0.078	0.0058	0.0436	0.0397	0.0291	0.24326448324698
7e-04	7e-04	0	5e-04	5e-04	2e-04	0.00567344427694256
0.1209	0.1129	0.0127	0.0714	0.0483	0.0536	0.341010188623582
2e-04	4e-04	2e-04	2e-04	1e-04	0	0.00135639008848771
0.0045	0.003	1e-04	0.0013	0.0012	0.0014	0.0193035719397773
0.0393	0.0342	0.0044	0.0253	0.0151	0.0196	0.127459464035447
4e-04	3e-04	2e-04	2e-04	6e-04	3e-04	0.0043538357104188
0	4e-04	3e-04	1e-04	4e-04	2e-04	0.00173407422176079
0.4633	0.4649	0.054	0.276	0.2382	0.2372	0.606599929930925
0.1595	0.1617	0.0158	0.0943	0.0744	0.0719	0.342764563603228
0.0504	0.049	0.0068	0.03	0.0244	0.0272	0.13781931097271
0.056	0.0603	0.0072	0.0396	0.0241	0.0286	0.187634526054385
0.6075	0.6116	0.073	0.3937	0.3053	0.3185	0.768931405454811
0.3386	0.3461	0.0304	0.1893	0.1518	0.1533	0.559469897827599
0.3008	0.3002	0.0254	0.1877	0.1362	0.1389	0.517743446584431
0.0107	0.0107	0.0011	0.007	0.0052	0.0053	0.0600336799510957
0.1614	0.1595	0.0189	0.0937	0.0666	0.0685	0.315336719432129
0.0012	9e-04	1e-04	6e-04	6e-04	6e-04	0.0094660773509811
0.0378	0.0427	0.0048	0.0213	0.0171	0.0144	0.142383183951516
0.0094	0.0113	0.0011	0.0096	0.0067	0.0077	0.0606795731464317
0.0264	0.0273	0.0048	0.0159	0.0102	0.0146	0.087668447665376
0.009	0.0087	0.0014	0.006	0.006	0.0043	0.0520305303885415
0.326	0.3224	0.0474	0.2069	0.1554	0.1589	0.468179515337718
0.0024	0.0034	1e-04	0.0021	0.002	0.0018	0.0160978870104985
0.0062	0.0086	7e-04	0.0061	0.0028	0.0034	0.0435152718403759
0.0032	0.0028	6e-04	0.0038	0.0018	0.0025	0.0235207992653468
0.0582	0.0651	0.0057	0.0404	0.0277	0.0284	0.205267045958479
0.4133	0.3963	0.0425	0.2294	0.1817	0.1802	0.610612351874373
0.0515	0.0558	0.0053	0.0359	0.0232	0.0216	0.151288916280734
0.0202	0.0214	0.0027	0.013	0.0095	0.0115	0.0909846738220272
0.0022	0.0025	4e-04	0.0019	2e-04	0.001	0.0126954802176027
