FMP	RMP	FPP	UPP	ANPP	NPP	ANCOVA
0.0722	0.0759	0.0068	0.0386	0.0283	0.0277	0.253319495213441
0.3935	0.417	0.0373	0.2425	0.1774	0.1778	0.624704015033999
0.0114	0.0164	8e-04	0.0088	0.006	0.0058	0.0717965212195054
0.0241	0.0189	0.0037	0.0171	0.0146	0.0106	0.0894913184218384
0.2474	0.2452	0.0309	0.1517	0.1169	0.1116	0.412434839879976
0.475	0.4799	0.0618	0.2895	0.2414	0.2446	0.612684932018219
0.0313	0.0383	0.0045	0.0281	0.0156	0.019	0.143100813701223
0.0746	0.075	0.0095	0.0453	0.0341	0.0328	0.199092974703631
0.005	0.005	7e-04	0.0042	0.0033	0.0027	0.0310658230469105
0.0662	0.0663	0.0094	0.0445	0.0296	0.0325	0.184658840729385
0.2063	0.2067	0.0216	0.1247	0.0925	0.0969	0.356111525195851
0.0328	0.0346	0.0051	0.0204	0.0176	0.0192	0.121284469966116
0.0793	0.0797	0.0103	0.0462	0.0362	0.0345	0.219780278069797
0.0906	0.0893	0.0097	0.0578	0.0438	0.0399	0.246334009646377
0.1485	0.1539	0.0162	0.0932	0.068	0.0709	0.356926955874797
0.6529	0.6585	0.101	0.4471	0.3733	0.369	0.752908171765761
0.2169	0.2294	0.0228	0.1218	0.0979	0.0896	0.4279746431286
0.1992	0.181	0.0211	0.1118	0.0848	0.0862	0.380067045291367
0.0311	0.0229	0.0029	0.0175	0.0146	0.0159	0.110504472490567
0.5826	0.5837	0.0764	0.3724	0.3037	0.3039	0.723795251395051
0.3518	0.3404	0.0347	0.2051	0.1561	0.1593	0.55473349229077
0.5315	0.5283	0.0718	0.3433	0.2614	0.2791	0.672208291341762
0.9406	0.9445	0.2993	0.8435	0.7816	0.7923	0.958655424011564
0.0078	0.0069	5e-04	0.0038	0.0042	0.0039	0.0393042627665418
0.0319	0.0322	0.0035	0.0205	0.017	0.0169	0.134295819200345
0.0063	0.0057	4e-04	0.0029	0.0028	0.0032	0.0320970522828709
0.0668	0.0547	0.0065	0.043	0.0319	0.0272	0.187276360104827
0.2113	0.2145	0.0176	0.1166	0.0853	0.0885	0.442442356147576
0.0089	0.0065	0.001	0.0059	0.0039	0.004	0.0377982239591833
0.0019	0.0028	5e-04	0.0023	0.0026	7e-04	0.0146120499872941
0.024	0.0262	0.0019	0.0161	0.0132	0.0109	0.101432335811601
0.0474	0.0435	0.0035	0.027	0.0188	0.0201	0.189253038204369
0.0531	0.0549	0.01	0.0322	0.0267	0.027	0.136434757608289
0.9461	0.9416	0.2543	0.8329	0.7674	0.7702	0.962285240233054
0.0129	0.0137	0.0016	0.0108	0.0065	0.006	0.0615965300501721
0.627	0.6346	0.0888	0.4113	0.3407	0.337	0.746117955143841
0.3429	0.3424	0.0471	0.2175	0.1708	0.171	0.501320444141489
0.113	0.1254	0.0144	0.07	0.0569	0.0563	0.288527198977562
0.3037	0.2932	0.0329	0.1782	0.1393	0.135	0.485612080768957
0.8052	0.8103	0.1603	0.603	0.5435	0.5447	0.865822959859483
0.2842	0.2723	0.0223	0.1512	0.1149	0.1253	0.491872389337779
0.0916	0.0958	0.0108	0.0566	0.0453	0.0446	0.271872264163315
0.0087	0.0092	4e-04	0.0077	0.0056	0.0051	0.052223031216778
0.1335	0.1358	0.0187	0.0869	0.0625	0.0656	0.288318027459692
0.1356	0.13	0.0185	0.08	0.0641	0.064	0.28231726342472
0.1964	0.194	0.0201	0.111	0.0889	0.083	0.414116210534898
0.0855	0.0873	0.0105	0.0498	0.0395	0.0421	0.207617461571569
0.0872	0.0928	0.0099	0.0518	0.038	0.0376	0.20397822830801
0.0167	0.0171	0.0037	0.0096	0.0082	0.0074	0.077689759223896
0.0105	0.0142	0.0025	0.0091	0.0071	0.0075	0.0645658651317524
0.2181	0.1967	0.0232	0.114	0.0866	0.0859	0.410770310946138
0.0016	6e-04	2e-04	0.0016	6e-04	3e-04	0.0102489671724112
0.0344	0.0327	0.0048	0.0211	0.0186	0.0148	0.103926424908721
0.064	0.0622	0.0086	0.0379	0.0346	0.0307	0.187634822977063
0.8418	0.8437	0.1713	0.6447	0.5632	0.5805	0.894172052110505
0.0023	0.0041	9e-04	0.0026	9e-04	0.0017	0.0256132591582468
0.0714	0.0854	0.0072	0.0488	0.0364	0.0317	0.239306217135386
0.0056	0.0043	4e-04	0.0033	0.0022	0.0028	0.0300272420516631
0.3685	0.3763	0.0384	0.2167	0.1698	0.1614	0.585310605255583
0.3419	0.3181	0.0475	0.1925	0.1611	0.1556	0.461634053425628
0.2266	0.2357	0.025	0.14	0.1063	0.107	0.420857196455728
4e-04	8e-04	0	5e-04	5e-04	0	0.00301542632843408
0.1122	0.1071	0.0124	0.0681	0.0549	0.0476	0.240973148367855
0.1005	0.0961	0.0093	0.0583	0.0492	0.0453	0.254523716321729
0.2979	0.2987	0.0382	0.1742	0.1422	0.1383	0.451691860891029
0.0363	0.0333	0.0046	0.0206	0.0145	0.0178	0.112945100242278
0.0341	0.0355	0.0044	0.0209	0.0152	0.0173	0.111179874863803
0.027	0.0276	0.0032	0.0154	0.0124	0.0113	0.125269836209164
0.0255	0.0281	0.0034	0.0205	0.0123	0.0132	0.121915995547094
0.4769	0.4587	0.0615	0.2985	0.2374	0.229	0.611496687673283
0.0117	0.0129	0.0015	0.0088	0.0047	0.0072	0.0613335630960248
0.0027	0.0027	0.001	0.0021	0.0016	0.0018	0.0170649140664395
0.3173	0.3251	0.0395	0.1938	0.1538	0.165	0.486812567463923
0.817	0.8235	0.1819	0.6239	0.5519	0.5572	0.868611994852036
1e-04	1e-04	0	0	0	0	0.000317144767126573
0.8277	0.8258	0.1496	0.6214	0.5456	0.5442	0.888005987897021
0.0184	0.015	0.0018	0.0128	0.0084	0.0098	0.0833206218783413
0.1533	0.1514	0.0181	0.0904	0.0678	0.0697	0.293517396498742
0.5039	0.5072	0.056	0.3065	0.2409	0.2533	0.669946402758037
0.092	0.1066	0.0113	0.0667	0.0501	0.0486	0.257930903547647
0.2245	0.2041	0.0257	0.1283	0.0923	0.1011	0.409056488629917
0.0081	0.0103	4e-04	0.0095	0.0051	0.0051	0.0587407341394989
0.3986	0.3938	0.0475	0.2339	0.1993	0.1929	0.568654298498682
0.5574	0.5429	0.0616	0.3463	0.2755	0.2724	0.710219223583785
0.2176	0.2151	0.0213	0.1307	0.1004	0.1034	0.419632723306215
0.0186	0.0208	0.0024	0.0147	0.0109	0.0105	0.100386389834139
0.5191	0.5368	0.0567	0.3273	0.2472	0.2567	0.68465490930117
0.2363	0.2506	0.0278	0.1445	0.1151	0.1091	0.407036956247932
0.0207	0.0238	0.0031	0.0166	0.0132	0.0114	0.0819757200737989
0.0019	0.0029	6e-04	0.0017	0.0011	0.001	0.0188728335220059
0.0081	0.0089	0.002	0.0073	0.005	0.005	0.0437429261140503
1e-04	4e-04	0	7e-04	4e-04	3e-04	0.00215642653964979
0.0798	0.0848	0.0082	0.0542	0.0397	0.0382	0.247409547996233
0.019	0.0204	0.0021	0.0137	0.0095	0.0103	0.0899942135739194
0.7349	0.7349	0.1439	0.5416	0.4631	0.4624	0.810630377107271
0.0088	0.0056	0.0018	0.004	0.0034	0.0028	0.0375737139321091
0.0111	0.0141	0.0017	0.008	0.0078	0.0065	0.0591645326471161
0.1431	0.1429	0.0138	0.0844	0.0651	0.0619	0.299637760947372
0.0024	0.0022	0.001	0.0021	0.003	0.0012	0.0187533339655224
0.0265	0.0266	0.0037	0.0131	0.0114	0.0134	0.101797451078288
0.0044	0.0029	8e-04	0.0036	0.0025	0.0032	0.020694473977438
0.3471	0.3532	0.0399	0.2089	0.1705	0.1639	0.51779115495515
0.02	0.019	0.0021	0.0145	0.0108	0.0097	0.0938049371508499
0.6868	0.6708	0.1192	0.4692	0.4025	0.4143	0.759749405114617
0.0359	0.0387	0.0054	0.0246	0.018	0.0182	0.109807096121633
0.0023	0.004	0	0.0022	0.0015	0.001	0.0184040321359227
0.0256	0.0207	0.0033	0.0145	0.0128	0.012	0.100925040267401
0.6794	0.6834	0.0798	0.448	0.3614	0.3817	0.810629523313575
0.0398	0.045	0.0038	0.0255	0.0153	0.0212	0.149802742748758
0.2193	0.2212	0.0197	0.1303	0.097	0.1011	0.452648168444036
0.7262	0.7097	0.0887	0.4949	0.4198	0.4131	0.828863744288857
0.2941	0.2783	0.0292	0.1601	0.1231	0.1275	0.463772405550751
0.0067	0.0061	4e-04	0.0039	0.0026	0.0027	0.0368502104745394
0.0986	0.0919	0.009	0.0566	0.0384	0.0409	0.249595229709617
0.1945	0.1941	0.0219	0.1143	0.091	0.0837	0.369688776868254
0.8681	0.8643	0.2161	0.7035	0.634	0.6289	0.901237967935686
0.0013	3e-04	0	4e-04	8e-04	1e-04	0.00405729663484907
0.1336	0.1412	0.0147	0.0781	0.0537	0.0583	0.325205125562017
3e-04	4e-04	0	2e-04	5e-04	2e-04	0.00250210920520389
0.0097	0.0121	0.0011	0.0094	0.0051	0.0075	0.0583288298062804
0.3745	0.3793	0.0425	0.2189	0.1725	0.1763	0.568811987589987
0.4615	0.4562	0.0626	0.2905	0.2303	0.2297	0.602319005893392
0.0184	0.0162	0.002	0.0128	0.008	0.0109	0.0853909465550522
0.0253	0.0233	0.0031	0.0176	0.0137	0.0118	0.0924966356501839
0.7015	0.6937	0.1101	0.4875	0.3872	0.4059	0.795262661823297
0.6054	0.6017	0.084	0.3886	0.3207	0.3185	0.722493070719413
0.017	0.0211	0.002	0.0128	0.0095	0.0105	0.0925884973505831
0.9508	0.9516	0.3398	0.8722	0.8156	0.8227	0.963655141781048
0.0803	0.0729	0.0097	0.044	0.0314	0.0334	0.219584047926668
9e-04	0.0016	2e-04	2e-04	8e-04	0.001	0.00735337835430869
0.7794	0.7775	0.1256	0.5728	0.4955	0.4866	0.855894801223155
0.114	0.1119	0.0102	0.072	0.0496	0.0528	0.305099803590293
0.0345	0.0328	0.0049	0.0231	0.0152	0.0162	0.134817418845332
0.0315	0.0341	0.0029	0.02	0.0181	0.0163	0.1249774468471
0.1307	0.1312	0.0131	0.0851	0.0547	0.0584	0.326747963688922
0.8835	0.8725	0.2308	0.7243	0.6503	0.6672	0.909385862825619
0.136	0.129	0.012	0.0855	0.0709	0.0619	0.309940631321538
0.0966	0.0881	0.0112	0.0495	0.0422	0.0444	0.239666522407795
0.7319	0.7279	0.1204	0.5165	0.4413	0.4514	0.811430636190763
0.0665	0.0659	0.0087	0.0441	0.0305	0.0311	0.193052327868997
0.7598	0.7507	0.1334	0.5381	0.4644	0.4857	0.832768804007189
0.8207	0.8241	0.1519	0.6308	0.5537	0.561	0.879167959625051
0.0057	0.0055	8e-04	0.0045	0.0039	0.0044	0.0415957809448624
0.012	0.0121	0.0022	0.0105	0.0063	0.0064	0.0672725329663013
0.4727	0.4674	0.0525	0.2649	0.2225	0.2227	0.626866724238354
0.938	0.9319	0.2514	0.8133	0.7418	0.7448	0.952299450135275
0.413	0.4057	0.0426	0.238	0.1889	0.1851	0.578928406751118
0.0715	0.0637	0.0074	0.0398	0.0293	0.0337	0.20332053727496
0.0556	0.0545	0.0066	0.0379	0.0261	0.0266	0.14370591136908
0.1454	0.1683	0.0146	0.0938	0.0666	0.0761	0.358244282545056
0.0961	0.1003	0.0106	0.0607	0.0376	0.0467	0.277364577646156
0.449	0.4328	0.059	0.2649	0.2139	0.2163	0.606971366201037
0.9456	0.946	0.3364	0.8546	0.8046	0.8052	0.960794884727962
0.2593	0.2545	0.0298	0.1434	0.122	0.1158	0.429894723176537
0.0011	8e-04	0	9e-04	0.0012	0.0011	0.0072544818441402
0.1715	0.1744	0.0181	0.0983	0.0726	0.0747	0.371163305985281
0.2037	0.2051	0.0183	0.1207	0.0774	0.0865	0.415297755374844
0.0338	0.0317	0.003	0.0183	0.0185	0.0161	0.107762348772073
0.3547	0.3641	0.0313	0.2048	0.1534	0.1473	0.579377040355503
0.0096	0.0113	0.002	0.0058	0.0029	0.0042	0.0445860324804629
0.3176	0.3287	0.0411	0.2085	0.1507	0.1611	0.475531992467894
0.4235	0.4331	0.0494	0.2631	0.1907	0.2145	0.609029710264962
0.1737	0.1653	0.0178	0.0967	0.071	0.0713	0.33907653503577
0.102	0.0981	0.0084	0.0638	0.0465	0.0434	0.266029976405402
0.6083	0.596	0.0804	0.3673	0.3225	0.32	0.732915052307679
0.0051	0.0044	5e-04	0.0049	0.002	0.0028	0.0296758556147495
0.0583	0.0608	0.005	0.0309	0.0224	0.0221	0.185628898694408
6e-04	8e-04	1e-04	1e-04	5e-04	6e-04	0.00454717783956933
0	0	0	3e-04	1e-04	2e-04	0.00195578710786283
0.169	0.1673	0.0203	0.1058	0.0792	0.0767	0.359229264907458
7e-04	4e-04	3e-04	0.0011	2e-04	6e-04	0.0078685701179648
0.3989	0.4005	0.0497	0.2455	0.1923	0.2007	0.54792288434262
0.672	0.6741	0.1053	0.451	0.3844	0.376	0.769851821899601
0.0269	0.0254	0.0029	0.017	0.0099	0.0146	0.106529898990607
0.4786	0.4623	0.0599	0.2848	0.2377	0.2418	0.624583322338039
0.0777	0.0672	0.0069	0.0466	0.0286	0.0304	0.230990443903701
0.0321	0.0274	0.0032	0.0181	0.0131	0.0138	0.129932028227272
0.2197	0.2111	0.0228	0.1274	0.1037	0.0932	0.391706552277266
0.116	0.1091	0.0101	0.0668	0.0427	0.0478	0.28789945031362
0.2376	0.2409	0.0287	0.1383	0.1178	0.1069	0.404782063323936
0.4758	0.4797	0.0637	0.2985	0.2439	0.2457	0.630840867094437
0.0027	0.0047	0.001	0.0029	0.0013	0.0011	0.0222517867399965
0.5016	0.5085	0.0698	0.3139	0.268	0.2723	0.643387842851833
0.0217	0.017	0.0017	0.0131	0.0078	0.0089	0.0922095705033856
0.1828	0.1942	0.0201	0.1005	0.0766	0.0757	0.408812308684815
0.0291	0.0311	0.0052	0.0207	0.0126	0.0166	0.120254761387088
0.0112	0.01	4e-04	0.0068	0.0032	0.0041	0.0531276561411996
0.696	0.7006	0.1112	0.4816	0.4093	0.4244	0.777873898534911
0.0276	0.0264	0.0033	0.0183	0.0111	0.0136	0.11573030459919
0.1163	0.1102	0.0125	0.0735	0.0487	0.0543	0.291206951556778
0.1319	0.1304	0.0133	0.0746	0.0567	0.0552	0.294369923629853
0.3494	0.3406	0.0475	0.2062	0.1664	0.1615	0.486256555107853
0.0655	0.0659	0.0074	0.0412	0.03	0.0331	0.188255748302876
0.5044	0.5019	0.0643	0.3046	0.2522	0.2559	0.652937534336874
0.0105	0.0059	0.0012	0.0048	0.0046	0.0048	0.0458330945040482
9e-04	0.0015	4e-04	2e-04	2e-04	8e-04	0.00735881391589373
0.0131	0.0119	0.0019	0.0115	0.0043	0.0062	0.0566642951515632
0.1249	0.1226	0.0134	0.0687	0.0565	0.0529	0.299652518800313
0.5357	0.5325	0.0638	0.3332	0.264	0.2743	0.684254738011048
0.692	0.6846	0.1197	0.4742	0.4047	0.4287	0.762336723278083
0.2512	0.2563	0.0259	0.1466	0.1126	0.1053	0.439928413659419
0.0291	0.0319	0.0036	0.0202	0.0149	0.0153	0.0999331195572423
0.001	6e-04	2e-04	7e-04	5e-04	4e-04	0.00724520437058326
0.0248	0.022	0.0024	0.0161	0.0088	0.0088	0.0791854731758382
0.0597	0.0592	0.0061	0.0325	0.0245	0.0281	0.191072586156581
0.1583	0.1569	0.0152	0.0976	0.0689	0.0734	0.346653226482182
0.0659	0.0676	0.0062	0.0399	0.0292	0.0302	0.209451623723919
0.3805	0.3611	0.0458	0.2305	0.1716	0.1866	0.539206448950246
0.0289	0.0269	0.0042	0.0208	0.0102	0.0132	0.10713434842878
0.7155	0.7119	0.1069	0.4915	0.4088	0.4213	0.807721208346811
0.6965	0.6906	0.0977	0.478	0.3836	0.4025	0.798288726157768
0.0046	0.0049	3e-04	0.0021	0.0016	0.0019	0.0223921719661948
0.018	0.0168	0.002	0.0144	0.0105	0.0092	0.0780035557965741
0.2295	0.223	0.0236	0.1262	0.0975	0.1011	0.421810341932178
0.0242	0.029	0.002	0.0192	0.0112	0.0123	0.128381385919215
0.0267	0.0295	0.0036	0.0213	0.0107	0.0138	0.110733710684297
0.0275	0.0299	0.0047	0.0204	0.013	0.012	0.116353682312511
0.0116	0.011	0.0012	0.0081	0.0079	0.0062	0.0595458488117243
0.0309	0.0298	0.0039	0.0199	0.0152	0.013	0.112964493104981
0.5378	0.5473	0.0641	0.3425	0.2691	0.2689	0.692997591411488
0.8534	0.8499	0.2182	0.6891	0.6202	0.6282	0.888439725605605
0.9516	0.9452	0.2628	0.8406	0.7777	0.7771	0.963992090481847
0.0061	0.0033	8e-04	0.0034	0.0023	0.002	0.031391962708124
0.3769	0.3756	0.0393	0.2256	0.1708	0.1809	0.567368221612007
0	0	0	2e-04	0	0	0.000272600458856133
0.0208	0.0233	0.0019	0.014	0.0094	0.0089	0.0978712286588001
0.0381	0.0338	0.004	0.0243	0.0177	0.0167	0.124121570070047
0.1649	0.165	0.0142	0.0982	0.0721	0.0789	0.371412416830494
0.8697	0.8723	0.2192	0.7143	0.65	0.6557	0.907948069429783
6e-04	6e-04	0	8e-04	2e-04	0	0.00494790712044773
0.5935	0.589	0.1012	0.4173	0.3518	0.3442	0.691704230934584
0.011	0.0097	0.0024	0.0072	0.006	0.0048	0.0508438276114681
0.0062	0.0062	0.0011	0.0041	0.004	0.0038	0.0390025280945568
0.9416	0.9398	0.3528	0.8497	0.7924	0.8046	0.957233817036277
0.0084	0.007	0.0014	0.0061	0.0043	0.0049	0.0351768960495555
0.211	0.2208	0.0251	0.1283	0.0971	0.0973	0.394707601654994
0.4173	0.4189	0.0465	0.2418	0.1943	0.1916	0.595467443531368
0.1698	0.1585	0.0182	0.0983	0.0789	0.0745	0.348092890665629
0.445	0.4413	0.058	0.2728	0.2089	0.2229	0.600997758924018
0.0558	0.0535	0.0062	0.0336	0.0235	0.0196	0.192337801236578
0.0081	0.008	9e-04	0.0041	0.0043	0.0042	0.0404916554506486
0.4151	0.4095	0.0529	0.2497	0.1959	0.1896	0.579913686138639
0.015	0.0129	0.002	0.0109	0.0062	0.0063	0.0693027151081772
0.0012	8e-04	2e-04	9e-04	8e-04	8e-04	0.00881754317101925
0.1928	0.2064	0.0268	0.117	0.0884	0.0865	0.362204348959802
0.2986	0.2942	0.0329	0.1716	0.1354	0.1348	0.479722436073185
0.0362	0.0333	0.0055	0.028	0.0181	0.0199	0.135043180590149
3e-04	6e-04	0	4e-04	2e-04	8e-04	0.00675834229938429
0.0064	0.0085	7e-04	0.0049	0.0051	0.004	0.0438852146023219
0.5904	0.5932	0.0764	0.3827	0.3121	0.3159	0.726800923411398
0.2486	0.2468	0.0248	0.1471	0.1031	0.1121	0.462616848130581
0.0016	0.001	0	7e-04	4e-04	6e-04	0.0075675505918971
0.0772	0.09	0.0092	0.05	0.038	0.0414	0.225897886847413
0.9419	0.9459	0.255	0.8255	0.7726	0.7722	0.960590973696866
0.1936	0.1878	0.0211	0.1231	0.0867	0.0825	0.37539277184899
0.1199	0.1282	0.0152	0.0755	0.0565	0.0563	0.28023426540092
0.161	0.1726	0.0165	0.0966	0.0777	0.069	0.370042697797974
0.133	0.1225	0.0115	0.0728	0.0555	0.0484	0.306778959810278
0.1548	0.1612	0.019	0.095	0.0663	0.068	0.375003258681892
0.6532	0.666	0.1201	0.4639	0.4011	0.3838	0.74753342415528
0.8498	0.8491	0.1765	0.6685	0.5889	0.5961	0.899735690887253
0.0059	0.0059	2e-04	0.0054	0.0032	0.0034	0.032053598079597
0.0056	0.0042	7e-04	0.005	0.0021	0.0025	0.0308079711255087
0.0037	0.0039	5e-04	0.0026	0.0012	0.003	0.0236833768963822
0.7934	0.7944	0.1636	0.6037	0.5315	0.5308	0.854962697236202
0.0011	0.0016	4e-04	0.0019	0.0012	0.0014	0.0102773717567756
0.0538	0.0476	0.0061	0.0296	0.0288	0.0223	0.143936547625752
4e-04	0	1e-04	0	1e-04	1e-04	0.00157625688520684
0.2065	0.196	0.0215	0.1287	0.0951	0.0833	0.385290765555299
0.0054	0.0062	9e-04	0.0049	0.0028	0.0033	0.0377207338450595
0.1174	0.1088	0.0134	0.0711	0.0549	0.0532	0.284679722602192
0.0083	0.0122	0.0019	0.0073	0.0051	0.0052	0.0553376692350648
0.003	0.0019	2e-04	8e-04	7e-04	0.0018	0.0147835374678969
0.0561	0.0561	0.0049	0.0347	0.0288	0.03	0.20254659192039
0.8526	0.8538	0.1737	0.6726	0.5972	0.5982	0.89966051181457
0.0919	0.0915	0.0087	0.0539	0.043	0.0388	0.269180599609384
0.0748	0.0745	0.0075	0.0459	0.0344	0.0318	0.209482382909957
0.8127	0.8172	0.245	0.6479	0.5919	0.5983	0.850564896259662
0.0061	0.0084	0.001	0.0082	0.005	0.005	0.045361401391793
0.2378	0.2388	0.0284	0.1387	0.1138	0.1126	0.400804356828699
0.0575	0.0581	0.0073	0.0349	0.026	0.026	0.181880312013659
0.0486	0.0441	0.0067	0.0251	0.0172	0.0196	0.142177138298069
0.0013	0.0015	2e-04	8e-04	8e-04	9e-04	0.0092884294820903
0.2322	0.2163	0.0215	0.1285	0.0893	0.0961	0.458108379850659
0.0043	0.0055	7e-04	0.0027	0.0022	0.0016	0.0261366704470833
0.0089	0.0115	0.0016	0.0086	0.0051	0.0045	0.064537932473203
0.2895	0.2861	0.0328	0.1726	0.1322	0.147	0.45357799635337
0.0181	0.0159	0.0017	0.013	0.0092	0.009	0.0765997726264652
0.027	0.0272	0.0029	0.0205	0.0144	0.0117	0.115379589980318
0.5319	0.5301	0.0553	0.3101	0.2512	0.2505	0.699339579954376
0.4216	0.4141	0.0471	0.2578	0.189	0.1981	0.58317265586728
0.1311	0.1426	0.0147	0.0847	0.062	0.0552	0.301752746635986
0.0723	0.0803	0.0081	0.0502	0.0379	0.0326	0.234793010551327
0.1178	0.119	0.0115	0.0704	0.0532	0.0483	0.318925451019532
0.092	0.0903	0.0079	0.058	0.0361	0.0393	0.24216697422711
0.1317	0.1285	0.0127	0.0776	0.0617	0.0591	0.28111919663705
0.0326	0.0359	0.0042	0.0249	0.0135	0.0184	0.149048905213333
0.1561	0.1698	0.0155	0.0885	0.0728	0.0753	0.325220165165491
0.6049	0.6045	0.098	0.3959	0.3318	0.346	0.711685947973427
0.8521	0.8442	0.1456	0.6488	0.5685	0.5623	0.903228556333327
0.0109	0.0083	0.0014	0.0057	0.0049	0.0039	0.0526937457451582
0.1591	0.1511	0.0158	0.0929	0.0678	0.0652	0.388856683298964
0.2523	0.2573	0.027	0.1485	0.1238	0.1087	0.441859385847569
0.076	0.0783	0.0074	0.0438	0.0291	0.0321	0.226044697676503
0.0391	0.0347	0.0052	0.0293	0.0172	0.0166	0.135985828877913
0.0625	0.0683	0.0081	0.0418	0.028	0.0258	0.198597319872518
0.365	0.3797	0.038	0.2238	0.177	0.1635	0.575464019005596
0.0096	0.0086	8e-04	0.007	0.005	0.003	0.0484639828223828
0.1662	0.1602	0.0136	0.0954	0.064	0.0633	0.364090575237085
0.1955	0.1925	0.0166	0.1221	0.0771	0.0836	0.419406145762143
0.5688	0.5585	0.0757	0.3671	0.3029	0.3143	0.688276188261175
0.0086	0.0088	0.0012	0.0066	0.0036	0.0035	0.0573418653240633
0.4406	0.4341	0.0555	0.2557	0.2053	0.214	0.615284072745656
0.3167	0.3177	0.0418	0.1834	0.1616	0.1542	0.474685465275628
0.0156	0.014	0.0024	0.0092	0.0074	0.0065	0.0651418251302794
0.0723	0.0705	0.0066	0.0447	0.0292	0.0261	0.222610739932937
0.0312	0.0305	0.0055	0.019	0.0117	0.0152	0.110256793889533
9e-04	5e-04	1e-04	7e-04	0.0012	6e-04	0.00913765905617573
0.0233	0.024	0.0027	0.0143	0.0125	0.013	0.0958080024441124
0.0135	0.0169	0.0024	0.0122	0.0083	0.0107	0.0760476164018002
0.127	0.1275	0.0129	0.0729	0.0635	0.0566	0.311324865297368
0.4889	0.4835	0.0596	0.3008	0.2401	0.24	0.635491839959184
0.0512	0.0445	0.0058	0.0307	0.0202	0.0253	0.155672829070406
0.4489	0.4531	0.0614	0.263	0.228	0.2309	0.593706607578695
0.2837	0.2754	0.0395	0.1672	0.1425	0.1357	0.439381969217135
0.2691	0.2725	0.0323	0.1571	0.1242	0.1246	0.454113249274842
0.0085	0.0049	9e-04	0.0039	0.0034	0.0037	0.0405407378824093
0.0647	0.0627	0.0079	0.0382	0.0337	0.0265	0.183396536955643
0.0032	0.0021	6e-04	0.0013	5e-04	8e-04	0.0150544821507829
0.0039	0.0035	4e-04	0.0035	0.0013	0.0012	0.019529219846188
0.1378	0.146	0.0154	0.0819	0.0634	0.0699	0.331951581328901
0.0389	0.0429	0.0055	0.0277	0.0211	0.0191	0.160611661775382
0.1903	0.1794	0.0217	0.1146	0.0929	0.0822	0.365414388040451
0.7611	0.7564	0.1425	0.5678	0.464	0.4969	0.830943021923907
0.0342	0.0301	0.004	0.02	0.0126	0.0189	0.138840128094016
0.7652	0.7619	0.09	0.5233	0.4341	0.4415	0.852490635137327
0.0195	0.0179	0.0018	0.0095	0.0098	0.0089	0.0908290951567139
0.047	0.0483	0.0048	0.029	0.0213	0.0249	0.157955390967198
0.1696	0.1711	0.0187	0.1016	0.0803	0.0823	0.334434381378106
0.1012	0.1039	0.0119	0.0651	0.0408	0.0445	0.277505083011204
0.0022	0.0012	3e-04	0.0012	8e-04	8e-04	0.0126752809130668
0.2897	0.2629	0.0327	0.1604	0.1248	0.1275	0.44338311990473
0.0224	0.0229	0.0019	0.0137	0.0085	0.0102	0.0932055550155101
6e-04	0.0012	2e-04	0.0012	4e-04	5e-04	0.00671100191425783
0.1767	0.1833	0.0221	0.1033	0.0762	0.0736	0.34100253980129
0.3121	0.3266	0.0311	0.1783	0.1301	0.1359	0.552732742290946
0.0115	0.0115	0.0015	0.0059	0.0057	0.0064	0.0586409319713538
0.0145	0.0127	0.0019	0.0121	0.0034	0.0071	0.0709357966735143
0.0093	0.0123	0.0017	0.0057	0.0053	0.0051	0.0485665457831202
0.0033	0.0021	2e-04	0.0011	7e-04	0.0015	0.0141348586737177
0.9054	0.9072	0.228	0.7639	0.6904	0.6889	0.931028824463783
0.2635	0.2613	0.0286	0.1535	0.1213	0.1113	0.433061697462735
0.8481	0.8469	0.1646	0.6508	0.574	0.5849	0.89864498842367
0.734	0.732	0.1465	0.5433	0.478	0.4689	0.798656106367555
0.2355	0.2373	0.0278	0.1367	0.1105	0.1111	0.424890334605424
0.006	0.0039	5e-04	0.0042	0.0028	0.0042	0.0304926073794274
0.3409	0.3401	0.0398	0.1992	0.1493	0.1552	0.511750893905683
0.6995	0.7055	0.1266	0.4896	0.4267	0.4159	0.778965548638716
0.4974	0.5028	0.0579	0.3095	0.2473	0.2543	0.654665148342434
0.116	0.1105	0.0139	0.0715	0.0538	0.0554	0.256575578762419
0.124	0.1099	0.0131	0.0702	0.0545	0.0476	0.28989014116995
0.6395	0.6428	0.087	0.4154	0.3349	0.3561	0.760574369603508
5e-04	4e-04	5e-04	5e-04	3e-04	5e-04	0.0050191649607978
0.1227	0.1258	0.0164	0.0706	0.0529	0.0573	0.262046611516769
0.2839	0.2838	0.0285	0.1667	0.1353	0.1308	0.478913773440669
0.1874	0.1719	0.0186	0.1051	0.0774	0.0821	0.367412816817185
0.1333	0.135	0.0172	0.0805	0.0606	0.0658	0.291159732871568
0.1813	0.1858	0.0201	0.1087	0.0849	0.0841	0.372161619449836
0.0143	0.0146	0.0016	0.0119	0.0066	0.007	0.0726142468888595
7e-04	3e-04	5e-04	4e-04	5e-04	3e-04	0.00266805358135644
0.0013	0.0012	1e-04	7e-04	4e-04	0.0012	0.0103119077140417
0.0598	0.0599	0.0092	0.0388	0.0298	0.0284	0.190662619967016
0.0722	0.0706	0.0078	0.0389	0.0332	0.0313	0.194899229081884
0.0187	0.0199	0.0032	0.0132	0.0089	0.0098	0.0867541772135603
0.0871	0.1001	0.0091	0.0589	0.0448	0.0426	0.255944154206803
0.2641	0.2656	0.0236	0.1446	0.1102	0.1222	0.47218679083464
0.4232	0.4357	0.0491	0.2611	0.2101	0.2135	0.597491508752528
0.0175	0.0182	0.0024	0.01	0.0071	0.0092	0.0831507772680519
0.1417	0.1383	0.0138	0.0885	0.0614	0.0667	0.355417498876375
0.2359	0.229	0.0268	0.1299	0.1024	0.1093	0.404762076047412
0.0115	0.0116	0.0014	0.0095	0.0085	0.0055	0.0615411712715022
8e-04	5e-04	1e-04	5e-04	3e-04	2e-04	0.00406131319973841
0.0022	0.0035	6e-04	0.0026	0.0015	0.0016	0.0208843238564494
0.0018	0.0019	4e-04	0.0011	0.002	0.001	0.0111852784365761
0.6092	0.6171	0.1096	0.4245	0.3419	0.3682	0.712643749792026
0.0297	0.0293	0.0038	0.0199	0.0129	0.0144	0.107108264455498
0.256	0.2598	0.0328	0.1563	0.1194	0.1249	0.440604787296599
0.426	0.4303	0.049	0.2512	0.2056	0.1987	0.60113239726918
0.003	0.003	4e-04	0.0016	0.001	0.0024	0.0209814747470785
0.3158	0.3329	0.0345	0.186	0.1434	0.1443	0.513289927396839
0.0912	0.0915	0.0128	0.0532	0.0426	0.0412	0.197106511774758
0.1811	0.1856	0.018	0.1069	0.0822	0.0814	0.405158600633795
0.0943	0.0972	0.0121	0.0645	0.0495	0.0449	0.21787290667253
0.7879	0.8014	0.1541	0.59	0.5136	0.5226	0.852885765009101
0.4728	0.4736	0.0764	0.3084	0.2519	0.2617	0.584824783116272
0.3222	0.3167	0.0325	0.188	0.1469	0.1387	0.501816073140813
0.0045	0.0043	7e-04	0.0027	0.0036	0.0022	0.0289818522143081
0.6314	0.6358	0.1051	0.4333	0.3535	0.3645	0.744631003286031
0.5578	0.5526	0.0655	0.3457	0.2787	0.2746	0.692647188254576
0.1276	0.1285	0.0143	0.0773	0.0588	0.0611	0.349715164705791
0.7231	0.7363	0.104	0.498	0.4099	0.435	0.828133430922283
0.0237	0.0216	0.0028	0.0148	0.0101	0.0111	0.0891465125512473
0.9531	0.9428	0.2567	0.8423	0.7764	0.787	0.965520346972875
0.0268	0.0278	0.0039	0.0186	0.0141	0.0131	0.0996603474152697
0.0339	0.0321	0.0043	0.0198	0.0144	0.0159	0.116616383815538
0.0019	0.0028	1e-04	8e-04	7e-04	6e-04	0.0100558873156577
0.1107	0.0993	0.0111	0.0593	0.0401	0.0489	0.26902518243757
0.0132	0.012	0.0019	0.0086	0.0053	0.0066	0.0607591653367002
0.2874	0.2789	0.0264	0.1569	0.1153	0.1195	0.534314567111883
0.8252	0.8058	0.1757	0.629	0.5604	0.5668	0.87063240372322
0.4192	0.4142	0.0459	0.2501	0.2006	0.1981	0.579872775862274
0.0449	0.0437	0.0052	0.0255	0.0223	0.0223	0.171744180052238
0.0248	0.0214	0.0021	0.0151	0.0112	0.0122	0.0981240619332007
0.5202	0.5131	0.0904	0.3334	0.2835	0.28	0.619231651706142
0.0025	0.0021	3e-04	0.0021	0.0013	0.0017	0.0164766480148332
0.3033	0.2942	0.0351	0.1771	0.1319	0.1414	0.493246247370997
0.0918	0.089	0.0087	0.0525	0.0408	0.038	0.234404533705256
0.1018	0.1089	0.0108	0.0571	0.044	0.0433	0.301289064133753
0.0107	0.0115	0.0026	0.0085	0.0072	0.0061	0.0642986690549547
0.023	0.0281	0.0035	0.0139	0.0131	0.0139	0.116647887638979
0.4231	0.4125	0.0511	0.2583	0.1993	0.1923	0.590251384210734
0.0775	0.0711	0.0084	0.0464	0.0345	0.033	0.233467847664926
0.0449	0.0378	0.0063	0.0324	0.0208	0.0206	0.157405607797385
0.129	0.1311	0.0154	0.0792	0.0598	0.0612	0.333588813296173
0.0276	0.0264	0.0022	0.0144	0.0107	0.0139	0.113088048542331
0.0177	0.0172	0.0024	0.0109	0.0107	0.0111	0.0783842193030085
0.0011	0.0011	2e-04	0.0011	4e-04	0.0014	0.0108970073528871
0.1751	0.1889	0.0202	0.1077	0.0728	0.08	0.373573784895759
0.0827	0.082	0.0101	0.0541	0.0367	0.0399	0.223567393412625
0.2448	0.2504	0.0229	0.1381	0.1041	0.1198	0.457551696305277
0.0712	0.0789	0.0081	0.0461	0.0289	0.0355	0.231267067042209
0.0942	0.0947	0.0102	0.0595	0.0412	0.0491	0.250946269148315
0.469	0.4702	0.0567	0.2842	0.2357	0.2346	0.616579321771322
0.5557	0.5584	0.0643	0.3415	0.2847	0.2689	0.705004063512621
0.0102	0.0092	0.0011	0.006	0.0051	0.0046	0.0493003456473366
0.0457	0.0438	0.0052	0.0251	0.0219	0.0232	0.151387285832588
0.3464	0.3384	0.0308	0.1996	0.1581	0.1508	0.559218450858366
0.1403	0.145	0.0152	0.081	0.0593	0.0669	0.319665703735782
0.0473	0.0439	0.005	0.0294	0.0192	0.021	0.161544189885407
0.8085	0.801	0.1805	0.6194	0.5552	0.5586	0.852320275912827
3e-04	2e-04	0	0	0	0	0.000613679664817473
0.0104	0.0106	0.0015	0.008	0.0056	0.0059	0.0623123438318984
0.0832	0.0956	0.0079	0.0513	0.0394	0.0384	0.26013532130188
0.0236	0.0252	0.0027	0.0124	0.0113	0.0089	0.0879542522881265
0.0123	0.0111	0.0021	0.006	0.0046	0.0056	0.0652730983779378
0.0659	0.0656	0.0055	0.0403	0.0336	0.0296	0.208378775900975
0.3921	0.3981	0.0399	0.2284	0.1761	0.1854	0.607499775100432
0.0552	0.0518	0.0068	0.0326	0.0268	0.0225	0.174219453399479
0.0265	0.0233	0.0025	0.0145	0.013	0.011	0.0986165378877247
0.5408	0.5362	0.0647	0.3258	0.2577	0.2733	0.684754738647002
0.6691	0.672	0.0791	0.4291	0.3535	0.3554	0.795091663559521
0.0285	0.0232	0.0032	0.014	0.0126	0.0157	0.102647598322989
0.0348	0.0341	0.0043	0.0183	0.0182	0.0181	0.137287874134505
0.0289	0.0244	0.004	0.0194	0.0112	0.0112	0.1233167441044
0.004	0.0023	6e-04	0.002	0.0016	0.0028	0.0254648810607711
0.202	0.2001	0.0203	0.1202	0.0908	0.0905	0.400118631388543
0.0879	0.0916	0.0095	0.0525	0.0383	0.0316	0.277616090431847
0.0188	0.0176	0.0036	0.0121	0.0078	0.0125	0.0713536489784283
0.0581	0.0559	0.0061	0.0333	0.0301	0.0258	0.18169455410547
0.006	0.0066	9e-04	0.0033	0.0028	0.0033	0.0388432498939691
0.0211	0.0177	0.0019	0.0149	0.0116	0.0084	0.0882134374007552
0.6619	0.6468	0.0898	0.4347	0.3625	0.3626	0.768424442105302
0.2089	0.2102	0.0225	0.1325	0.0907	0.0965	0.390123870367915
0.0072	0.0049	0.001	0.0044	0.002	0.0036	0.0412148857504669
0.0082	0.0081	0.0011	0.0047	0.0034	0.0047	0.0430757733968014
5e-04	8e-04	1e-04	5e-04	3e-04	4e-04	0.00461539687498685
0.5501	0.5487	0.0801	0.3515	0.2863	0.2998	0.662482016798104
0.7524	0.75	0.1316	0.5436	0.4662	0.4728	0.834600875136576
0.0604	0.0593	0.008	0.0353	0.0234	0.0265	0.154820446885828
0.1383	0.1393	0.0158	0.0745	0.0663	0.0628	0.300591735615206
0.1222	0.1165	0.0136	0.0745	0.0497	0.0553	0.309245787523106
0.4884	0.4686	0.0672	0.2982	0.234	0.2523	0.619408249146521
0.004	0.0036	8e-04	0.003	0.0027	0.0022	0.0292178219291349
1e-04	1e-04	1e-04	3e-04	0	1e-04	0.000722985216539077
0.2511	0.2532	0.0353	0.1561	0.1207	0.1266	0.418720798426229
0.7579	0.7502	0.1379	0.5495	0.4846	0.4731	0.813675995299087
0.0578	0.0502	0.0044	0.0308	0.0283	0.0256	0.189183393292321
0.2151	0.2231	0.0288	0.1317	0.1015	0.1076	0.387742961329462
0.049	0.0488	0.0066	0.0313	0.0232	0.0234	0.146666334487151
0.9775	0.9829	0.3669	0.9209	0.8823	0.8948	0.984924320012202
7e-04	0.0014	3e-04	4e-04	5e-04	6e-04	0.00672879598427014
0.4172	0.4067	0.0505	0.2532	0.2018	0.2004	0.570440841572013
0.0087	0.0088	0.0016	0.0065	0.0055	0.0067	0.0530781637680236
0.6335	0.6283	0.0946	0.4327	0.3633	0.3546	0.72768395478981
0.0053	0.0047	0.0011	0.0055	0.0024	0.003	0.0342266762265912
0.0067	0.0062	6e-04	0.0036	0.0035	0.0032	0.0302930856678736
0.2849	0.2939	0.0355	0.1802	0.1262	0.1296	0.489806064762988
0.0503	0.0461	0.0072	0.0287	0.0246	0.0283	0.127034147387654
0.0018	0.0014	4e-04	8e-04	6e-04	6e-04	0.0102966049707093
0.1387	0.1251	0.014	0.082	0.055	0.0531	0.350631717169929
0.1495	0.1509	0.0143	0.0916	0.0638	0.0606	0.355755419776382
0.1012	0.1104	0.0131	0.0669	0.0484	0.0489	0.247702928421044
0.6936	0.7084	0.1032	0.4759	0.3998	0.3857	0.790421131925725
0.111	0.1275	0.0147	0.0658	0.0532	0.056	0.257898412384423
0.0176	0.0158	0.003	0.0133	0.0076	0.0092	0.0706129548865968
0.613	0.6114	0.055	0.3712	0.2804	0.2836	0.77153757654865
0.0018	0.0016	0	0.0023	5e-04	9e-04	0.0106728264494028
0.5396	0.5433	0.0752	0.3492	0.2826	0.3003	0.687512730981721
0.01	0.0072	0.0015	0.006	0.0049	0.0073	0.0450236947659201
0.023	0.0262	0.0025	0.0151	0.0111	0.0121	0.0878064009569926
0.2317	0.244	0.0282	0.1377	0.1057	0.1103	0.406412506620714
0.3315	0.3332	0.0383	0.2003	0.1523	0.154	0.518306761548091
0.4648	0.4627	0.0434	0.2674	0.2046	0.1989	0.673622075887207
0.4739	0.4663	0.0573	0.288	0.2384	0.2352	0.620281007550063
0.2657	0.2595	0.029	0.1482	0.1169	0.1206	0.463231402034239
0.3992	0.3902	0.0635	0.2516	0.2008	0.2084	0.512631298927765
0.0011	0.0013	2e-04	0.0018	9e-04	5e-04	0.0109932020401929
0.0178	0.0131	0.0028	0.0116	0.0062	0.0092	0.0730641554891524
5e-04	7e-04	1e-04	2e-04	2e-04	9e-04	0.00767982834468527
0.2695	0.2587	0.0298	0.152	0.1177	0.1197	0.459690212648241
0.2608	0.2566	0.0287	0.15	0.1149	0.1177	0.453824887265476
0.2531	0.2525	0.0257	0.1428	0.1072	0.1155	0.463686263481683
0.0086	0.0096	0.0014	0.0053	0.0028	0.0054	0.0414289508617395
0.0134	0.0109	0.0018	0.009	0.0074	0.0045	0.0642801614167476
0.1531	0.1545	0.0189	0.088	0.0727	0.0729	0.296484564509117
0.0697	0.0708	0.0073	0.0466	0.0312	0.0353	0.225139200648424
0.0883	0.0837	0.0111	0.0451	0.0426	0.0412	0.23021455538864
0.2393	0.2403	0.0267	0.1354	0.098	0.0916	0.446541076766169
0.003	0.0033	3e-04	0.0021	0.0013	7e-04	0.0145332697893963
0.025	0.0216	0.0032	0.0154	0.0132	0.0118	0.102305604188003
0.1042	0.0966	0.012	0.0609	0.041	0.0483	0.278409189128708
0.2084	0.2078	0.0202	0.1257	0.0969	0.0972	0.405950688672475
0.3124	0.3107	0.0422	0.1922	0.1526	0.1549	0.473356768382645
1e-04	5e-04	1e-04	5e-04	0.0012	3e-04	0.00276858871080439
0.1672	0.1692	0.0176	0.1015	0.0802	0.0782	0.326831112378706
0.0013	0.0019	3e-04	0.0011	0.0012	8e-04	0.0116791785522407
0.0649	0.0666	0.0058	0.0412	0.0299	0.0276	0.19139548588779
2e-04	2e-04	0	4e-04	2e-04	2e-04	0.00321343725679466
0.107	0.1255	0.0101	0.0643	0.0544	0.0472	0.310978641917332
2e-04	4e-04	0	4e-04	1e-04	1e-04	0.00327725535325908
0.0781	0.0793	0.0077	0.044	0.0344	0.0338	0.219615490632588
0.0014	0.0012	1e-04	0.001	3e-04	2e-04	0.00792736448514951
0.9096	0.9142	0.2729	0.777	0.7169	0.7344	0.931854949400923
0.1612	0.162	0.0185	0.093	0.0721	0.0751	0.316846658004572
0.0321	0.0277	0.0038	0.0179	0.0128	0.0135	0.121085430470377
0.0033	0.0022	2e-04	0.0025	0.0017	0.001	0.0192168201193739
0.5714	0.5741	0.0626	0.3446	0.2812	0.293	0.717438427164081
0.6094	0.6028	0.0944	0.4092	0.3414	0.3457	0.707119434494095
0.1399	0.1271	0.0124	0.0825	0.0628	0.0595	0.340462234702284
0.1284	0.1206	0.0145	0.0778	0.0542	0.0544	0.300050131806798
0.0034	0.0042	3e-04	0.002	0.0025	0.0019	0.0203830227791796
0.4906	0.4912	0.0545	0.2873	0.229	0.2253	0.652060437667215
0.3334	0.3381	0.045	0.1931	0.1529	0.1579	0.489380721502296
0.4747	0.4772	0.0512	0.2793	0.2187	0.2375	0.660973918529018
0.0658	0.0602	0.0055	0.0384	0.0292	0.0249	0.194914898668619
0.0097	0.0085	4e-04	0.0077	0.0038	0.0036	0.0428042550215784
0.0761	0.068	0.0095	0.043	0.0311	0.035	0.194277539147168
0.4799	0.4791	0.0544	0.3111	0.2331	0.2364	0.649331658377186
0.0437	0.0481	0.0053	0.025	0.0187	0.0219	0.137451011427075
0.0247	0.0256	0.0041	0.0146	0.0129	0.0113	0.103417593353747
0.0206	0.0186	0.0024	0.0135	0.0091	0.0096	0.0829184943026629
0.4937	0.4967	0.0668	0.2994	0.2575	0.2592	0.634121427737298
0.005	0.0038	5e-04	0.0017	0.0012	0.0015	0.0231629316788236
0.0037	0.0037	4e-04	0.0025	0.0017	0.0022	0.0258043437349077
0.0143	0.0131	0.0024	0.0132	0.0074	0.0064	0.0682724395158409
0.3969	0.3881	0.0544	0.2272	0.1964	0.1954	0.523578734626516
0.6862	0.6867	0.1004	0.4524	0.3738	0.3817	0.78165337041405
0.0567	0.0542	0.0056	0.0364	0.0265	0.0287	0.204937257083177
0.2262	0.2237	0.0353	0.1383	0.108	0.1054	0.344502006473995
0.1707	0.1701	0.0235	0.1079	0.0738	0.0836	0.335650701727058
0.3492	0.3437	0.0481	0.1972	0.1555	0.1588	0.488048624934919
0.1402	0.1377	0.0136	0.0802	0.0601	0.0604	0.308036157378851
0.0923	0.0907	0.0078	0.0535	0.0364	0.0405	0.255994980554676
0.1096	0.1121	0.0114	0.072	0.0501	0.0557	0.266023819581374
0.2094	0.2106	0.0287	0.1312	0.0927	0.0968	0.35670869819307
0.0059	0.0059	0.0013	0.0042	0.0012	8e-04	0.0262423034887656
0.304	0.3142	0.0328	0.1818	0.1425	0.146	0.511487338955427
0.0142	0.0116	0.002	0.0115	0.0045	0.0082	0.0594021614123154
0.066	0.0616	0.0077	0.04	0.0273	0.0321	0.198294450076125
0.0153	0.0189	0.0034	0.0131	0.0079	0.0109	0.0805050988849267
0.532	0.5247	0.065	0.3438	0.2788	0.2725	0.69078172547555
0.0092	0.0093	0.0014	0.0069	0.0049	0.0034	0.0446741053668865
0.0416	0.0502	0.0053	0.0317	0.0217	0.0208	0.149883632760305
0.2787	0.2874	0.0332	0.1578	0.1324	0.1368	0.454866315271607
0.3185	0.3048	0.0443	0.1854	0.1482	0.1491	0.441304579681312
1e-04	0	0	3e-04	2e-04	0	0.000953380166608657
0.4986	0.4945	0.0509	0.291	0.226	0.2277	0.674414056111651
0.4928	0.4858	0.0653	0.3118	0.2521	0.2565	0.639142479205735
0.0428	0.0369	0.0044	0.0247	0.0167	0.0221	0.151982058712611
0.0056	0.0072	6e-04	0.0056	0.0032	0.0022	0.0392796614401625
0.5384	0.5351	0.0652	0.3401	0.2552	0.263	0.693382814769668
8e-04	2e-04	0	5e-04	3e-04	2e-04	0.0036617242545084
0.1223	0.1261	0.0166	0.0701	0.0593	0.0595	0.271057906309725
0.005	0.0058	0.001	0.0045	0.003	0.0022	0.0349796185185431
0.7993	0.8001	0.1478	0.5964	0.5274	0.5158	0.861603680246008
0.0905	0.0889	0.0119	0.0552	0.0376	0.0386	0.244519665931875
0.4761	0.4857	0.0538	0.2841	0.2307	0.2221	0.653069105622281
0.0284	0.0276	0.0029	0.0207	0.0131	0.011	0.11355931093468
0.0556	0.0496	0.0067	0.0311	0.0191	0.0251	0.150082445963897
0.0558	0.0568	0.0073	0.0341	0.0276	0.0188	0.163069001039439
0.0045	0.0053	0.001	0.0036	0.0021	0.0049	0.03006976902259
0.0112	0.0084	0.0011	0.0066	0.0051	0.0044	0.0460003901733072
0.6619	0.6645	0.1113	0.4714	0.3916	0.3927	0.752451981339286
0.2051	0.1949	0.0179	0.122	0.0818	0.0836	0.434444725039819
0.0106	0.0059	0.0014	0.0066	0.003	0.0031	0.0442055537021749
0.7697	0.7641	0.1204	0.5474	0.4675	0.4615	0.845499686622015
0.0021	0.0035	7e-04	0.0039	0.0025	0.0016	0.024120284796061
0.497	0.4965	0.0704	0.3132	0.2568	0.2617	0.631494640933074
0.1217	0.1265	0.018	0.0796	0.0599	0.0569	0.276248219344362
0.0088	0.0079	4e-04	0.004	0.0051	0.0034	0.0455514625443042
0.0043	0.0041	7e-04	0.0032	0.0041	0.002	0.0332541833675447
0.5292	0.5276	0.0648	0.3151	0.2577	0.2643	0.668612006892605
0.2283	0.2195	0.0291	0.1354	0.1102	0.108	0.385291386842333
0.3181	0.3058	0.0408	0.1871	0.1472	0.1595	0.459100789750458
0.0299	0.0316	0.0035	0.017	0.0145	0.0127	0.130607343613141
0.0232	0.0222	0.0031	0.0165	0.0118	0.0105	0.0806509905644396
0.195	0.2088	0.0199	0.1198	0.0897	0.0897	0.387711157549676
0.0632	0.0664	0.0068	0.037	0.0247	0.0267	0.201302170683976
0.3518	0.3609	0.0429	0.2143	0.1701	0.1686	0.530881505276733
0.7695	0.7544	0.1733	0.5703	0.4967	0.5143	0.817919501823199
0.0747	0.0716	0.0085	0.0412	0.0306	0.0298	0.236640063025211
0.0599	0.0691	0.0059	0.0414	0.0272	0.0316	0.229643913731548
0.4322	0.4171	0.0593	0.263	0.209	0.2157	0.565021388849135
0.0508	0.047	0.0051	0.0325	0.021	0.0226	0.178949623466512
0.0488	0.055	0.0056	0.0309	0.0206	0.0261	0.193162169302679
0.025	0.0284	0.0033	0.0203	0.0126	0.0143	0.120492167086198
0.2177	0.2088	0.0209	0.1324	0.0994	0.0883	0.406050788437508
0.1834	0.1894	0.0238	0.1131	0.0828	0.089	0.363813678152781
3e-04	2e-04	2e-04	2e-04	3e-04	0	0.00212572257649442
0.0195	0.0197	0.0016	0.0139	0.0081	0.0079	0.0823269997075569
0.2518	0.2501	0.0245	0.1409	0.11	0.111	0.444858989687948
9e-04	5e-04	0	0.0014	1e-04	2e-04	0.00652119885682002
0.1178	0.1192	0.0134	0.0687	0.0481	0.0512	0.312650246689603
0.0308	0.0331	0.0026	0.0209	0.016	0.0164	0.12147841061375
0.5865	0.5774	0.0789	0.3716	0.3157	0.3099	0.703155311035199
0.0284	0.0258	0.0018	0.0126	0.0114	0.0142	0.105224764581275
0.3183	0.3254	0.0397	0.1957	0.1516	0.1463	0.480356159539787
0.0039	0.0047	1e-04	0.0016	0.0031	0.0025	0.0283865279888103
0.3988	0.3922	0.0499	0.2403	0.191	0.1777	0.562166917804674
0.2068	0.2094	0.0233	0.1192	0.0896	0.0991	0.381694388209231
0.0375	0.0475	0.0046	0.031	0.0172	0.0187	0.138475354954235
0.0864	0.0808	0.0083	0.0506	0.0332	0.036	0.248170129486632
0.0845	0.0871	0.0084	0.0516	0.0375	0.0402	0.222250424853828
0.0236	0.0265	0.0035	0.0154	0.0089	0.0109	0.103875023778715
0.0306	0.0321	0.004	0.0197	0.014	0.0114	0.0956809557658258
0.5302	0.52	0.0847	0.3369	0.2842	0.2898	0.64444367830968
0.002	0.0026	6e-04	0.0018	0.0019	9e-04	0.0140471537860851
0.0023	0.0033	4e-04	0.0039	0.0013	0.0014	0.0205708566052072
0.0031	0.0032	8e-04	0.0023	0.0019	0.0027	0.0253477341216807
0.0055	0.0076	0.0019	0.005	0.0029	0.0057	0.0404049765912029
0.1781	0.1708	0.0154	0.1009	0.0746	0.0774	0.397342073285343
0.3319	0.3408	0.0368	0.196	0.153	0.1607	0.544229312375356
0.7012	0.7063	0.1083	0.4858	0.4061	0.4222	0.795739173793531
0.0279	0.0252	0.0037	0.0206	0.0131	0.014	0.118564710374401
0.0123	0.0148	0.0025	0.0095	0.0062	0.0081	0.0666661128705793
0.0059	0.0041	5e-04	0.0038	0.004	0.0035	0.0305044333273682
0.0014	3e-04	2e-04	6e-04	4e-04	1e-04	0.00463009323950734
0.4671	0.4531	0.0529	0.2914	0.2156	0.2312	0.617604074186712
0.1796	0.1791	0.0209	0.1029	0.0832	0.0881	0.36012929900101
0.2106	0.2213	0.0192	0.1257	0.0961	0.0999	0.433937372510371
0.006	0.0065	9e-04	0.0036	0.0019	0.0022	0.033626007653739
0.1205	0.1348	0.0103	0.0733	0.0539	0.0535	0.340714161050903
0.7117	0.7211	0.1111	0.5077	0.4214	0.4303	0.803545793615712
0.0335	0.0368	0.0047	0.0251	0.0173	0.0215	0.153074148901386
0.0391	0.0368	0.0033	0.0229	0.0165	0.0174	0.163234595518008
7e-04	3e-04	1e-04	2e-04	2e-04	2e-04	0.00217923890597673
0.4062	0.3998	0.0538	0.2558	0.1958	0.2007	0.552382304994638
0.0731	0.072	0.0076	0.0457	0.0315	0.0329	0.230575681754432
0.0427	0.0386	0.0029	0.0248	0.018	0.0178	0.148707087862314
0.046	0.0416	0.0051	0.028	0.0227	0.0216	0.12632989788025
0.0096	0.0095	8e-04	0.0065	0.0064	0.0059	0.0463148018156676
0.0137	0.0112	0.0021	0.0094	0.0065	0.0056	0.0607678722134311
0.0522	0.0499	0.008	0.036	0.0293	0.0258	0.18256188779241
0.1526	0.1485	0.0178	0.0879	0.0731	0.0666	0.330644750344673
0.4027	0.3977	0.0479	0.2397	0.1942	0.2003	0.548930544084384
0.0722	0.067	0.0091	0.0433	0.0325	0.0349	0.205578451209722
0.022	0.0221	0.0024	0.011	0.0091	0.0119	0.103871884487436
0.0037	0.0037	3e-04	0.0019	7e-04	0.0013	0.0198071901052361
0.2707	0.2648	0.0244	0.1497	0.1093	0.1047	0.497109429321003
0.0055	0.0102	5e-04	0.004	0.0049	0.0033	0.0506808263191487
0.4203	0.4139	0.0619	0.263	0.214	0.2312	0.532988213130165
0.0763	0.0804	0.0078	0.0437	0.0398	0.0364	0.226452448208141
0.0118	0.0145	0.0023	0.0104	0.0064	0.0068	0.0709315714604719
0.1576	0.1596	0.0145	0.082	0.0635	0.0686	0.370950185669372
0.6398	0.6475	0.1071	0.4395	0.3633	0.3746	0.736757491578007
0.4454	0.4421	0.0412	0.2536	0.1953	0.2019	0.647360682775927
0.6922	0.6895	0.1252	0.4688	0.4154	0.4113	0.776594402425502
0.0372	0.0353	0.0033	0.02	0.0175	0.0154	0.131092536591118
0.305	0.3171	0.0296	0.1741	0.1364	0.1373	0.546201773092419
0.0835	0.0807	0.0093	0.0552	0.0362	0.0358	0.24860240014804
0.0213	0.0196	0.0021	0.0112	0.0104	0.0091	0.0867062113567821
0.2365	0.2346	0.0249	0.129	0.0997	0.0949	0.457735097431553
0.0481	0.047	0.0049	0.0309	0.0248	0.0246	0.158340501627858
0.116	0.12	0.0133	0.0726	0.0535	0.0521	0.303884622640489
0.0122	0.0108	0.0027	0.0085	0.0057	0.0059	0.0537253630470116
0.0568	0.0572	0.0061	0.0277	0.0314	0.0281	0.170580793683451
0.3117	0.3177	0.0402	0.1844	0.1558	0.1509	0.476403084535302
0.2086	0.215	0.021	0.1155	0.0838	0.086	0.422165697057877
0.7901	0.7868	0.1156	0.575	0.4797	0.4843	0.862166628919794
0.5882	0.6073	0.073	0.3659	0.2973	0.3005	0.741765066057071
0.0256	0.0264	0.0023	0.0176	0.013	0.0147	0.109377832350995
0.1383	0.1416	0.0143	0.0853	0.0692	0.0664	0.316353825395107
0.1588	0.15	0.0225	0.1026	0.0733	0.0736	0.309873933547632
0.1314	0.1361	0.0166	0.081	0.0544	0.0628	0.304508035019241
0.3284	0.335	0.0371	0.19	0.1399	0.1552	0.537073287072255
0.0064	0.0092	0.0013	0.0045	0.0049	0.0025	0.0365589720648888
0.1047	0.1037	0.0119	0.0637	0.0475	0.0432	0.228883031962191
0.2437	0.2395	0.026	0.1439	0.0982	0.1074	0.441699668323068
0.0195	0.0161	0.0017	0.0111	0.0075	0.0084	0.0921793716022519
0.0223	0.0162	0.0019	0.0109	0.0108	0.0092	0.0916684924779111
0.0053	0.006	7e-04	0.0062	0.0038	0.0062	0.0436086759795881
0.0029	0.0044	5e-04	0.0018	0.0029	0.0016	0.0208637612211075
0.0037	0.0039	9e-04	0.0037	0.0028	0.0012	0.0211694938402895
0.0834	0.0839	0.0126	0.0516	0.0348	0.0365	0.22608968229679
0.0209	0.0234	0.0031	0.0166	0.0105	0.0123	0.0938433575634066
0.207	0.2087	0.019	0.1185	0.0863	0.097	0.404036682191556
0.0011	0.001	0	6e-04	3e-04	4e-04	0.00500171055949779
0.069	0.0789	0.0085	0.0531	0.0335	0.0346	0.22378876352245
0.3504	0.3559	0.0429	0.2117	0.158	0.1653	0.546050850388305
0.5534	0.5444	0.0605	0.3372	0.2625	0.2787	0.708584744767823
0.0025	0.0046	0	0.0034	0.003	0.0015	0.0240711027491944
0.0447	0.0442	0.0058	0.0278	0.0187	0.0205	0.154356443982152
0.4138	0.4187	0.0444	0.2464	0.1864	0.203	0.579419522345299
0.0968	0.1086	0.0134	0.0584	0.0501	0.049	0.257196446834409
0.3153	0.3072	0.0373	0.1939	0.1481	0.142	0.498741141159652
0.0472	0.0472	0.0061	0.0273	0.0194	0.0201	0.160784185212924
0.0673	0.07	0.0086	0.0424	0.0353	0.0361	0.203769107293152
0.1091	0.1165	0.0129	0.0665	0.0563	0.0501	0.246381985761318
0.1062	0.097	0.0125	0.0617	0.0453	0.0453	0.252847690983224
0.1672	0.1609	0.0189	0.1022	0.0693	0.0745	0.330344993300582
0.0873	0.0877	0.0079	0.0587	0.0371	0.0414	0.24806824235519
0.0238	0.0218	0.003	0.0177	0.0143	0.0151	0.0965626298055471
0.0917	0.1007	0.009	0.051	0.0315	0.0365	0.247411375187146
0.004	0.0047	0.001	0.0033	0.0021	0.0031	0.0258276083576302
0.0633	0.0601	0.0076	0.0371	0.0291	0.0263	0.157978431012948
0.0643	0.0688	0.0048	0.0344	0.026	0.0281	0.170591117705653
0.0236	0.0261	0.0036	0.0134	0.0127	0.0146	0.11681764167712
0.2021	0.2071	0.0212	0.1197	0.0967	0.0858	0.418209072370012
0.1429	0.1431	0.0122	0.0801	0.0638	0.0621	0.343619661951955
0.099	0.0982	0.0109	0.0616	0.0408	0.045	0.257056347088324
0.1623	0.1565	0.0178	0.0959	0.0707	0.0753	0.306435691448158
0.0105	0.0102	0.0012	0.008	0.0051	0.006	0.0611646768494275
0.0737	0.0782	0.0097	0.0405	0.0333	0.0368	0.245899417893674
0.2699	0.2593	0.0282	0.1578	0.1203	0.1245	0.459899209959444
0.0164	0.0188	0.0022	0.0127	0.0101	0.0082	0.0830931150434635
0.1953	0.1972	0.0244	0.1108	0.0926	0.0911	0.344951813988465
0.1305	0.1402	0.0156	0.0766	0.0568	0.0604	0.287481155039286
0.1771	0.1702	0.0178	0.1012	0.0779	0.0722	0.406272324228261
9e-04	0.0012	3e-04	4e-04	8e-04	0.0012	0.0112945252914692
0.4607	0.4767	0.0618	0.2933	0.2327	0.2378	0.635861055515411
0.2531	0.2605	0.0285	0.1491	0.1114	0.1114	0.466062086030692
9e-04	3e-04	0	4e-04	0	2e-04	0.00192342131238271
0.0253	0.0258	0.0035	0.0129	0.0109	0.0126	0.106460273580949
0.3728	0.3719	0.0459	0.229	0.1719	0.1791	0.523897547904592
0.5456	0.5401	0.0667	0.3365	0.275	0.2661	0.698169951238412
0.0236	0.0262	0.004	0.0147	0.0113	0.0123	0.0986345222100015
0.5033	0.4973	0.0658	0.3203	0.2587	0.2563	0.629711778486203
0.0624	0.0722	0.009	0.0426	0.0328	0.038	0.209187216381374
0.0022	0.002	2e-04	0.0017	0.0014	0.001	0.0164828933260905
9e-04	0.0012	6e-04	0.0019	6e-04	6e-04	0.0114519865382634
0.0068	0.0069	0.0015	0.0062	0.0027	0.0034	0.0449809014851529
0.2568	0.2541	0.0292	0.1509	0.1071	0.1193	0.461532477791197
0.2608	0.2578	0.0324	0.1546	0.1188	0.11	0.450343302166823
0.035	0.0374	0.0051	0.0228	0.0204	0.0187	0.119453959548761
0.6071	0.5971	0.0725	0.3844	0.3159	0.2997	0.732699230219409
0.837	0.8399	0.1368	0.638	0.5521	0.5526	0.901878363971968
0.136	0.1322	0.0098	0.0738	0.0566	0.0576	0.323014108909428
0.4495	0.4621	0.0517	0.2824	0.2218	0.2158	0.644133103247055
0.011	0.0132	9e-04	0.0095	0.0074	0.0068	0.0703225529981624
0.0068	0.0076	9e-04	0.0058	0.0035	0.0038	0.0397390747117494
0.2919	0.3019	0.0374	0.1814	0.1371	0.1423	0.457683085348652
0.016	0.019	0.0022	0.0104	0.0081	0.0067	0.0862674736988005
0.0106	0.0088	6e-04	0.0058	0.0046	0.0041	0.0547710624198516
0.7906	0.7715	0.1358	0.576	0.4879	0.4888	0.855633398521761
0.0053	0.0059	9e-04	0.0034	0.0034	0.0025	0.0306700020139698
0.2577	0.2608	0.0282	0.1493	0.111	0.1102	0.448725175270227
0.0208	0.0152	0.0012	0.0121	0.0071	0.0078	0.0795035375365429
0.0235	0.0239	0.0048	0.0174	0.0096	0.0124	0.102526347670503
0.0801	0.0752	0.0096	0.0487	0.0376	0.0382	0.209469386515465
0.0049	0.0068	5e-04	0.0043	0.0031	0.0028	0.0338593492254194
0.6007	0.6119	0.0879	0.4029	0.3207	0.3434	0.716332534585253
0.1811	0.1703	0.0169	0.0909	0.0776	0.0769	0.359843805310686
1e-04	0	0	2e-04	0	0	0.000310877398253659
0.0141	0.0177	0.0011	0.01	0.0079	0.0066	0.0788607584127641
0.1225	0.1322	0.0123	0.0756	0.0523	0.0636	0.303869869716108
0.041	0.0453	0.004	0.0291	0.0203	0.021	0.161863085621294
0.6322	0.6265	0.0959	0.4274	0.3625	0.3459	0.736870703693638
0.0078	0.0107	0.0018	0.0063	0.0062	0.0047	0.0537238690259322
0.284	0.279	0.0313	0.164	0.1275	0.1254	0.479892461889267
0.0294	0.0314	0.0038	0.0171	0.0107	0.0169	0.116921152956051
0.4468	0.4552	0.0704	0.287	0.2359	0.2447	0.572371858747512
0.5812	0.5863	0.0937	0.387	0.3125	0.3224	0.691264590416756
0.052	0.0604	0.0061	0.0326	0.0273	0.0248	0.191444439021631
0.4178	0.411	0.0526	0.2556	0.1993	0.2036	0.586694305719357
0.0142	0.0111	0.0018	0.0087	0.005	0.0048	0.0575608050163735
0.0242	0.0228	0.0031	0.0151	0.0103	0.0115	0.0982076813830071
0.7962	0.8113	0.218	0.632	0.5804	0.5807	0.846887758196303
0.5075	0.4945	0.0656	0.3077	0.2506	0.2671	0.650968924190341
0.6275	0.6263	0.1085	0.4142	0.3503	0.3706	0.725848677957905
0.1515	0.1468	0.021	0.0904	0.0634	0.0656	0.350519019867823
0.3102	0.3017	0.0309	0.1858	0.132	0.1428	0.521698768375784
0.6764	0.6969	0.1185	0.4787	0.409	0.4084	0.773374421827221
0.8379	0.8344	0.1706	0.6363	0.5651	0.5697	0.885498380520726
0.1029	0.1027	0.0146	0.0607	0.0516	0.0461	0.258402594557368
0.0287	0.0262	0.003	0.0182	0.0108	0.012	0.0996544532759282
0.017	0.0142	0.0015	0.0112	0.0058	0.0075	0.0703982065534444
0.0989	0.0936	0.0088	0.0608	0.0443	0.0432	0.266193825676724
0.1905	0.1867	0.0228	0.116	0.0859	0.084	0.365432344347138
0.5505	0.5616	0.0746	0.3526	0.2917	0.2863	0.681629450586396
0	0	0	1e-04	0	0	0.000611146942211056
0.1362	0.1409	0.015	0.0819	0.0608	0.0599	0.318496437277949
0.4233	0.4161	0.0489	0.2351	0.1877	0.196	0.609400467050708
0.1369	0.1442	0.0173	0.0811	0.0664	0.0593	0.321408948433651
0.5778	0.5667	0.1001	0.3873	0.326	0.3341	0.678578055723956
0.1807	0.198	0.0196	0.1081	0.0825	0.0865	0.405195072364106
0.4314	0.4404	0.0548	0.2559	0.2104	0.2157	0.597984298092721
0.1865	0.1949	0.0174	0.1118	0.0902	0.0914	0.402902019540896
0.289	0.2792	0.0388	0.1775	0.1424	0.1438	0.395869865533531
0.1122	0.1197	0.0133	0.0696	0.0505	0.0556	0.234817360144098
0.2026	0.2171	0.0246	0.125	0.1035	0.1043	0.346776968965291
0.078	0.0828	0.0106	0.0529	0.0394	0.0393	0.209630024373574
0.2522	0.2533	0.0239	0.1388	0.1118	0.1093	0.462648177548124
0.1632	0.1651	0.0145	0.0891	0.073	0.0739	0.338435845138164
0.2079	0.2085	0.0217	0.1201	0.091	0.0973	0.400631797888055
0.0362	0.0432	0.0031	0.0224	0.017	0.0232	0.141334335389069
0.0569	0.0544	0.0061	0.0342	0.0267	0.0302	0.160202569088095
0.0079	0.008	0.0011	0.0065	0.0056	0.0051	0.0565277427524276
0.459	0.4572	0.0631	0.2896	0.2354	0.2254	0.606715682327992
0.0047	0.0051	2e-04	0.0031	0.0022	0.0019	0.0290214714011387
0.2458	0.2665	0.0262	0.1473	0.1069	0.1096	0.461969602978537
0.5983	0.5979	0.077	0.3768	0.3103	0.3204	0.728314106976541
0.4271	0.4277	0.0505	0.2453	0.1943	0.1932	0.611984276642055
0.0144	0.0156	0.0013	0.0125	0.0069	0.0091	0.0717746966405143
0.0574	0.0628	0.0061	0.0345	0.0266	0.0295	0.1918845443357
0.0377	0.0431	0.0038	0.0263	0.0214	0.0185	0.145406656742105
0.1368	0.1415	0.0174	0.0754	0.0594	0.0613	0.30401760685083
0.1239	0.1285	0.0157	0.0728	0.0538	0.055	0.282616348172177
0.3106	0.3098	0.0347	0.1829	0.1416	0.1474	0.46894366494732
0.0141	0.0132	0.0014	0.0065	0.0059	0.0063	0.0635473019677192
0.4415	0.4255	0.0607	0.2634	0.2225	0.2159	0.567159612603291
0.0034	0.0038	6e-04	0.0032	0.0027	0.0024	0.0254378792981602
0.7512	0.7488	0.1469	0.5355	0.4774	0.4749	0.819335070670116
0.81	0.8184	0.1646	0.6055	0.5365	0.5392	0.864304502119517
0.1949	0.1977	0.0222	0.1115	0.0805	0.0926	0.395430200538534
0.3417	0.3546	0.0398	0.2175	0.1564	0.1628	0.526913643934606
0.4643	0.4455	0.06	0.2759	0.221	0.2184	0.615698904941794
0.1462	0.1471	0.0128	0.0885	0.0607	0.0676	0.325483734921867
0.039	0.0414	0.0038	0.0287	0.0181	0.0186	0.157841090249428
0.1283	0.1219	0.0136	0.0709	0.0559	0.0511	0.285874891095408
0.0569	0.0564	0.0074	0.0408	0.0279	0.0298	0.199112626990605
0.8625	0.8577	0.2278	0.7031	0.6334	0.6312	0.898523849797803
0.0106	0.0077	0.0017	0.0054	0.0039	0.0052	0.049741525202837
0.0867	0.087	0.0085	0.0506	0.0446	0.0369	0.245881476743883
0.1098	0.1044	0.0154	0.0711	0.05	0.0546	0.204849208641772
0.1118	0.1264	0.0111	0.0712	0.0498	0.0495	0.314765392701215
0.0623	0.0703	0.0068	0.0359	0.0281	0.0312	0.192626881604354
0.0313	0.0258	0.005	0.0203	0.0129	0.0129	0.0983945276006315
0.3242	0.3308	0.0333	0.1876	0.149	0.1552	0.520728349740296
0.396	0.3936	0.0427	0.24	0.1794	0.1845	0.586594242033407
0.0184	0.0218	0.003	0.0135	0.0101	0.0094	0.0832107952308001
0.1118	0.115	0.0116	0.0648	0.0503	0.0516	0.275701123653325
0.0019	0.0012	0	0.0015	0.0013	0.0019	0.0123923244810992
0.8384	0.8491	0.1518	0.6573	0.5656	0.583	0.899528153033884
0	2e-04	0	0	1e-04	0	0.000207297195881952
0.8643	0.8667	0.1799	0.6804	0.615	0.6227	0.90563475046907
0.3945	0.3893	0.044	0.2361	0.1803	0.1838	0.562155320105595
0.5371	0.5551	0.0632	0.3332	0.2733	0.2743	0.693287984991995
0.1653	0.1666	0.0151	0.0941	0.0755	0.0738	0.370277903751551
0.2093	0.2184	0.0267	0.1224	0.0991	0.101	0.363342787388601
0.3173	0.3215	0.0383	0.1865	0.1336	0.1516	0.508340388089452
0.3123	0.2992	0.0386	0.1715	0.137	0.1388	0.468149464997207
0.1698	0.1612	0.0164	0.0974	0.0777	0.0704	0.335865119298073
0.0323	0.0313	0.0038	0.0204	0.0141	0.0152	0.128933047050212
0.0213	0.0178	0.0031	0.0124	0.0122	0.0131	0.0863631603023349
0.0487	0.0479	0.0054	0.03	0.0198	0.0232	0.153482558305929
0.0434	0.043	0.0053	0.0294	0.0236	0.0207	0.145049448472446
0.0415	0.0362	0.003	0.0246	0.019	0.0183	0.148027221376841
0.0799	0.0831	0.0109	0.0546	0.0382	0.0362	0.24004240025853
0.5652	0.5522	0.0775	0.3693	0.2922	0.2933	0.696320882527298
0.1463	0.1546	0.015	0.0853	0.0584	0.069	0.336353142448713
0.0291	0.0298	0.0028	0.0186	0.0167	0.0165	0.112989753300781
0.0188	0.0209	0.0028	0.0146	0.0123	0.0112	0.0835080724088947
0.2963	0.2994	0.0423	0.1743	0.1328	0.1417	0.461893466776383
0.2333	0.2483	0.0243	0.1283	0.1114	0.1087	0.445007924057651
0.008	0.0091	0.0017	0.0064	0.004	0.0047	0.0511739960509515
0.6784	0.6786	0.1161	0.4792	0.4015	0.4019	0.764859878248764
0.0116	0.0117	0.0022	0.0097	0.0053	0.0058	0.061709095350791
0.1625	0.1458	0.0173	0.0898	0.0695	0.0679	0.361028347965626
0.2265	0.2289	0.0255	0.1274	0.0924	0.1057	0.427297019554073
0.0806	0.0838	0.0099	0.0508	0.0343	0.0413	0.191465141371768
0.0123	0.0122	6e-04	0.0061	0.004	0.0035	0.0538357625607422
0.0121	0.0121	9e-04	0.0087	0.0062	0.0059	0.072784525241443
0.3468	0.3402	0.0378	0.1977	0.1647	0.1571	0.548034257690345
0.0029	0.0018	3e-04	0.0016	0.0016	0.002	0.0179156830504063
0.7003	0.7021	0.1284	0.5039	0.4496	0.4282	0.780167511924923
0.0327	0.0337	0.0039	0.0227	0.0161	0.0174	0.137920079386205
0.0323	0.0262	0.0039	0.0193	0.0123	0.0121	0.0918431911117544
0.012	0.0107	0.0029	0.007	0.0058	0.0076	0.0625413983954315
0.0936	0.1012	0.0093	0.0636	0.0408	0.0448	0.270091303456791
0.1383	0.143	0.0178	0.0843	0.0625	0.0643	0.326886092815443
8e-04	2e-04	1e-04	1e-04	5e-04	9e-04	0.00619719939705333
0.05	0.0481	0.0048	0.0318	0.0198	0.0276	0.165504579737612
0.0769	0.0828	0.0099	0.0504	0.0351	0.0388	0.223080950630169
0.5707	0.5666	0.0785	0.374	0.2914	0.3053	0.702866389642486
0.1536	0.1494	0.0169	0.0846	0.0631	0.0703	0.334029500273462
0.5081	0.5147	0.0556	0.3094	0.2413	0.258	0.670437800352885
0.6463	0.6529	0.1034	0.4325	0.3642	0.3666	0.759107438537899
0.0202	0.0225	0.0033	0.0125	0.0092	0.009	0.109112139688641
0.0917	0.1018	0.012	0.0559	0.0424	0.0403	0.228846711122694
0.0526	0.0517	0.0072	0.0319	0.0255	0.0263	0.165075105741371
0.2686	0.2694	0.0302	0.1538	0.1204	0.1237	0.453166867508342
0.0913	0.0888	0.0096	0.0556	0.0408	0.0432	0.226866199771881
0.2805	0.2771	0.0273	0.1652	0.133	0.1227	0.481268842027627
5e-04	1e-04	0	0	1e-04	1e-04	0.000867307537554595
0.1408	0.1367	0.0179	0.084	0.0579	0.0646	0.314956072191233
0.5892	0.5939	0.0956	0.3929	0.3299	0.3371	0.690889297294335
0.2092	0.2138	0.0244	0.1238	0.1022	0.1005	0.402341537307389
0.6366	0.645	0.1133	0.4297	0.3663	0.3765	0.731099354667105
0.1464	0.1469	0.0144	0.0888	0.071	0.0685	0.310765718529432
0.0585	0.0513	0.0066	0.0277	0.0245	0.0224	0.183810130010038
0.3637	0.3553	0.0487	0.2195	0.1764	0.1745	0.511948214355973
0.001	6e-04	0	9e-04	1e-04	4e-04	0.00412382537869198
0.422	0.4282	0.0491	0.2502	0.2059	0.2094	0.58528425386883
0.7212	0.7131	0.123	0.492	0.4138	0.4312	0.79925173263691
0.5209	0.5062	0.0601	0.3113	0.2456	0.2436	0.676642339061766
0.1012	0.1004	0.0129	0.066	0.043	0.0518	0.257091716929905
0.4758	0.4746	0.0438	0.2726	0.2236	0.214	0.667086882951278
0.171	0.1662	0.0192	0.1057	0.0791	0.0759	0.341992610890521
0.4041	0.4091	0.0457	0.2481	0.1981	0.1915	0.569675189962483
0.0052	0.0049	0.001	0.0031	0.0027	0.0022	0.0282160040129055
0.1013	0.1045	0.0106	0.0576	0.0449	0.0437	0.243776493098183
0.1555	0.1665	0.0192	0.0976	0.0713	0.0725	0.349418532860502
0.1192	0.1194	0.0095	0.0712	0.0514	0.0518	0.27404740134736
0.0173	0.0174	0.0026	0.0109	0.007	0.008	0.0672913214898044
0.0209	0.0259	0.0026	0.0156	0.0121	0.0123	0.112008252334007
0.0935	0.0886	0.0114	0.0565	0.0398	0.0445	0.263227283615198
0.4826	0.4952	0.0709	0.3052	0.2592	0.2594	0.616029959110754
0.1028	0.097	0.0123	0.0646	0.0488	0.0439	0.244109078443895
0.003	0.0033	0.0012	0.0026	8e-04	0.0021	0.0174139907947723
0.163	0.1819	0.0135	0.0957	0.0797	0.0699	0.394569746443939
0.0408	0.038	0.0048	0.026	0.0176	0.018	0.137177643253369
0.7139	0.7043	0.1195	0.4893	0.4275	0.4276	0.788012284571362
0.0344	0.0351	0.0051	0.0251	0.0184	0.0177	0.139835857605502
0.0904	0.0797	0.0067	0.0502	0.0339	0.0395	0.255351218811648
0.0436	0.0465	0.0053	0.029	0.022	0.0227	0.16719351444069
0.0368	0.0419	0.0053	0.0212	0.02	0.0176	0.138214994409276
0.1328	0.1346	0.0163	0.0781	0.0643	0.0605	0.292639524512669
0.1811	0.1781	0.0171	0.1104	0.0667	0.0787	0.383327189500166
0.0863	0.1001	0.0085	0.0593	0.039	0.0405	0.254617965679933
0.0126	0.0159	0.0018	0.0089	0.0071	0.0068	0.0651876990954576
0.0398	0.0299	0.0044	0.0221	0.013	0.0137	0.127020444787096
0.0112	0.0137	0.0012	0.0082	0.0056	0.0051	0.0538923173588509
0.3727	0.3646	0.0411	0.2092	0.1674	0.1684	0.543248584195886
0.0011	6e-04	0	7e-04	3e-04	5e-04	0.00696629530464137
4e-04	4e-04	0	2e-04	0	3e-04	0.00268656019189361
0.1563	0.1526	0.0151	0.0966	0.0641	0.0695	0.365674225766013
0	0	0	0	0	0	0.000133041879168583
0.3939	0.3904	0.0395	0.2289	0.1738	0.1794	0.584134664690478
0.2176	0.211	0.0212	0.1223	0.096	0.0898	0.422208161355715
0.2905	0.2917	0.0332	0.1586	0.1331	0.133	0.468322201236084
0.1695	0.1762	0.0196	0.1009	0.0773	0.0786	0.347454929118585
0.2619	0.2506	0.0303	0.1485	0.1208	0.119	0.454998855096841
0.0165	0.0138	0.0022	0.0098	0.0064	0.0063	0.0746393263377655
0.1471	0.1546	0.0213	0.0923	0.0764	0.0729	0.282092667110206
0.033	0.0368	0.0029	0.0216	0.0156	0.0153	0.119741175963214
0.1052	0.1006	0.0106	0.0559	0.0462	0.0445	0.266117366771322
1e-04	0	0	0	1e-04	0	0.0017095215863482
0.1108	0.1231	0.0123	0.0658	0.0531	0.0538	0.259942984544884
0.0092	0.0105	0.0019	0.0057	0.0064	0.0047	0.0562289893727373
0.367	0.3642	0.0449	0.2208	0.1814	0.1802	0.519312127354191
0.0025	0.0018	8e-04	0.0012	0.0019	0.0017	0.0207301338027329
0.0051	0.0063	0.0018	0.0029	0.0023	0.0047	0.0306256660519565
0.0531	0.0525	0.0054	0.0317	0.0243	0.0245	0.175006220040086
0.1002	0.0974	0.0138	0.062	0.0455	0.0458	0.227542626013934
0.1403	0.1409	0.0143	0.0806	0.0674	0.0605	0.326571931044571
0.0748	0.0709	0.0068	0.0404	0.0315	0.0314	0.205242341792834
0.0164	0.0147	0.0015	0.0124	0.0063	0.0072	0.0704395410261638
0.022	0.0214	0.0028	0.0149	0.0092	0.0091	0.0956891711955587
0.3539	0.3484	0.0429	0.2218	0.1611	0.1649	0.50999284257678
0.0996	0.0908	0.0111	0.0577	0.0454	0.0441	0.249835103450816
0.0138	0.0144	0.0022	0.0097	0.0037	0.0053	0.0640547090527247
0.1454	0.1458	0.0134	0.0803	0.0615	0.0633	0.336784755974369
0.0166	0.0164	0.003	0.0119	0.0092	0.0101	0.0766941079914961
0.3548	0.3595	0.0368	0.2112	0.1646	0.1604	0.540617298211389
0.6992	0.7186	0.144	0.5132	0.4553	0.4558	0.783392180002166
0.0066	0.0097	0.0017	0.0063	0.0059	0.0054	0.0524384507476201
0.0506	0.0454	0.0074	0.0305	0.0202	0.0227	0.165557779814497
0.0073	0.0074	0.0023	0.0069	0.003	0.0045	0.0409541950258189
0.0781	0.0782	0.0104	0.0487	0.035	0.0381	0.208018071299952
0.469	0.4628	0.05	0.2862	0.2188	0.2111	0.650175161363456
0.0841	0.0848	0.0075	0.0517	0.0324	0.0366	0.242746375718571
0.0251	0.0299	0.0029	0.0209	0.0116	0.0117	0.109281629429966
0.4159	0.4189	0.0481	0.2441	0.1926	0.1992	0.594076504191062
0.5764	0.5678	0.0747	0.3813	0.3019	0.3044	0.711507195501051
0.2361	0.2238	0.028	0.1366	0.1015	0.1037	0.412855803748498
0.0085	0.0086	5e-04	0.0033	0.0043	0.0063	0.0471146935641983
0.3247	0.3162	0.0365	0.1793	0.1333	0.1501	0.527531574941751
0.0792	0.0746	0.0089	0.0427	0.0337	0.0352	0.197267276258038
0.1874	0.1758	0.0173	0.1006	0.071	0.0792	0.350344150017595
4e-04	2e-04	2e-04	3e-04	4e-04	0	0.0017928848444318
0.0669	0.0631	0.0065	0.0393	0.0334	0.0321	0.189105496095086
0.0176	0.0149	0.0019	0.0127	0.007	0.0098	0.0727729176760906
0.1604	0.1502	0.0153	0.0982	0.0663	0.0664	0.336154858222803
0.0616	0.0545	0.0058	0.0421	0.0331	0.0314	0.217479868721765
0.0768	0.0726	0.008	0.0468	0.0323	0.036	0.215778804926538
0.0494	0.0646	0.0063	0.0332	0.0281	0.0294	0.175556197087469
0.0437	0.0433	0.0043	0.0284	0.0211	0.0222	0.130970070627603
0.0202	0.0195	0.0038	0.0122	0.0089	0.0091	0.0835482797922156
0.8494	0.8411	0.1183	0.625	0.524	0.5255	0.910237082998337
0.0344	0.034	0.0045	0.0236	0.0167	0.0171	0.125815149139766
