FMP	FPP
114.950805890376	124.19057322773
106.247276837784	115.270894594522
114.319531346161	113.35638438427
102.661889868359	101.515598273265
118.016763807088	120.06723647493
116.106639767015	115.10956495536
108.35227132651	108.33249169576
121.530543927546	120.345994351788
107.420158993209	106.198845885898
105.997232486658	105.851243054385
121.642994038832	120.468429908942
111.925105202575	110.785912133507
109.372610085744	111.419303947619
114.153583360394	113.161402803576
103.19151432658	101.637074759563
89.6305732205209	88.2653271682101
113.930892512449	112.535911549158
98.9549181931729	98.2710154629341
123.727546615604	123.411333131401
109.379495090322	108.065988328672
104.589629209134	104.156032162655
118.210943973944	117.573771722029
96.2661291021414	96.375193773414
108.647369715356	117.412253325724
109.01458051167	108.888069682236
101.184704486218	100.433973951898
119.957568766958	119.534741272442
109.971009958257	115.120135215372
103.336484706464	102.269801942473
125.845516299076	124.858328017923
92.6202301064514	103.30907667016
113.052506842545	119.536651910578
119.420926455624	119.000927676977
114.250580064474	113.755930244359
103.474329136203	107.979833846924
95.4621950067968	94.0711027749871
110.622437377565	109.873362166028
108.231439718194	108.341599999461
114.176240280841	113.833842804868
102.26384807571	101.956409588468
114.161927844794	125.361664831968
103.412836521903	102.503959899858
120.929401168851	119.500038188958
89.6687689143304	88.5698121466717
96.5390343100613	95.9449263570925
112.101895707215	111.500436258467
119.894465081959	118.812371860314
116.402321349854	122.286026030104
112.980696518446	112.394925802948
82.1255337164061	82.1335187902854
99.7427400411784	99.6456731978053
86.1103955527895	93.6039096903253
110.486992114693	109.269874687822
107.828254061269	108.971605005515
104.427733667576	103.255275178451
98.3900302947108	108.84873793068
104.300541944937	102.822212101357
122.643783748443	121.612480804946
116.713329388585	115.698447089236
104.952697906705	103.78634468155
106.763945912445	114.515741895953
127.701232592184	126.429642424519
93.5458772311071	92.2279196903319
109.114383990709	108.161141924513
108.190965547221	121.390686498076
99.5895590382457	98.9676787118869
103.734070424869	109.157145394959
118.19493968559	118.23412738633
123.568836180277	122.346820014431
105.64166092333	104.679576064891
102.947789648828	102.292394299814
116.507019633244	115.578182097051
107.776821066275	107.101350495719
102.486339028519	101.122021303246
90.5628673892636	89.7517322131698
102.350919465694	110.378753189164
116.335402700416	121.130617757213
121.843498437945	126.467314750325
105.622553334618	105.216811050396
104.477670424135	103.009489548523
124.132513555163	123.297103146351
109.604656190218	108.734682564628
123.137834652455	122.705786271608
112.734969982163	111.895087658198
84.2847964271819	88.2926989483615
118.852972481037	119.495113318214
127.346513597573	126.487661383441
99.6981510955219	98.9390219502597
97.648413952907	97.3984994515832
107.490601120568	114.499989824896
107.068051014968	107.250506557155
117.967538730801	116.60988314438
111.618968782845	115.355903379629
94.0210046096175	94.0484879214951
98.4878114108272	97.0280710037183
113.420255719129	115.05564885407
98.3094947073129	97.6257010225939
101.382549711044	99.8673697396669
117.305205886651	116.750184573088
99.4707837308704	98.8728610915962
108.764929832494	107.521651934318
110.304904079858	109.694799215433
101.038053170449	107.404568734705
107.798240059975	119.723084580683
126.92006270587	125.96585108912
112.986860341319	113.325620766078
92.8970336600729	91.7574880169804
120.8972617908	120.828788376159
118.388884410736	117.926037479596
97.3692508905635	97.1011191568463
101.418698093617	100.008118378358
95.0842318391564	93.5847151813849
112.711851102216	111.479644277968
100.004819001878	99.5151507180821
117.107099443399	116.038235869517
110.229766637848	109.324588828171
117.932949724171	117.277096708992
96.2153864603335	94.6675667588515
119.323111135454	119.706090431051
133.714639098929	132.748594650076
113.791017995279	113.520008020548
112.937475440112	111.942374429367
93.0712625211811	91.8046959292902
105.758551535744	104.470550203432
111.791652810372	111.631051887943
109.788054965641	109.094065259599
119.698516568694	127.61842933879
102.017206481782	101.970019586967
98.8709887305821	110.514076737894
114.662153152435	116.117164247833
114.597985291965	115.674155289969
101.60281911731	108.83837282037
99.9707585909814	99.0621983969594
113.770918683614	113.174503525173
112.125355004541	111.987962445118
104.652876207942	103.497334522292
110.513475424891	109.296355424663
115.659168167802	114.466106164383
122.088382610589	121.846693913327
119.855554506323	123.542074968533
107.770223563761	106.775446971904
113.027322871489	112.114247314637
103.717649118863	102.637518554538
116.583344554108	120.914471128596
112.275317561517	112.486805223921
124.103307551359	125.147518851884
115.945999439975	114.780387108613
116.736765783478	115.855367832007
113.448099909648	112.843727218548
102.012693965291	100.762351049462
105.847122936214	104.842067982466
103.287204895745	102.060452838401
120.283107458836	121.280937230729
124.158606644055	123.108620934032
102.775971401623	102.769307106898
110.205792877659	109.016351649498
119.581747681065	118.253951116985
113.796100421773	113.146582359288
106.786672801693	106.117097849251
100.885517138587	100.860801061187
117.566232371891	116.741687590509
103.82493020689	103.396951817162
115.563877776636	115.171421806901
104.288204524031	103.486934143688
108.461782576621	107.161910085787
108.803870640097	112.838024728615
107.98566731832	106.853132419454
110.095149408182	113.595903039597
115.446601144773	114.395708389583
103.240508363684	103.094391793871
108.638534426456	107.167594486943
110.201940896292	109.826062522532
92.993695594651	91.6815382552602
95.9985644024443	109.037413977745
100.889821684041	99.7434023309442
118.885019091344	120.875324363346
108.228606353539	107.014802611839
111.431999914906	110.202176049507
111.637567206177	122.735521291085
111.715510657242	111.764573722833
99.6842407284897	98.719078604985
109.363884324112	109.389639332407
114.380436362386	115.358004522801
106.702791998557	118.677944582574
104.094653186497	102.600421371657
119.905352767025	119.675150284732
122.079627440624	121.989345464022
109.532730732045	108.314817252478
121.607502759084	120.53509806309
101.684543847293	101.262987612013
111.03615100643	118.347862034043
104.029251994714	103.426372466131
105.10158106896	104.474545439579
103.657093765831	102.427530315956
98.9948011858154	97.5576848709945
100.132158958219	98.8366978705446
102.338784066206	101.069415595143
115.60912445864	114.442195572989
92.289600307293	91.0696822076916
111.182079281685	111.23861333165
116.069707217374	115.214722497711
105.858969963763	105.846244145785
121.603900277717	120.664556074953
103.498908535482	103.287931649334
109.477336589608	110.059694997386
108.463571788928	108.576874751867
80.7648730178847	87.4207176851291
96.8237914634748	98.0931095133974
94.2509990500908	99.7757736645843
119.371253621488	118.847831426805
98.9604543415554	98.4754935403878
120.225608169772	119.936408789372
120.84045097458	122.006381688778
109.416910600716	117.054012717639
118.841513428004	118.708833369359
113.11722443359	112.165985844294
98.0688604831674	119.295175060927
93.6987801881958	93.1700657806944
118.472495563248	117.408761915468
124.365622620859	123.447375491332
99.6338465545355	99.0839370222482
122.384860897579	121.513791825054
101.258493561884	106.718411022983
109.749922855752	121.888815182886
108.880869665002	107.71673141614
106.537768234238	105.491581050244
113.221798235604	112.523955853779
117.75827098174	119.98818550017
106.648566545492	105.330479157167
101.581186842121	101.477401385612
95.9820528169621	95.0812572871903
124.691536374165	123.76906543283
118.649250323087	117.409435055475
101.889313994155	102.141258674209
122.166947075129	121.609044337175
113.784622048772	112.84247333756
124.609862086666	123.488078524269
114.350061567431	114.161088990936
119.522213971402	118.9788536346
116.201984124923	115.890238998913
112.016253352379	113.276059140663
104.630705804086	103.221288067212
107.315203263327	106.283164491306
121.02711160612	119.763069949462
106.266975906723	105.130348710104
100.770904202042	100.050542796267
111.654024981708	114.518106249458
108.603978318761	107.362288838297
114.524094998775	113.796786110177
109.426662186549	108.184399497616
111.416036411581	111.05270842198
110.093009308907	108.83877988269
108.293293700969	107.66657850613
115.694094167199	115.066998067945
112.596966934692	111.30445860173
124.208169993783	123.061629921818
85.7034453826421	85.8576157947138
112.866227193755	111.96452008626
100.714201898595	99.3684957391204
100.108655570961	99.5339309068823
116.948898354819	115.972870390606
105.771776145382	106.772800710764
109.364199545235	108.204122864351
112.21358266873	112.269917157331
119.659944385694	118.705471473743
96.7566567347381	100.379960908402
119.107757034112	119.464756687218
123.915233188919	123.688286475953
113.592503046558	112.863672003645
96.9312010199707	95.6074932093441
111.500067482242	114.004133641143
117.50809232368	119.251705540982
109.591835464321	109.303700156683
118.109548303771	117.459700808059
108.143767773378	107.27190683245
99.5740757222434	98.9465497295126
88.4198166942542	93.9264240861689
113.341987940232	112.821247894276
105.784470770437	105.213850078793
96.8007551939606	96.931002889372
117.73448984999	117.048953258181
94.7495482566914	93.7552747165016
103.404658277266	102.266061070348
100.645437055496	100.317804156009
115.427125573693	114.428181239387
109.392547249362	109.649360042889
108.927601929221	112.930910345098
103.551787787509	102.108887233902
109.984675759514	108.881407557988
85.6257674799952	84.1528689296462
111.523758277762	114.856699668931
115.58531666623	115.121277204267
118.056560543753	117.337250863662
99.9470869633174	102.064653422293
100.602087981444	99.7136515154836
110.167421997647	109.734960999531
104.273072580722	103.06692530026
93.9673762819785	92.4286513132293
117.162193634867	117.540679575555
99.5615701899439	99.3840320394079
106.180376399905	105.272189137595
99.2380961468172	98.2760841497112
117.66693148811	117.169900327925
96.6503377397434	95.9242753400952
91.2849242533097	90.6124831494939
88.9316222792206	88.3379507671475
114.047113878246	112.701442113275
105.329337062523	104.208592710557
101.382962687946	100.144423872035
124.706014045263	123.431017480734
101.795438439028	100.995151267774
113.257156400259	112.064692945868
97.0778241952469	97.0119152382311
114.290567248312	118.330511362532
114.755528559208	114.236204036363
88.9589878631635	87.5187921800306
112.155925343731	110.896603870837
116.48245719649	121.760848013663
111.924987653654	111.944721306248
110.762834155947	118.380135664915
113.690348478467	129.106038378794
93.83894239143	93.930166576306
115.17621033855	114.042252769849
101.741801358511	101.39062463534
112.402116154449	115.445038137051
118.335967939412	117.187222515227
116.857907389288	116.170661968005
95.738591537104	94.6487517279037
96.2025180701062	96.4777084466324
106.464939223118	105.447706213496
105.82394721228	105.705140445403
111.785239729882	112.05403179505
96.5656519649327	96.6058341234952
124.255041813948	123.770960185591
89.0535167310269	95.6580175241292
96.0472987054753	100.276816647296
101.621031075662	105.416628410162
107.283766667898	106.63191242238
113.274795824879	111.902738742241
107.106127866525	110.819198149188
113.642769312223	115.43989447805
109.196845472097	110.937904077412
120.049642290237	118.863622676305
124.558879473664	125.026325915006
99.1090865202545	99.0273473759159
116.169565223333	122.483973118818
111.68368086797	110.696350822926
110.412771681227	110.678335844538
107.7768254305	106.813585750234
120.219244173806	119.692841056986
101.18687445368	101.197607012678
112.055749700441	110.848100630279
95.3553827649434	95.0414176223343
113.543572068461	112.665210467985
121.656713774204	121.224286653725
114.993733451117	113.755643171477
113.37130209231	114.680179219559
110.041177439247	111.611320817028
94.0521352860151	92.8853834648905
121.018856823388	120.114236134258
90.98309990284	94.4995698708508
110.006317549813	109.508104139605
123.798235604282	124.402311411574
122.507011978447	122.470086561109
96.8012617517956	109.342737723673
110.293709017039	113.715686902219
121.583456707786	120.305137243528
104.882901831139	103.699649595977
113.874461551318	113.941969911499
110.077220698887	109.583592619243
104.019383081528	102.794091865511
95.4280403127856	94.6727340051287
124.575921341663	124.111553399549
115.401626446361	114.513578564235
104.934495388158	104.557918329347
123.452573449288	122.333635164911
108.477620768296	107.094648788967
100.101325186483	100.408526298764
110.103536228018	109.008522902529
109.916719176117	110.49128959487
92.7546790421595	97.4995433350943
111.597058171687	110.528341271918
104.48930002253	104.268529501118
95.9851437387228	94.562380673073
98.4302393252302	98.4764718038087
110.370008050412	109.564131059438
120.025648590363	118.849995391416
108.565385947534	108.939205155341
106.021847624637	104.706852879229
108.507434135051	107.345836472144
125.551449765528	125.181025456952
104.619660726033	103.251963771579
109.73361027911	109.02796555421
100.977655844895	101.153269696263
110.15005427654	109.196777323468
109.396877130805	109.928284954392
116.400298802475	123.054160244759
123.707474074491	122.678947439502
122.889672503303	121.711387617711
111.89739366884	110.719175809094
115.275305950619	115.228339458476
95.7930278333997	95.4651001433121
104.948588614908	103.666655659291
99.3004380673906	105.594140370892
116.808100738664	115.5301893854
110.119535245346	108.705219105937
111.791141736012	113.318591382596
117.519517117063	117.085352720528
105.299668784995	104.122748215158
109.656063729533	108.729621888815
121.599540849163	120.481407264839
107.546245462923	110.732068852722
109.672635129393	109.062399010516
89.8545787924359	88.4670060519026
126.82051986851	125.677331761476
107.47356150727	106.106128205826
110.615234369865	112.975082728804
111.51933149859	120.406385726797
108.450627235276	107.462954894833
113.405942177931	112.574308651176
114.823734409703	114.453543081632
111.47041994357	110.211251151631
99.9766517722409	106.488946555689
97.6296382779487	97.1649492453222
117.016198113482	116.851529172943
94.7564737508134	100.535556718601
114.719466300663	114.801240193985
107.108981767768	106.078467307966
128.686934709908	127.654343277749
108.924753663919	108.174612099216
122.489410206473	121.805368757337
107.683096597921	106.176427330094
103.354536793998	101.967365938495
100.22215182933	99.6350725966002
103.397452906076	102.279826881559
112.379332093103	111.328158102222
99.9749246459387	98.7951000367813
105.764671334629	105.557839711409
125.681200705825	124.57372849043
110.433487472877	109.674242241614
116.421360261548	115.556782327516
108.113063690996	107.000684925842
115.325485328988	113.8351864837
88.9014194553215	92.5178990138162
112.722165104998	111.307070823022
114.720352029173	113.487813912427
123.676795157199	122.395836107769
122.307570701503	121.262392090783
116.703189925236	116.455144091332
112.420710725478	115.293828854091
112.745887932637	111.444572655155
109.767156030782	108.705088543301
100.839941702664	99.3976558969469
109.297071598649	109.099580780913
105.983130921632	104.844569077729
112.314459486851	112.36052192201
109.785460337179	109.405424465434
106.418526670702	106.339904446453
128.871470034941	128.275098557985
97.525669112909	97.2097099292333
110.540298863952	115.812372261575
103.249444933937	102.229584956634
119.928499063468	119.480658023137
98.3910500795769	98.8725146661771
109.55641451976	108.843638136465
112.726864041252	112.057105041756
100.489414963609	99.0492513479184
124.86338288268	123.761992060769
100.886414393509	100.896413408475
107.209492096876	106.526381541017
113.250927461214	111.870488140775
103.804785005764	102.64518665758
100.499628033984	115.047703063417
97.9630062594302	109.337019336778
103.671118831141	102.457569018223
127.478141143059	126.559517391169
121.72713459087	120.710204100113
114.501981460343	114.516244257465
105.713304015052	104.972038450119
120.051295135832	118.911807554982
126.762429934405	126.384914695686
116.081719343926	115.793355288358
103.254763778312	112.021245662422
102.154516622807	101.125594932915
118.010946222391	118.27430008592
115.692203172964	115.099277655242
91.4253182105768	98.1648807249858
113.049025510522	113.112198084008
94.982697850001	102.383699078924
104.896986786232	115.43913058266
92.9429418460954	93.0114984167379
103.119527404722	102.874535595338
112.428401876688	111.295010064204
124.884840130405	124.131436000335
98.8010047427537	103.046421662634
92.8761797558376	92.2363910124542
119.158542284746	120.184949376493
112.399675488289	111.113177158523
93.6278698854096	99.0774572793078
101.07293082743	99.983273993375
109.280011178422	108.797865028309
119.560067878475	118.392632154184
115.90488163106	114.733315666984
101.26931570538	100.776270475978
117.891460210918	116.564436701319
106.853302396608	106.463697444474
117.052142820827	115.775363876821
104.38176342939	103.652661770062
106.017779084473	105.479916984502
113.427442712069	114.073787504123
106.804249436954	112.917949949835
109.684167891206	108.280196384158
110.586090823309	109.487668500547
129.258507352889	131.401044020149
87.4584344462027	86.4629915351
112.26513998784	115.981146782674
111.052227783427	110.29094932248
104.337110240523	106.195198242951
120.894022128187	119.73515749664
119.009728914497	118.201570325408
105.982089084583	116.287257793451
106.843817470739	105.507694819518
98.5303787803325	99.990845396945
95.935843958401	95.045409452853
107.58979362566	106.313980553817
120.667413657683	121.997284409332
102.820483297854	101.361826696651
102.987212622126	103.039202904054
99.3499428987832	97.734154260252
111.567010517752	110.431179526877
103.536465123758	108.968388538679
96.4817814285686	95.1513513090218
101.943308624843	108.521476561693
117.181610409799	116.372797468457
103.780504207932	102.501715134676
109.254177225987	107.951571813054
113.239041457162	112.063906234432
113.681356936172	115.437710442864
115.994114637451	114.915794271127
119.936616602634	124.107850058716
106.441579251643	109.391246583143
103.107239866662	106.507863036624
89.7862522171976	89.4240829763263
121.370839108528	120.224682039661
107.750576861299	109.661077576739
96.7561886941924	95.5821207900309
101.069180673241	108.509776151438
108.713734060212	109.507087288036
108.37135997149	107.624131589062
96.0643584288022	95.9333183811962
98.3620925610974	96.9057906190109
92.3260966548201	90.9562597522751
102.437038623565	102.029643653871
113.211743526039	113.041246648802
117.164563989961	117.175862253055
92.7096670272684	91.3276911157481
108.007833954935	107.770663637919
110.154003890285	109.125086236348
122.817518384231	124.058060947143
116.803185394156	115.572471610117
97.7537986172788	97.9627007112054
125.293566799556	124.162377390724
123.681499590489	123.738060541504
119.412875462562	124.21735950172
111.626340180544	111.599121228516
124.818081641893	123.69663219638
110.462480499445	113.342579488009
103.370250831663	104.028782063027
91.8450403607186	91.0091574447263
116.00886800269	115.779523131198
118.680501441471	118.51241324185
107.68509334272	106.667634507998
108.869571202138	108.325364234337
112.185666554357	111.849289951962
93.942725795115	95.2865454529416
127.006626566776	127.437014723707
118.183219552062	117.943355947886
100.705560841597	100.388850301416
109.470741947351	108.122652861899
97.7131005685723	97.6408989652702
110.857979809881	109.678753821258
109.593337054282	108.412349435659
93.8120808168603	94.1164853155209
97.3561575739915	97.7433525324746
117.40839595293	116.391953378604
116.279858303794	115.784303989555
111.544283554686	110.319274909438
121.039188104003	120.241064002298
119.073284302313	117.619251218459
113.401868835724	113.043838768661
111.3462646601	123.017819909898
113.561651752206	114.416371619874
94.7526915815528	93.524711955389
105.06632760085	103.87845893711
115.16988214958	116.400966815262
119.472087354601	127.959934978479
92.5856409149705	91.4302423056576
114.112639294838	114.033700505102
93.5130142333402	92.2562384628188
110.222622795515	109.228283211308
113.938513341533	115.240218061047
113.949628170958	112.516800020217
98.6445667148717	97.4094114560322
119.359564166097	118.624930095558
117.992195930271	117.395608314874
111.350642447452	109.86535099834
116.926355781518	115.602691997415
108.975457471219	108.706898611732
105.577480802779	104.853315267362
108.785911262131	109.043882158542
111.100789277769	112.127556933008
112.460011850033	112.342169215921
101.402065301676	107.870259489438
116.051077490083	115.329826273995
114.501338394157	114.326512791437
99.2836466276521	111.511631521708
112.238829460133	111.084552529636
102.824715783872	104.574610075722
115.994141257255	114.714734839105
110.383140074161	109.842848549222
107.699104805914	111.211960845952
98.1782249604233	96.8620002681727
106.836402991953	106.524296934732
111.377839585669	110.797934622082
112.14252492916	111.004707554846
110.966318388292	113.702744616635
96.5355501002498	103.883061064845
123.660023442254	122.544061075355
124.140657188384	123.679566456842
106.247503129746	104.901702350269
92.2998565968226	107.533248740933
80.9816824648335	80.7939850734621
106.998072239661	105.98769167478
105.694110207039	105.762978076585
103.096702156758	102.25663979414
105.377471098439	104.925814157873
129.818175261053	128.921754864787
99.023057854279	97.7120887350758
104.095101852007	102.756023407963
125.463165159918	124.995533484633
102.630919815278	102.896215537307
110.18817652782	109.39027113173
115.152769584721	127.488703006222
113.245811775387	113.453689095784
106.64908180614	105.161995180762
115.6484762222	114.63624957082
119.882271606769	119.026436077534
109.996663518088	109.614433518474
109.854206414075	111.519323584086
118.596394929451	118.408820516667
112.393365294886	112.017511518838
116.842541019901	119.652096266888
116.400874274102	115.311544126827
101.802280437054	107.210663804828
106.926337279335	106.296189393204
94.1126127584598	93.1030060218906
115.300844870091	114.596260603408
106.297910980059	110.886800658594
96.3989214115092	95.6594260093167
89.3834773994989	90.4061541906144
119.941655523832	118.829164188621
111.650336900736	115.466039257335
123.216736103131	122.744521613668
97.5416021246312	102.682490174883
103.667038413671	103.656828315054
91.2582565566184	90.249333535719
114.135037554615	114.194738978291
114.030280387187	113.873061722806
111.134489973177	120.641079519822
120.974721203716	120.403346243035
108.928279940585	108.19358280594
118.181759821096	117.163310979269
116.015225957836	115.95621282713
98.3705963248245	97.460673972697
81.4100021159036	80.3584688280991
102.62900030007	114.420213116183
72.3095371952988	76.1260640384561
114.004840589919	115.121261491041
125.919983058604	125.827224582588
101.570249643695	100.784001348049
104.516738050002	106.339048942271
104.232895204757	102.972998675857
121.628067169497	120.525601601285
109.239914793193	108.935309315703
106.288844803498	105.140994656022
103.68235537522	102.498554167326
99.0803175935337	104.82584534019
103.161975417712	103.050895459972
111.125087284491	109.950542957482
126.919755161562	125.776720554749
107.441955393763	108.816497633858
111.26805891664	114.898653881106
118.456565299252	117.196945567078
110.364331864671	110.440411850288
126.482468304642	125.951233347385
117.69534965099	116.369853378591
126.796882843969	125.554925093755
104.659178386261	106.487868373255
105.523300338991	104.618459361253
100.77528962385	99.3059203985765
108.743386033229	107.71316044997
117.199591320265	116.004098421674
126.734242477577	126.448533469227
102.547170861234	101.3340647372
112.376833070372	114.112240975139
130.564666235025	129.972448663165
111.814524129673	111.384971175018
105.097652107451	103.957482069022
106.954116998331	106.060117301534
116.33866505264	116.292920788746
102.576634312255	109.352745073254
123.101164768119	121.97394465214
116.626940771489	115.481025265539
120.845451238495	120.085844517394
97.9656704350226	96.9791514718863
108.441764074697	107.127993520558
113.778895686494	113.008021740862
105.444492145094	104.611979597381
98.1645195709056	109.685941135631
98.4062922542516	97.1769509877721
102.795371149581	101.914617880874
95.715888305421	94.4808573950007
119.267944207761	119.053787992769
89.4672422120895	88.6367285851683
124.180939706568	123.471571619377
100.420209509185	99.1778000391011
116.274009998512	115.371844041765
106.939114730926	112.91930341465
116.396687035385	115.428769553657
109.345330026774	109.260042578837
94.0279538895558	93.7779266316423
99.8111028568221	102.256125031572
104.663496314298	103.421698237749
101.386029296219	99.9205089026484
117.451176292826	123.04766987347
107.454927795174	106.646195719419
122.1702560072	121.222917770463
110.816937703654	115.45094052963
97.315343702935	96.9586494273797
101.692598323579	101.538787824153
117.757992094747	116.67838852872
113.696436823135	113.221633423227
110.955419452933	110.642619100753
112.564412201757	114.416976638355
102.117102686913	102.456810397792
97.0503148039072	105.875394439106
111.25091273704	111.301943422308
104.708609342997	104.568935697841
100.579479733522	99.2765052913646
105.807924561503	121.794330757134
96.5528418742549	105.395604287923
109.214871102252	108.470912411626
109.081274075113	107.568770004314
102.987137130157	102.047931838078
118.69078663901	118.596965246448
100.973059590229	105.91587878964
84.3458252302984	87.6923884625148
117.285308834968	119.851461498079
131.337804777421	130.33583744304
113.127804011496	112.155507280443
98.2223201896328	101.024526905684
103.467369078126	108.790257506381
112.999585958608	112.562666762303
98.3007400388778	101.350338798708
112.395650816476	111.201594747706
89.0537481070478	94.7513111927877
125.073101012849	131.53109019146
108.956061982151	107.354030244597
110.433126359094	110.337061509312
106.336581543246	104.997066218897
101.110484310702	100.563093699341
109.466425406609	108.760633371436
110.785004474388	116.569971326713
131.628718068611	130.874608230746
115.209339561031	114.691568353242
117.899034300435	122.466181341819
116.720851514133	119.368510690835
119.706086111674	118.706230327235
115.394320198187	114.26491255664
111.693136212506	113.042451471102
109.925611386872	108.696705584828
103.607131979631	102.173495314899
94.7912906562647	93.5653219180374
106.428635331652	105.074861796163
115.566483656758	114.440160069771
119.466606492703	121.559480471087
113.636286315215	112.786335553258
111.492438316245	111.124754320065
103.692409669663	103.224592550085
108.944704491661	107.719358674022
119.645185671268	118.525036896353
107.03251545866	105.821970517576
112.082341721674	110.923234319447
111.546979557383	110.720440000688
107.425233542694	107.188225209248
108.476182226096	108.160058173613
111.485286729449	111.478390932681
125.919051884987	124.591759469367
114.456805091836	113.172467102338
117.364043013437	117.11685331516
92.2162029016155	94.1654339911136
103.167391896309	102.247804026694
115.626419462494	114.411741349623
103.926770606111	103.509878632845
110.509035773853	109.414025361014
116.132191462012	118.528098721286
112.442790626023	111.551314500446
106.276474221298	105.096940055587
105.175929835601	104.87191094456
119.227804521083	118.274269815058
106.969230868365	105.585289929049
108.226465252121	107.192632422827
119.573295580497	118.984415877215
90.8201655347942	89.1454428822711
113.43342913034	112.356710510267
125.07468294028	124.066732534299
114.222823325934	112.987619863305
114.136634059572	113.039747133658
103.132269963026	102.477934080717
103.083604733522	101.986676686971
117.978832434504	116.83667304894
116.997547983616	116.345482541963
105.988081229708	106.23598395096
117.606246813229	119.629124237488
105.599863706543	104.725899243655
114.067233275448	113.728534644634
91.4326059914191	98.4665810425528
103.477022696099	102.116389873905
119.54524471939	118.801809918944
99.2558729280164	102.731119785222
111.393335768275	110.558849922765
115.91102639421	116.012848785554
113.265897842119	118.199718925181
114.212751998972	113.143102446013
100.815093241819	100.021012704712
108.575586126549	115.457319543914
110.12870636245	108.820585451029
112.495480088598	122.536149960545
103.636513106055	102.234707768242
117.589157186516	116.980311104207
99.8208182680785	99.5863425485378
116.798482889925	123.423037232619
96.9913854952736	96.1599547346221
116.561782147824	115.327941328693
109.119122513927	108.839647560319
120.065374010575	122.994851053818
117.250800781552	116.353988438084
116.106721742939	114.854239403921
92.6209725291827	102.269040145489
110.207781485045	108.99918410776
117.85477866774	116.995757533672
121.125119811644	120.311784126531
98.9948441222178	100.498607235177
109.686469994982	108.830469830644
106.806769701594	105.253695494645
126.353863077496	125.810827506699
97.6770491166288	96.9117672794923
81.3901301473771	79.976472033325
98.6346584664953	105.537454917913
110.12814464776	108.94827253259
99.4309555000229	98.7256414897169
109.925317837768	112.901846281545
115.605050917793	114.887415867518
126.123282105051	126.058025644956
103.525190473115	103.269863130995
110.590970809617	109.349841840384
110.853441435568	113.872660429877
109.511057804119	108.10070857452
90.3498829165696	96.4490765950088
114.222069383225	113.049995899734
101.022690438027	112.529913231211
115.820932356491	115.100183184385
108.854271738622	107.624147152182
116.452993936594	116.271888347751
121.813768367451	120.679424834521
86.7222843220836	95.1872572782801
123.606557933562	123.16957315974
106.405303226812	105.808715254331
106.071611870604	109.60615166383
108.719545871758	114.095529667485
116.445457522923	123.131278907469
105.415730571409	104.721669110958
107.827400159032	107.103960225196
102.330334523498	101.383316590207
99.9997112949167	98.7342399217167
112.908361775072	112.062596389922
117.200417326354	116.616995376206
96.4073866746204	96.1612186690726
118.313275237629	117.46940914496
90.8321652192724	90.6253021244539
113.267158190746	117.154314397279
111.329466582458	115.544845639553
99.1412293091445	97.7670566807458
111.459760801029	112.971520420257
117.819618492979	117.240317507045
109.300085453212	111.524360805112
109.466980443847	108.101953933141
107.670400711918	106.835013337712
129.644413961111	129.657878116628
115.245577127627	114.982774628667
97.8014164669032	104.460460091382
125.53022597317	127.829710912772
118.417033699106	119.373100455175
105.792938941511	104.478157677418
106.218928341656	111.091542365716
121.21986225858	120.482495872001
113.83241736357	116.871864730469
94.5310237684722	97.3685454785625
115.231679606533	114.764928973421
118.767599660747	120.110444359254
109.560201266403	109.319320638867
106.127622533191	105.092247381075
89.8234345356111	88.8260356501249
129.272650362149	128.453501622137
95.0512048470283	94.1414715124682
101.959982941629	100.752752573249
110.763023494447	110.497309406196
71.9397052240972	73.1819338773886
90.0949749602262	90.637997467348
113.702985016582	116.472575026501
112.179819345865	111.451042773873
133.48403696023	132.422569783692
118.941722791566	117.940033244623
116.844755580056	115.856704843349
104.244789821533	105.91942718392
99.850995369978	99.8529156742382
99.1583235859634	99.8066280426456
118.603630945357	117.43624863074
99.7468471885828	99.3700454512493
112.066030109669	111.743593100835
98.9655610655595	99.0627733756476
116.952346272849	122.571263233786
128.258535015596	127.813072003185
125.055165004809	124.441941238678
100.65988539696	107.425236932053
118.074821438237	117.239913593217
108.957090249882	108.384356534146
98.2285814571519	106.699527776473
98.5203655854335	99.1143451426807
108.591283576	107.760532696971
106.314634885276	106.147867081194
104.147930221977	103.569237918799
108.171997434286	108.011084815993
110.698355675905	109.690918453662
105.612016014357	104.70416069343
102.425120874249	101.021217159486
104.755832574481	103.403139206438
117.284853674221	117.049417624011
123.253141855965	122.214595234869
118.085796857838	117.86339489906
124.992508259532	123.965180459452
108.116620307039	107.400760051655
110.649467353788	109.359243615386
120.227363342992	119.737188701317
120.826732630166	120.589457275602
110.459945634929	110.766631523533
113.087215883489	111.98592842401
93.1577073463793	97.7621387935827
117.868284840261	116.991447200442
109.874440106811	113.613193059376
103.222637613666	101.961075725352
101.029961492721	110.611033311894
115.029563910475	115.147860452671
113.122619891042	112.498821712487
117.955955594676	117.719136246099
99.3675918935706	99.2255331370721
79.662782873036	79.6333526655259
89.7133851322926	100.05768352089
78.5625032651928	85.8070946884721
101.770203016231	111.198838684468
115.540524182109	114.675623508866
106.107160624775	104.884190873987
127.966433657357	126.863556029302
116.581544778136	115.559796188289
111.016700432704	110.303713751958
99.6194038756228	98.921044887148
119.050731665112	127.909694132638
108.64918721829	107.245297752364
116.803920563948	116.884196214374
108.41255551205	114.247436232807
102.460837985125	101.900180543431
119.606788901774	119.630514499293
118.863617596134	118.21538465224
118.559431241332	117.462094333979
99.8626924552887	99.4455241225876
107.434179883023	106.255430225181
94.8308311779116	93.7758425302243
115.300457074645	114.20308092783
104.124650434015	103.890033136033
90.2263897672368	89.0294075901524
118.521524224097	118.00878205441
102.485182397386	104.026037935134
104.405402957461	103.011494455373
115.048243331444	119.792453260367
105.979580717487	104.735988233271
112.343151439477	111.707483345858
115.503724070361	119.367875491802
112.072652190861	115.411669069218
95.2471255621871	110.836324483355
113.511246995649	112.669799754522
