FMP	FPP
75.1505986823345	75.1496862074357
98.0302330395682	97.9305371243816
113.821256335463	113.787530782753
99.7119332762018	99.535118504614
106.657190915284	106.690056336567
104.00292370409	104.02909315792
93.8355451222877	93.8171348992885
90.0221224112656	89.929979599505
109.291570988484	109.554249423213
103.347792207281	103.328716117434
100.420576791017	100.372815566168
118.48035031839	118.482712124583
112.305429262422	112.404996167506
101.091136595312	101.139763261707
115.931133865662	115.786737295405
92.9486523897474	93.0005705231014
99.8908910637811	99.8345076774094
93.7468780092736	93.6477842571443
95.3458134612913	95.3103901683136
102.490603352944	102.504145289159
95.0730414329798	95.0801116692297
118.606272174639	118.571665537505
110.674270756125	110.712491760074
115.309738829089	115.292042287833
117.175921056792	117.258248104946
111.951875086014	112.041005190316
107.368902059882	107.373749139901
106.162510962845	106.078879924808
86.98127998136	87.0497857568132
106.072339615431	106.134117609359
118.830617429203	118.984150868131
99.8679625400374	99.915909400004
100.309900981809	100.528409952314
107.1406202773	107.132788992359
111.220345590289	111.198843322898
94.895434300085	94.8184629952026
120.55517789193	120.542845202398
116.833721777738	116.871955267273
103.042462413695	103.119190873401
88.0754350797599	88.1958556754848
103.862322632536	103.783401137691
109.951668250001	109.969438738987
103.471091148167	103.388322165083
112.273950170072	112.41092834311
107.020515823432	106.904707920464
98.863657108193	99.0859413721064
90.5929478876451	90.7390250931773
99.9726446904029	100.068098589638
89.403427240316	89.3674544587428
101.898729364842	101.699035943457
117.183911519023	117.151518463194
112.095870857368	112.122749866026
100.6542146897	100.538254319259
103.697408310178	103.593429833857
107.63666565256	107.580114020321
98.0462282363621	97.9786025000829
93.9560174672263	94.0511861349712
96.0820253606945	96.044384117573
105.970848528704	105.955923130897
116.053189575704	115.955865460969
96.4425186012635	96.361795306351
101.475955658548	101.481494969168
90.6992207656793	90.7366362002552
114.323686654675	114.36052999164
113.78543833651	113.827340493933
111.930190970055	111.951606425012
97.6222159096783	97.6011918864578
119.849133671519	119.83932217511
113.343435453123	113.441753570168
97.2305821705961	97.2369081434887
101.553296954359	101.519499039507
124.301079529189	124.410310772697
104.45317650484	104.479910551475
104.644118255529	104.68580886485
83.283936920582	83.3166153700003
107.004942755359	106.891650210179
104.073836144131	104.176190717928
99.6582351628641	99.7256526713826
91.0455874741938	90.9972925567406
105.683475084289	105.61131983611
108.547667607142	108.520517645298
103.36914198893	103.288661081211
104.96798987171	104.924453462272
102.346757456572	102.33888543645
101.88136098763	101.846703649284
90.7503001132526	90.6750215193188
103.638108111815	103.633974560827
111.02667579451	111.055539358459
113.737666008891	113.796101148127
96.8023493672957	96.8332582676018
112.269933007438	112.359429478146
111.170015305829	111.035037300861
91.6532548626409	91.7074337637117
113.924201179634	113.979359721085
109.598674884846	109.714191759615
98.8016663572503	98.7220662675559
105.191308165927	105.138228042878
89.9679300772941	89.9490127462278
101.062764850391	101.164359368336
114.563880274475	114.515984125755
77.4466452197102	77.563324064093
102.209145335097	102.278540947037
103.774142863431	103.862375726455
101.023081122814	100.959193854362
115.877414267602	115.728270094102
92.1411225511974	92.104139481155
91.7635586486575	91.9152858071751
92.1361386880083	92.1329276969772
104.605236689394	104.653754307417
111.399296792414	111.432648514126
103.015212240806	103.103459900597
97.4708169310716	97.4153369324037
101.838301499691	101.86325634031
106.964991358493	106.996521201345
95.9689665422177	95.947955690793
101.560003951443	101.597969940739
108.961151949666	108.940567398633
100.850399771272	100.740403668255
83.9489309484694	83.9851295192624
115.407440900344	115.253865250074
102.119604541757	102.042313077588
94.6060156266868	94.5882347911172
119.996282416172	120.051763356379
97.8720739915043	97.7530965404158
102.676657942423	102.805648433417
93.2514673244698	93.1082285187691
102.783525700487	102.762495995684
101.373216836366	101.304226321603
88.7596285452079	88.5550026100946
105.264697091125	105.228710096001
104.697141937315	104.723741913713
111.586179157071	111.673747699739
107.160480615382	107.197210496834
116.965293419538	116.893821429135
111.958962392618	111.995353399232
108.570818201083	108.614043236392
98.3762702181082	98.3557622678042
99.7062540088138	99.5563928189199
113.952456208387	113.831745889139
98.5507950278609	98.4228856903705
104.458911821825	104.560893823123
98.8919318180325	98.8164513291251
104.577512114791	104.597656423733
112.843372198432	112.738525243699
98.6780642224691	98.5040125812352
112.833025643207	112.826356243873
102.442379142966	102.356068545119
108.111169046252	108.101309457294
110.935646367776	111.036987570703
106.482024908218	106.411273033204
110.14912190685	110.212783868588
97.4641285160023	97.3626091089093
115.804310871983	115.783524271053
101.589995616824	101.504578637796
105.939438615046	105.934671839829
100.274345458969	100.247980537202
113.464738288985	113.507156093346
108.188938560678	108.217384256529
98.7462588401462	98.8037640684554
95.2131102232116	95.2718002508452
106.533363001104	106.498620794403
101.828415326273	101.664857519224
95.6555550619396	95.7174938875829
115.443302551637	115.399482575914
110.027407864973	110.136281208635
97.0228579686953	97.199456907536
111.136062526984	111.174394548409
106.612122942981	106.668180318454
83.5709002058034	83.6424401784248
97.4278585866126	97.3949954860085
111.585136463363	111.645474512793
106.107256785947	105.995283715514
113.361806472695	113.345844581329
113.198774261305	113.01666470666
100.15533334412	100.163226144745
117.040194269722	117.123401266307
112.093061781797	112.094130294025
105.360000721019	105.363552135496
104.409098484334	104.468526530215
106.558269749516	106.537336372953
116.804919808277	116.797944237118
95.1051023372195	95.0499881833138
109.006650275628	109.00704712771
101.723478412973	101.768348676279
103.22920449589	103.154113549583
115.385395992545	115.307755642427
109.110568656106	109.216328876845
112.972492961945	112.969702122584
97.2485208252551	97.3004976096004
109.820740209515	109.861259156698
92.2241475753036	92.208425526975
102.582519940988	102.641071768688
117.067085323578	116.999503995354
108.850760526107	108.79822647516
99.46973110222	99.4081528334242
97.0686624811877	97.0133775121407
122.397145292634	122.377505062308
120.506900226333	120.580821689781
112.01457030436	112.042946954526
108.523660144985	108.541288100148
80.3218320192032	80.2127636113915
102.188196625121	102.268814018599
101.674226310548	101.735830031559
116.437990966213	116.499062524906
123.32816233165	123.277146449866
95.4938533855239	95.6062426947378
107.727963696688	107.745564684075
103.549174408526	103.545107940602
108.41674421563	108.389482352902
107.84077520273	107.742975256443
109.378456838068	109.310441141762
97.5130136217393	97.5432699213196
82.2401525089789	82.3834500623187
80.3671141645121	80.1859138248857
117.446789142136	117.557737234336
117.761441413537	117.859361652071
97.9506282134427	98.0292884613855
110.774132385587	110.822135891285
109.846820789426	109.806939281552
111.640607791931	111.629094209144
106.530835613091	106.497723825089
97.2456410949672	97.192618521139
103.06751226024	103.053280594449
84.3331142531262	84.3089879438834
98.2919670256452	98.3307869853832
112.188079163712	112.060439529422
97.9006601116106	97.937823707429
105.667157186941	105.657396910524
110.185722621554	110.132891723955
116.120551526342	116.043118427934
102.176707334936	102.084792526834
107.741219301308	107.778699861714
96.7191822511076	96.7674510449477
108.405418449335	108.283170762184
107.185019026688	107.0483977135
114.500136975858	114.548702269768
111.86312550078	111.761253577921
108.512726919476	108.627219052197
125.669243272035	125.582042214059
108.205061572501	108.271648054465
104.004318356661	103.985191361626
96.6459422295752	96.5018899612506
104.666170883516	104.811787821141
110.667759061986	110.677113282089
104.579172368718	104.6362386367
119.360724376126	119.410707842017
108.338889680213	108.406131369557
98.9420778047016	99.0560124431571
116.791418279093	116.701366155828
103.086751748905	103.215243180349
104.713325202156	104.693999615667
114.313916374831	114.360910212603
114.745130783975	114.770156664397
100.188310553806	100.21498136547
104.907970253678	104.809234641157
112.717061794482	112.716805811446
95.3227191980508	95.2101881774938
114.641319364441	114.663559224311
106.578759344732	106.577112718818
113.566099894978	113.6100657464
97.3741955060276	97.2463226357325
99.6211293617595	99.7129855319918
106.364960229154	106.368292105469
114.354632386455	114.431131388409
106.388932849645	106.469956065314
112.406292503872	112.487975119364
96.6054183098542	96.6564711126378
103.484430295084	103.465638953895
107.015045862721	107.001877678975
103.495255577721	103.517256849878
111.348900521574	111.45510958188
116.63594558739	116.775737247931
106.313124060184	106.310532232218
112.960874609889	112.944822725328
91.6775872710278	91.7193325996721
113.092475019398	113.106098900208
117.209115419172	117.224815081289
111.632262693537	111.615483917872
110.386894329531	110.527005531239
118.82613212884	118.902055181209
101.647094844145	101.552463728296
91.849599193167	91.6814786373011
117.490373024753	117.633774612317
113.416037632946	113.423404730937
99.0041863464569	98.9843681048026
100.015029289949	100.004627433293
108.683130297949	108.610017162564
128.940722031941	128.912944164252
103.864399290661	103.866124217485
104.739787707719	104.781780752789
102.74502479518	102.774622038619
98.2571624985155	98.4902436952407
103.627566322785	103.64163506527
105.500089028165	105.6184897159
108.632851771854	108.614714479963
96.3295357782215	96.3337327869482
101.90889509628	101.913799180623
93.3874601740659	93.4073556188705
106.29383116215	106.195032859864
101.75687543077	101.750697120446
105.988014320674	105.93829333376
97.803021349519	97.7006577277017
110.236599654309	110.140672011012
86.4153040843563	86.588673823095
100.770549341334	100.745438222535
94.9858015866993	95.0384384846221
103.402429669245	103.483791051382
109.235227589429	109.253092690221
100.858263213479	100.787369333303
101.922957441841	101.876191727158
97.6447122223123	97.7160643890056
98.093911889183	98.1480881149183
123.447718061758	123.523953706795
115.200792341944	115.203202758502
102.718588772394	102.759327497599
112.943237588151	112.913006817356
85.918272479058	85.8835176301373
88.719209459267	88.5805054195452
99.0933256613306	99.083368750297
102.174398465574	102.129871993463
103.135254454684	103.127140966744
112.903440835903	112.70678102324
104.492887920124	104.55657307416
116.055470223481	115.925331423456
104.589253843048	104.538397728264
115.150885684672	115.244604386912
108.669684659697	108.750667163294
113.105633171874	113.077204019819
108.517963433651	108.49939153185
109.410204896702	109.429129032734
104.022264989869	104.056150706428
121.455627371555	121.41936263588
96.6094836433722	96.5997920456891
91.2007764850897	91.2249627096886
114.060926307819	113.953001644047
97.8061122951727	97.7945850046568
111.204346576682	111.17229584048
106.933532804555	107.011723912643
92.4550930575628	92.5371417161108
96.7509417316471	96.7628165798166
110.399424373565	110.343670919184
113.096885735236	113.119071225441
104.042736903614	104.079204414779
101.57497553416	101.727183254562
104.138344041675	104.094567614045
101.561345925166	101.574030462709
98.1474080178539	98.2019168368555
108.148549570952	108.114972467787
102.266934756886	102.186585243566
118.627597424007	118.656653905256
121.647744486454	121.623301559665
99.4735405614149	99.5085327283696
106.442116083466	106.444807263683
107.034089072449	107.03675675606
96.4624577107218	96.4342831036381
107.514927148019	107.617343057664
113.050766098912	112.91906533048
94.4777976601251	94.5004996908663
113.573902675612	113.597661842491
104.179605810486	104.19390511161
110.047174412103	109.984484872467
100.875789675497	100.836610336468
104.238785607436	104.330144964994
91.4648938660119	91.4473168215023
114.745417689566	114.776992362454
101.650775697641	101.596689467746
108.082985469921	108.015439791175
110.741026341771	110.872016359762
93.4485641456739	93.5435704185591
110.807793284177	110.98359428643
93.3537533722847	93.1943386076331
86.5644891819269	86.5123512406651
95.746147964724	95.8638474860395
114.416947940352	114.356875148397
105.037663750079	105.041719017458
114.183450294086	114.116620470289
110.40031477285	110.404434727423
97.536259183513	97.5520083961263
108.429335777463	108.43577214891
90.5378357135556	90.6689622840459
98.2670284129626	98.2437632861021
106.120728560521	106.10410971826
105.15065388325	105.058560717724
92.7162083454428	92.7580854479307
100.169944606574	100.145956761433
95.2410012566934	95.3802947024553
93.7597961292449	93.8515715698113
98.0680678128986	98.067802875157
113.721947773345	113.80064034277
110.878829923682	110.842276235481
117.462900130695	117.338204681652
84.4632962616536	84.2346535245716
97.7670672616605	97.7455196348504
79.9845361739456	80.0468511681903
95.1421235754968	94.9846010941714
97.1389023278613	97.1005766514283
96.7579979631143	96.8028125447966
113.370000859935	113.428474166789
90.4605384300481	90.5427982015885
114.009974160631	113.899203604005
105.303666193806	105.168105115622
110.97510990608	110.961249526498
89.044297137507	88.9298814131691
111.888723011286	111.95223503792
91.0178421386407	90.9494030678976
112.693604389493	112.771909608882
114.849928161883	114.690828157874
86.5988491312976	86.5419468268755
100.772621499985	100.882817285328
83.2155413453295	83.1260641674131
121.449060417541	121.63787195317
112.896637092596	112.837826170146
117.162228253646	117.139368877875
111.323874321293	111.282839198036
113.053967314393	113.076649975779
111.62779843498	111.577732430414
109.225834132389	109.168879496919
123.455635168183	123.515574805027
104.363777341931	104.427042430608
117.766140238406	117.863676263289
120.410254460864	120.350464317749
115.765927817059	115.712239563948
98.3745272396285	98.4215358851341
97.5255789422104	97.5635562150133
106.530613892705	106.695260551077
101.489562328167	101.490817115476
109.906307966773	109.900329960408
99.0436215266304	98.980059838157
104.238566538196	104.281086617336
80.3942413616239	80.2894305502641
100.562851788717	100.519145630716
100.240071838942	100.30238575133
115.343069179151	115.394356464296
127.102351611972	127.148851311349
100.548203635503	100.534652290045
101.937313807574	101.897315341985
110.098826171438	109.985319291178
110.902395787037	110.958897155509
84.7189035253131	84.7997920049448
91.9087622940903	91.8958145384657
106.749410093894	106.741644589037
105.989241547709	105.947125162477
107.533182592305	107.41465449191
96.0235709362516	95.9341630426639
96.4287822580166	96.28298061548
91.5863482185653	91.6977674472189
105.358490144428	105.337245484506
119.025328652629	119.001314604431
104.852801984622	104.849739822773
102.738506282456	102.508993038474
95.655749544596	95.7287238325808
97.0056796962217	97.0166667062458
121.20959512835	121.200875693352
89.245969707574	89.2800735172488
113.433232628076	113.479401662388
104.148800699399	104.216319581008
108.30592597192	108.286420054914
90.1612390868951	90.293342778319
112.055948629671	112.19109043997
97.667803684463	97.6538804937533
119.18373104466	119.225602079846
103.632359828193	103.681883860001
101.27734287045	101.378840741619
94.4610183552862	94.4683673025156
103.920357032172	103.864740119218
111.836240048906	111.79732745165
97.2475905919242	97.1910446111369
94.7264901243328	94.7347858494277
99.416357440059	99.4628973531852
103.705521806337	103.784556796125
95.8862906449463	95.7711836853286
96.5968599200753	96.5212185152554
78.7519167989129	78.7016545147198
108.243280016247	108.201957888493
109.070073797834	109.082859125439
86.5635544138985	86.4693648541323
110.186238048711	110.141785292797
115.597446350558	115.60003489166
102.71452862343	102.58921015821
95.2233985596573	95.1097208790819
105.006180490099	104.87939611208
93.3901465959274	93.4350262486091
106.894980582948	106.88994484209
100.767890957131	100.871582471258
116.479815434877	116.464811844741
110.983844784772	110.942783708701
111.227967961018	111.265764461207
119.135820871461	119.191509217751
113.912262473376	113.938249971291
105.615501534469	105.657896739117
109.227895128041	109.213980697146
101.092089430799	101.151530939714
101.430869433919	101.523766955977
89.6705986502195	89.6589422137702
119.182381515673	119.13681310475
114.225184888243	114.209129855775
111.828227174334	111.819710314289
120.486828265298	120.509717722213
110.845799139198	110.905329363071
120.448921056316	120.449608743273
110.118869408913	110.169405261973
96.030211780223	96.1242144420419
118.002169307927	118.103430169557
123.445897484488	123.42298476989
104.273271526673	104.155462021132
103.978502069917	103.993955683758
108.973512358615	108.877736815206
98.7933587467978	98.8126900007299
107.282056323036	107.272165547615
97.5306524717526	97.4233589457079
103.86042611051	103.869673872745
111.224869909227	111.010680803755
120.484127860619	120.491903076371
105.523203126122	105.503025867754
94.8390775238197	94.833405683937
120.501077122025	120.450402397331
93.0345097399819	92.940576720102
102.342665044572	102.329236157236
104.007257621059	103.858142840332
113.29603240302	113.260960678807
98.0591572430565	98.1394545147237
110.469232416907	110.38908791488
111.834197834269	111.779925090428
94.5380212065417	94.4223211058456
109.432283677008	109.502883728405
103.348100003129	103.384653255785
97.7779521388414	97.6623347012401
102.368655882587	102.440709576278
90.3967240283627	90.4392808109933
121.282573557113	121.229508367349
114.108849897549	114.086878962581
91.6827355170194	91.6468745106736
76.2399770601771	76.1232652772167
117.943409487903	118.001206059285
117.597002396983	117.515563901645
110.624554984453	110.783110375436
110.408971423181	110.482958422763
112.461283464827	112.394054367628
83.2894377478754	83.1644433040094
92.6534053452412	92.6468938646035
96.2360120661017	96.0902303659606
98.5731557361968	98.6116216487731
106.522179168721	106.405881953279
106.89102882606	106.734124970023
86.9253915268377	86.876652945633
98.4113161071138	98.4291170229054
107.292528506046	107.277324923304
108.779711624774	108.795275717751
92.8775149156325	92.9613364561108
117.735855277063	117.794057714193
115.168661647631	115.119590832386
102.120212010347	102.121197592308
102.210565668961	102.36666657226
113.18257772909	113.194707568998
103.723662413333	103.699321862294
109.782761347059	109.691249243158
105.092447764456	105.144336970955
105.501555809337	105.462579424987
104.966872942793	104.907155816555
89.540831550474	89.6520009164281
104.173565170072	104.161611643441
114.763746951379	114.783480722006
106.623804198978	106.603447485998
107.572687194022	107.582529737337
106.970771783435	107.019458231145
98.7839134640669	98.7533602198067
100.074073686644	100.021112708017
118.660476516886	118.699700582195
103.383705851179	103.276665154958
96.0450671927694	96.0049738703468
104.364551833225	104.475702049773
99.237021619781	99.1459712283936
90.7223057458618	90.6652853550325
102.781721954119	102.654139723225
105.128581995417	105.222615068343
116.445943319764	116.488965584149
107.690452169857	107.653406779695
106.068096499411	105.962453307921
108.790368719647	108.818703235755
93.1374502574918	93.1171510898056
100.938992097087	101.045688064089
100.51197890468	100.573936206527
105.429967153107	105.410507466521
99.788828719102	99.9415951527989
115.720883114275	115.739358409023
98.6119514320286	98.5764969624446
110.606130032884	110.575721764988
107.709862135944	107.585780122714
103.921681947819	103.897032403246
93.3548772702128	93.3123638510644
113.692843118463	113.777800948462
106.952351480865	107.011702555499
97.8808996327694	98.0158161776451
79.0311920328937	79.074935426558
100.601639093855	100.572810983928
93.6413268377774	93.719265346567
98.435201191735	98.3796310834203
107.35201780868	107.389696047094
128.887735183559	128.822728352259
104.719412014432	104.742735118407
107.139407673516	107.077982900508
101.424308059362	101.465682127917
111.388452761863	111.382127794551
105.67715439411	105.685316090645
103.45161276139	103.573815342052
97.3445160144127	97.2256693257903
98.4983542374045	98.4479649675125
94.5641228690447	94.5910857548003
107.160369944574	107.093202894861
97.4104894027249	97.4670167190878
95.0375710515288	95.1086173563399
106.543179820014	106.626233128021
113.120350755848	113.131477175171
102.183111077202	102.163521322714
117.049411564634	116.979801258141
84.247513999123	84.3243477238847
100.413968961646	100.374226840945
105.423435942054	105.427697905232
97.8811631539482	97.8654493377443
90.4209549683821	90.4656630574511
105.542194626269	105.604707863097
107.185179107059	107.099089464
88.2379980997306	88.2754987748926
89.9282239190964	89.8454840540731
95.5527630037928	95.5958651509888
115.259198421237	115.339444422009
103.846370740062	103.753041301695
96.0604269892308	96.1865920404088
101.895754188053	101.841167525877
91.7418900659058	91.6651714843636
123.517950000094	123.602152109571
98.706689165667	98.7218436934257
115.657643676646	115.599184669177
103.612327187385	103.501195560756
106.433502970983	106.368638255332
96.6639023178411	96.671402349397
98.5350168006875	98.4989636937609
94.7061397631427	94.7388020527372
100.76065357209	100.787254062121
118.599654802586	118.666555968297
114.679155812666	114.66342291892
95.2796018746347	95.250787419423
93.3338881936625	93.4870744494892
111.817591754491	111.647697782975
105.62691034603	105.552154730605
116.867975437914	116.964116931293
103.289693796851	103.197547532351
112.44025398205	112.391181501064
122.70133006715	122.601130784839
107.928248680437	107.760602318047
112.783935775086	112.755921403754
109.951785497194	109.962422051851
105.444396216924	105.519493352632
120.211488792275	120.230158394406
122.622116518131	122.718735550871
100.265606079147	100.29569817338
97.1007556174278	97.0518225971098
91.5787726711898	91.4801486689907
116.798230154536	116.683853705474
93.3277076950043	93.3573329721145
115.439437726928	115.487851069916
106.971862060488	106.889248091141
114.285658081273	114.259886675744
119.500927360897	119.397577871317
87.0923793479596	87.2475647548837
125.116877774945	125.172100924138
100.367914241207	100.492486499576
93.954547685076	93.9904456430475
96.0532121947566	96.0177361735425
109.10622905687	109.084123623644
105.454005828226	105.481557510405
95.3043312628742	95.3267786134243
99.4415832641922	99.4975328118534
114.228595026178	114.270907190141
120.589716752435	120.737778215398
100.9819941729	100.903378235505
103.745699093648	103.632230027261
107.052868528169	107.079352367938
108.766134205314	108.715344358632
90.3078222827766	90.3560411660706
101.165967192069	101.180309918345
103.631049811619	103.640780251476
95.6418313530321	95.5851993228068
117.293663553431	117.361461571168
104.739382292104	104.697881886324
107.503533423779	107.455264866443
96.0774374974215	95.9492098239602
117.699772010884	117.575555303504
126.139302956952	126.060081217926
107.641310881615	107.654069346074
92.9337326712013	92.9526414906741
91.6289386564116	91.5928761636519
92.3519295661808	92.4059663718163
122.466341538577	122.468226544647
118.05569907742	117.981540044577
102.745838683945	102.576934608862
102.189224389251	102.221285842702
107.017927978881	106.966765759653
104.574718577617	104.731950374456
103.116666599438	102.995896944604
90.4764249268053	90.502421517511
108.68388919308	108.703511495588
98.1587176122325	98.2372984323442
104.756302521911	104.686927897031
94.3153102657002	94.2265783815369
102.325970587074	102.32033778193
109.579831434987	109.464296704056
106.104109471499	106.085069517911
123.767173599896	123.770482925072
125.619682119722	125.62660095754
98.0797452720969	98.1133866135525
100.431059299331	100.329214058878
87.7821326448222	87.7250476039991
116.491908119951	116.507017787712
98.8166267798087	98.6464720217443
103.886172396896	103.856371675406
102.161965223973	102.155853187429
104.559972503279	104.563844805126
108.901072715869	108.813370012801
82.0233178838095	82.0974499964443
107.025471121574	107.019748048847
115.81613140755	115.868023625778
92.5992761425387	92.5628778259544
94.0162258099331	94.1365695679095
112.686991550655	112.775224464557
105.696460633149	105.693561250816
111.573996964174	111.511921916295
118.53747744954	118.449115900201
113.226754370127	113.118988193438
100.600471384683	100.590692691377
92.3369385323796	92.3496503406408
106.467561007935	106.509137589194
112.920527465003	112.880261448796
107.986227101655	108.035924403005
98.3371176446718	98.4532764975942
104.272950497568	104.331602151083
98.8890145003131	98.8472778646298
98.9405326768554	98.8867780156171
96.4013924064384	96.5254526403966
111.947018628065	111.901786938972
106.140919112357	106.125884162496
113.475989046503	113.503689971574
89.6182401612391	89.4574563232731
106.106182568282	106.150099666557
109.763805237682	109.707091084846
103.515443801683	103.434609720792
112.024239852955	111.970574251703
97.723337790678	97.6529094854343
115.494521508333	115.655657297958
90.2551422427119	90.2093695083876
104.234547053053	104.148636427293
86.9399032188719	86.9550098457768
98.1018738074383	98.1339162818165
102.550925001122	102.549046204081
99.8088939944092	99.9099574354231
106.518746690279	106.430626586281
112.069019073968	112.021377134975
91.4460370033273	91.4537320818285
118.38737043103	118.436755304792
124.459003458216	124.291178060507
75.4271596241346	75.438687433919
110.063821923094	109.971021892635
106.62483076874	106.619682899931
104.798017891643	104.922783399254
97.9792942838585	97.7914060493522
114.157427045166	114.022717701118
103.761245758122	103.7645353521
119.197104036471	119.174993794694
119.550765329687	119.577883436672
113.772019787861	113.879557069212
103.089454524592	103.123028864725
90.3242456625962	90.3039094529186
105.608110179732	105.558168608673
107.628422003049	107.644627088218
106.712161726191	106.717202589324
105.489054095653	105.70714065162
109.187982418593	109.12249398789
94.7148424967468	94.4779066884208
85.0746368290462	85.0482811832613
99.9863752578546	99.9386272506509
110.33141058723	110.233259490914
89.3889724609413	89.3410527190673
112.692238414497	112.827249265854
97.5164076162014	97.6406087327508
96.5539168323989	96.6028772727385
119.943156871668	119.887734372579
110.144519867543	110.028049973519
117.679814286961	117.756020599216
114.251005811454	114.266855709126
93.8308151136142	93.7547703272989
97.0740724486231	97.2480461444321
102.983824584273	103.042879084842
92.8973141922926	92.9358658023065
98.6003983056246	98.6912914777706
86.8871763953682	86.8242011214749
120.992901775974	120.932246929377
104.687015750339	104.839634109331
107.144913241309	107.223193466032
105.178423595422	105.148855440692
83.8149922327413	83.7330312126477
89.064287544922	88.9242802972665
110.617326439838	110.573741246268
99.7779927483774	99.8983151410275
105.120147710074	105.111927813818
90.8138738016777	90.8177584318996
115.499619312222	115.378080823019
117.771824842201	117.805430143167
95.9004420668594	95.8441063251893
107.054764665888	107.039665620755
106.978712627449	106.917503221482
106.550948596378	106.552535187034
104.694284058855	104.685293728043
98.7668767122047	98.7064513109266
94.0793681312705	94.1196502721961
111.665816591754	111.582642779152
108.856668547095	108.86492248838
96.7335486604631	96.7031486624435
108.185695541358	108.064444311343
113.073344915309	113.055914515377
94.186474487008	94.1273667361298
121.132841735712	121.006231662973
97.7638333265688	97.6858126163076
118.654622666102	118.705051670846
107.520011448432	107.548309986937
103.350627190817	103.259753671372
98.7145172816319	98.5918140880699
109.622732944757	109.573978652589
104.144895340886	103.997052103896
106.350606938953	106.40390320503
101.306195672029	101.25410651119
103.648932692655	103.647652602437
100.01071719323	100.097489320717
111.269816238797	111.361991661712
113.228487761594	113.397870030017
91.0864223742428	91.2154595571687
105.409950367043	105.374765477078
85.0051414765667	85.1195711919912
109.820396544882	109.690908097692
104.191109251586	104.295592940525
110.9763168308	110.991642780359
98.9080498389298	98.7971002453458
120.813451980873	120.678078522105
101.164697080591	101.20446950154
103.204537865818	103.19572093814
103.914438783957	103.957306864338
106.979200028161	107.001556494913
110.386470103499	110.485126213686
114.150061409575	114.095908323109
95.6652077390071	95.5844679440528
117.693082624363	117.577575909376
96.9605465384647	96.8865565069189
106.343241761745	106.335721646269
112.010592032207	112.054036553449
106.631973494363	106.64544946658
117.944016786431	117.98420317943
86.7747134060662	86.6885248992112
119.184298672167	119.118758467382
100.816036629675	100.837140725479
114.694576413393	114.595600376356
111.376705077607	111.35345055182
98.1234812014094	98.0160783177941
90.3282769182684	90.3710164129031
101.578809831622	101.556837866419
99.7105345398318	99.6581217735993
92.9298238340352	93.0054232552933
103.565538467459	103.573880569947
106.855657815071	106.845642870398
96.0167398937585	96.0211752502855
111.049793766613	111.02767459745
93.1451475074561	93.3237396214625
103.506663784779	103.508293339752
100.300791185487	100.352806048828
89.5118077448961	89.5639541477628
92.9759765503603	92.887909636641
100.607117997349	100.748107841528
105.782349778455	105.831555728931
108.345737049772	108.435820042578
100.573855354506	100.488348707486
103.826517743668	103.945565245474
108.241072105467	108.286293755353
102.476185059848	102.388776421472
110.324936977765	110.496466159221
94.8015378310954	94.7542118405804
107.182954178447	107.190378193438
121.32892775434	121.403558327994
94.1216828325969	94.0964060872119
115.983746266204	116.027909801783
108.267418206168	108.301660523504
110.867360439076	110.813724906733
115.438234366997	115.464224727932
102.07734465269	102.013030635519
98.3755108825	98.426207057036
106.671327126976	106.540645907185
92.1334385669627	92.0623704630691
92.4185134104627	92.4693760739395
113.919299648995	113.955413350572
98.7978079487929	98.7964356576014
105.937054789382	105.893080404982
97.4670262983021	97.3227627131687
111.87531835696	111.835261223023
90.6063233217645	90.6394968555921
111.145026974611	111.049251597041
101.9969687749	101.94847805302
100.121902139356	100.189990769016
108.022476628452	108.069237797662
101.475522077809	101.564281765358
107.586556288933	107.509699042222
99.6219199579287	99.6862748930835
96.0686484044837	96.0862813518875
94.4148474824065	94.4124388995384
90.2092675479114	90.175796419353
107.62158077207	107.650228083474
118.048029632322	118.022615911538
93.8582762049202	93.8795096054442
104.380042599621	104.338090825714
100.001239916656	100.030260257751
90.5053793733912	90.4705653784498
105.960536967727	105.900270600894
93.3531507234241	93.2717734512765
112.168518981444	112.139382651027
85.4450947224405	85.462956427245
118.729348650564	118.767261959288
104.892720126618	104.879062710829
109.80480346408	109.773183732274
114.950008633625	114.841524365262
100.278046709523	100.254275792213
108.054399735815	108.031969804735
116.854478564174	116.878130066589
115.27463876559	115.227271770972
110.814275435712	110.85114388189
105.693973550548	105.732878016886
105.251363458873	105.218264211581
107.346217798403	107.413110319971
99.3035683391108	99.3463703181136
111.553260589406	111.657610755057
110.603094784312	110.607382426056
114.055733224619	114.085614594829
105.686118041157	105.693280566118
105.63459333391	105.551356881772
94.8808169667028	94.8440873290945
99.8983164401923	99.8750848042845
107.953033121438	107.911477555735
100.784753914799	100.845577564371
84.0922288036746	83.9644123443488
101.51884448907	101.440848814962
90.1159457610104	90.1828546440582
96.726659350414	96.7695522243698
114.565181165477	114.602485289467
116.704724662458	116.590987476073
120.110664115163	119.968573217729
97.147041774073	97.0727634688557
105.3292211012	105.284866210342
102.751023368383	102.80461108596
107.27917474837	107.154503106297
107.901522595718	107.938134489175
97.7864440418533	97.7261523813061
99.8017168059021	99.8489253175381
102.609391596632	102.53685211275
110.906727669545	110.875314652513
121.204226811949	121.10123388763
98.4176583932723	98.3618844009269
104.987259969902	105.036541214839
118.584487353279	118.42835144161
105.075626071585	105.143415665075
113.660272419204	113.625527799159
105.4821810389	105.492860627821
107.049815202374	106.960046396988
112.992046682212	113.065521059833
103.733645169248	103.665466652759
108.784052773521	108.724947490614
111.829640377236	111.926162393639
104.783808132062	104.714772877036
94.8664527059467	94.7697475525281
89.5507144315179	89.5227238756873
109.308744761954	109.357063633829
99.6050688487316	99.4677917661329
98.7499120142755	98.8055400909916
115.30917612987	115.282574746474
102.874803758779	103.005044755674
104.812381465284	104.768408610554
100.470000677929	100.496700324544
116.52315697052	116.449314744893
101.971979627313	102.02391199784
107.978106086839	108.039016465526
121.057054874716	120.905979659777
111.981041948998	111.959938334066
89.8190624421253	89.8484257849528
109.319798691815	109.166777621143
108.159281192892	108.093628104616
104.058389586677	104.129750670998
88.3246196055726	88.3308678327646
115.381428230354	115.323658964708
103.640735623413	103.729487173951
98.8944870989109	98.9798639111555
114.988782109573	114.947212124464
98.0087825787903	97.9202677315817
95.0739767653846	95.2834359302216
107.55553225678	107.46683301125
107.726250666617	107.610292618084
120.043438998564	119.974863357848
