FMP	FPP
114.255527147366	120.479823442433
114.876109596747	125.014943892751
116.626375285694	116.021945441033
107.372204269083	106.516192329954
118.247720303159	117.746405983461
103.029790187549	102.603807719191
114.465348148469	113.63060562269
103.337752550156	102.580207800259
98.295913891411	97.9237188505708
104.613382128968	109.997677054267
113.975530749899	113.031477233159
121.761344099124	120.849727585669
102.949061120649	102.070613008501
105.992603431082	105.89931165341
102.672108865291	111.397964457309
110.432946759764	110.053706426984
122.493894022806	122.043359296942
89.5901910008343	88.8836834320944
114.110383000136	113.563419860814
119.720312946366	119.055731785374
107.759282314455	107.255908563406
108.38462066047	108.385584356774
104.484082345016	108.80955083155
122.979024804933	122.846351306124
123.688883464298	122.897352022896
111.915058380589	116.189239843974
85.3107989032208	89.3382527051404
108.175109001949	108.413284948004
82.7958833571353	82.9208987132641
108.29554909661	122.575635793321
104.680349786882	104.22543632352
118.789309875535	118.852714005843
99.7128051414061	99.1655550336792
107.519834668418	115.577466930561
95.7219242262167	94.6044908137343
110.058850469429	109.167482100369
117.919645769577	117.055583980205
121.588477490377	120.740460498725
105.696501206747	105.484913787626
109.31250117839	118.404545428899
109.096127336087	108.26012397167
108.064417373305	115.357194911061
94.0215634008559	93.895914504134
102.133316952886	101.854887671844
111.111865458178	115.867321141945
103.237360812388	102.226104799108
112.043550397281	111.182512724095
115.877644971372	115.204784616877
110.58059316402	112.184443654576
108.878957117004	109.416746731901
92.5068377751314	104.519952005475
96.4273462890468	96.0262946032227
103.336389073462	102.829791707474
123.152212885406	127.129597010746
114.254649595708	115.704457558995
116.48237645119	115.856071850139
110.548939768761	109.63212750433
96.2555008624712	96.3441948615301
120.801549451284	120.034439453503
119.417351115962	119.098119335043
101.022063523268	100.678045044945
98.8140874816304	98.4292848421783
107.008563566796	107.105518849631
104.26536920792	103.418505247448
125.999305311718	125.227304922398
86.4635878855811	94.7483233948974
124.412262676428	123.824903115189
105.603540934988	104.9469566876
119.799286804175	119.978135600138
106.846669654342	116.291185948604
123.9108470895	123.498866813935
102.26994626339	101.450736106121
99.4954359967945	99.1404555979683
98.23808675889	110.289921205574
98.6401374716308	97.5046142364288
127.551932187491	126.87675512895
117.216631624416	123.046076332639
120.442432041026	120.051060081016
109.044667131137	108.799392961068
114.005466285358	113.832966502819
97.6165961622239	97.4137014227871
89.680324318246	88.7027557635617
117.616352333525	121.858399361073
112.705161579894	112.191614145058
127.440018076965	126.71409658268
113.580994372329	112.973481470483
104.3930604889	103.559641407337
105.040501350356	104.075682029595
99.8309345951034	99.6801029641979
101.305285112196	100.274755219692
117.286113515745	116.982292355686
127.103040848509	126.376004178403
93.7006259288527	92.7522019746653
114.019659579617	126.31618230155
111.928688689359	111.591541233483
90.4292508451822	90.0953742219375
104.400760163188	103.521045497969
115.728535727521	116.819996552465
102.230861696003	101.17877841385
108.052965134771	120.96005007773
109.349125009781	108.457589074444
116.97725582084	116.332014271095
104.337233634508	103.637786464455
119.098824500928	120.773065649376
114.411216318572	113.923518906723
96.333463428989	95.1537415714962
102.027455479264	102.019047948337
111.535202788578	123.664902344129
110.169082225712	109.935132590323
100.795380635085	99.8869332022503
118.448205340455	117.944026537771
97.465522980497	97.2273395240197
133.617556973933	132.996275156836
110.578602453195	109.756158800343
116.586927498002	116.182833319998
94.997331193849	94.0613586159637
113.806347912687	113.324640395964
110.198770349985	109.944601617343
103.057469517354	102.454451754306
107.931903423097	107.168153104607
113.391422240878	113.000723634217
110.346027458476	109.377513984396
115.609114392244	115.207742104293
101.577116256575	108.25910151943
109.950534113285	109.099122614216
108.481326169778	107.513390773286
102.419166106136	107.791004068794
111.519311094885	110.88008762568
101.270127311733	100.242324716985
116.092570843196	115.934565089241
99.0999560242316	112.017374739509
114.43562628388	113.868291106838
113.664430949852	113.320333884327
107.52611213624	106.68302486767
112.785289295825	111.98965008078
110.337979157179	109.599625893766
93.2920700008309	92.3569612173208
104.642268703241	103.779048184631
101.787058552689	102.073602656279
101.377444215393	100.471755040209
96.0196263840942	110.558752741715
117.918390622818	117.466456519669
113.265861169246	112.963465295571
113.514610139687	112.796177150485
109.285210513867	113.695219447239
108.561626435696	107.511652750718
116.319969992423	115.282770800414
112.148324577897	111.953877575468
113.754554217708	113.564238127897
92.7836599154095	92.0537962424925
102.305841204823	109.747167359126
100.435648726033	99.5862127806047
120.951370152327	120.768380272678
111.78367885881	111.520130294845
103.13296230457	103.095884293903
119.466249463009	118.549424671001
102.60294968692	102.670632530253
115.750753053564	114.884498450275
103.682562423675	102.919925349924
113.796059961647	113.990739436391
107.757406189917	107.058550574119
98.0981119323337	121.226158808096
112.475503813428	112.253291149224
120.644971425151	128.219070374634
106.433595281585	105.58392733203
103.445027344007	103.266728645932
121.296689830874	121.95030656194
104.8659030019	103.926118454519
115.55061719892	116.281438874606
119.475881590998	118.978477911716
99.8773300810422	99.6208101392252
99.2830140320053	99.0108502714689
109.122718426646	108.267978082225
107.220843540798	106.415823913934
120.065442782128	120.138683022551
100.209743110849	99.8070505890264
106.12848657745	105.221765131585
100.928595670282	100.930533280972
124.166516464753	123.356190613594
110.421117583593	110.533718649813
112.977149359732	114.001005348572
120.228333060474	121.439544595712
114.367554345659	114.202628378324
109.669827096276	108.746220033449
124.673456398391	123.857849174181
109.682166496066	109.29832424027
105.004103402331	104.613699075861
99.5759281598038	99.3456885451238
115.368909210417	114.735660032426
122.690941092578	121.904392009778
103.802988979802	103.546293228646
106.190607107014	105.881068354916
125.505634624423	125.273375846063
112.369649614657	112.201815870273
120.824297169993	124.260238386707
104.052200484379	103.709010747744
108.416387881551	107.553027389899
117.543940109703	116.95435462763
113.365744536069	112.659216021537
115.934451790273	115.560302554754
117.905552888111	121.695179787824
103.961154592677	103.150863042895
111.456529018378	114.230078575539
106.502462430768	106.468188187898
103.806396866447	102.810896645428
106.569548127155	105.698900061895
121.450579157013	120.826319390884
99.5787335928088	99.1092023700922
119.491541386233	119.082436653814
109.284617972903	108.444664733812
116.797171305532	116.184469721705
110.255367797922	109.815910276086
124.422464624806	123.733892140044
118.88102101691	119.931209053908
115.795242265763	114.809662556126
105.763502831159	104.937426528007
88.5627445522995	95.0667519150253
117.951879232857	117.673670445086
109.487785989994	109.617689651008
112.895504949359	112.258557686407
124.170025004284	123.329956846754
109.561563185846	109.233374245733
93.3066532128038	92.4359981914195
120.369480827466	120.019179755078
97.8622369895801	97.6946644967734
97.9734516128775	101.225313189254
121.487913482838	120.803350698046
118.69022878431	117.666645128754
85.5774618310986	85.7942175227965
93.6389387977796	93.2704010923813
112.776624406517	114.801633135912
109.567377399354	108.6519646908
124.749546950929	125.726241163168
101.750949994192	101.391803334885
101.605566458602	101.393842393514
126.683069395438	125.966384450175
110.251485856032	109.961686855219
111.12641130826	111.114115259197
98.8401955804084	98.1283271794341
108.010399072275	107.382721209124
97.6620109734089	98.7732749509383
121.993026643007	122.066229462655
112.753311042508	115.272071876536
118.395049082934	117.703784294056
81.0945057044415	88.8181635937691
100.202454980199	99.3231640859028
120.165965575274	119.954601575033
113.755214645678	113.084911559627
95.8453335812149	94.9865243578925
122.869497909008	122.340068544214
108.522544974779	108.322321630795
113.847759714808	113.043789249089
112.022574745197	111.225877579745
108.121967263404	107.731199296383
106.602377824237	105.601810414163
119.884583093216	119.664209647944
109.547280054994	122.98689524837
124.526209880807	123.763785323464
100.703007782191	100.3733711322
112.827927974243	112.260934532355
113.267393542063	112.959908124918
109.840743709425	117.797568812828
106.711266174212	120.066180027777
121.535189765115	122.53386939143
118.734556614137	118.694217142039
111.656694702355	110.87754296803
100.946423393627	101.156502399031
95.19640796516	100.812308550425
102.643206147124	101.655775790612
108.651154554023	107.881162351727
114.320228997458	115.267621853277
111.890041832983	119.052905279842
108.520401596857	107.698560131774
116.789244245343	115.839546928697
100.967076400368	100.936997728634
104.956646510614	104.789052330047
113.664864787621	113.118475161747
99.4865046568638	99.2392445715313
123.527634661683	122.723640158705
99.5590043810869	99.4194384659056
104.411478607635	104.34674153819
108.358773339603	107.796902801459
114.057008564892	116.021208658655
99.0478253728824	98.5861573789993
107.615432555133	107.03305470229
93.8576966817847	93.0434802565742
112.460836587597	111.663896653331
117.957620945056	117.633722876207
119.088920621733	120.611226643446
112.585002783663	112.456025985267
115.637828063108	115.361980052119
92.0117260102069	95.2413163586516
100.543593131088	100.415003741353
111.881377793214	111.143480971404
113.442320262962	112.514326693816
123.882773513357	123.791799574693
107.187905552017	107.486044524516
102.71267066129	106.249090634845
124.173336137002	123.735623192327
95.2378055986288	95.2696285371147
119.281485682612	119.083931201783
124.60570387072	124.951645216247
109.900327384938	109.621498276922
109.89442717062	109.189670239374
101.348062498503	102.828428451439
115.545249612391	115.11667772177
112.474707028255	111.546504192151
120.535037676178	124.744252134458
101.7382164258	101.207014027168
125.589436741259	124.91889982319
111.353203024556	111.239586360513
111.634356069409	110.905981188869
98.3459680620924	97.3591495448407
118.808306716797	118.815686182499
93.8420769984216	93.809711004492
116.875399209464	123.210200028269
115.299525129041	114.706323068377
122.165220697263	121.724524722471
119.82422937446	119.339256652032
96.8445554108658	100.979986333796
120.935729578269	120.090741949116
100.555351086323	100.028156202429
110.402767006968	109.849151124431
97.543295698044	97.5669050090462
104.22262935798	103.478916548089
115.598957619714	118.913642291251
117.762872622737	117.339947191606
108.009628100022	111.559769048448
96.4774999440138	96.2610723152178
99.882289492264	99.6863896733831
114.90596896337	114.491836063075
111.516457111531	112.180912944571
115.106028700148	114.291430484845
117.235051983626	122.351127070454
103.715700693051	102.675334608508
117.894083070091	118.081131539162
88.8898103962188	88.516376514971
97.7093756972687	97.2334731415998
108.982670467615	110.338216619641
112.519755365706	112.659732146692
118.347633877866	117.455731124975
113.305545290409	112.430840286857
98.1246869515748	110.7805474062
117.675732056201	117.207294470474
109.42076877278	109.53767988373
115.329728844668	114.434443326474
105.32765292982	104.662509234523
96.2313919740881	96.2952317406118
103.638262917086	102.705894171509
107.207101236255	106.784709631281
93.8024406458675	93.1036783656881
89.0296641258955	88.0638154034799
111.416561144049	111.186630688109
124.491398190394	123.734492951068
102.566064046859	102.13005147935
109.88084809065	113.716559119997
126.772153935985	126.508938939873
112.535574417893	115.468899944331
106.366327555295	106.321001279285
102.168477888875	101.560467711589
120.017968291875	119.194867085638
103.655370564491	102.802914340041
91.2601080557532	90.9407892859297
95.899460404963	95.2388633638246
108.103713672507	110.204078398926
117.366906941428	116.660152522142
103.924995563985	103.114663113314
121.953749085647	121.075750993852
109.329360706075	108.999765450961
97.1927149864201	96.300345866831
120.830272712005	120.340486073518
113.218703690585	112.589289482266
109.70698425368	109.414891554541
101.415551182438	100.697957191393
115.729859651207	115.431333511553
114.956513998983	116.169508679742
98.3739890363789	98.4854532872468
105.248724239541	116.654567248279
113.874323108736	130.335890025982
122.168793508983	121.799348367529
110.000937379893	109.175283347669
128.461721210393	127.935894383393
109.896315656569	109.234619222587
85.7639122506616	84.7135264009607
108.243676692899	107.755668628431
109.432999663723	108.515042186551
120.091185430551	119.798231639148
113.877489911492	113.982921573795
106.584154445449	105.727467670673
89.9586348511804	93.4975484773448
100.882947936444	100.863705208402
96.4556252338682	95.9098206982731
109.602567534612	109.065338273
113.572973721971	116.083469446949
99.0765945462881	98.4665871597905
125.376271269405	125.567775417014
108.819766284308	108.210244444141
110.235894279339	109.810973857768
98.2180110499061	97.9235333576048
110.614010620753	114.438324080259
106.636481609041	106.009389416141
116.300916462698	116.301297230203
107.381656178132	106.667295577815
111.869010564234	113.596577344505
115.751398261528	115.999931164514
118.352833504383	117.583329956142
92.1242989782383	91.35988920252
121.776408773664	120.891725304933
122.213480446322	121.544147785458
100.029519366933	106.585571863204
105.828739370002	105.737294486344
117.967921083281	117.999292256763
110.03817419335	109.535526249762
109.985953963026	109.31440437059
112.242099155067	112.308739035205
104.736033514345	104.080274985481
106.046983345173	105.060011197805
100.160784000776	99.7506769558488
104.216098208262	103.354860417033
105.840938879726	105.128987343311
114.02570695194	113.213284600544
90.1376359866675	89.1559731402629
117.842708419026	123.861411289115
115.424993389391	114.84257638406
104.583656324766	103.691168387355
115.093426393535	114.198063358293
112.289330066724	121.226222698919
116.396165564385	115.727257295564
97.6764634982709	97.1924142771728
104.861871669713	104.162885243396
112.606253641025	111.777454667457
121.341608525531	120.579113171473
107.194244866689	106.299260574726
122.997528616618	122.922085415114
109.830556492708	109.361804320764
106.206432734471	105.745569348341
116.815029446318	116.523144391947
110.013462509532	109.214415216125
123.915745540806	123.027798863885
116.832711851011	115.767283510459
95.6449685631211	101.424078266824
107.718712256927	106.692045102414
107.510259545206	106.630813719558
111.684788848234	111.616337783158
101.575016666798	109.353302935511
108.24950415397	107.501500553508
99.8663516082159	99.2682827565985
96.5557713257113	110.600772809225
115.186934365715	115.075878718467
128.905226606499	128.431075736979
124.532541649569	124.193533039633
95.5237154429046	94.860008563533
114.732265313259	113.919250347678
113.281317103804	112.830550047687
108.873381999407	108.561974929701
117.536651238919	117.155094488948
122.270864623422	121.896358267251
114.738715666249	114.656864878182
109.719433257164	108.981205675812
122.749623348866	122.014348511263
100.545909282874	107.261994751245
117.133467600505	116.325050112156
124.94612446651	124.057835761728
110.80191517716	114.311341037712
109.203129058603	109.077353998509
100.866079142595	99.7882227014948
111.317150113912	110.63249439833
97.8012465794333	97.9429177408355
120.177148386177	120.76209315869
105.304612520334	104.272510569292
103.36739130272	102.642194116823
95.7999519846858	95.4907881619377
129.755165448589	129.139456536186
114.981120581597	114.662198820372
103.520804083874	113.140141175776
103.931447790707	103.695985757129
106.80757911082	106.678565222185
119.76734501209	119.678870034984
112.634552077795	113.989496201746
119.998135304667	119.206546329272
120.914507449083	120.384708868594
114.5704653975	116.08215927457
117.65866839251	117.048689077627
123.590355737219	122.757863019738
109.088699441067	108.371835324421
100.090527051756	101.350013409595
99.4166980896633	113.036284354056
113.006928721599	111.876092045917
94.3398026608341	100.191151720297
106.564661274825	106.350898592511
91.8666476329552	91.2567912147932
113.451484358936	113.198298702409
93.071124197981	93.1338857624718
112.191825902571	115.725131187598
102.363069595714	109.447600270323
107.443294984319	111.838474177276
103.665133036843	103.648680637595
100.424901717531	99.455999345003
92.9658774284221	91.8381370653299
95.1880415659431	103.459362088871
110.288275262723	111.576479530097
116.896249966145	116.03293715638
109.05583698083	108.287118772518
113.235318652502	112.126079418731
96.7688730775964	95.8847438765577
103.049736758939	102.513248589595
116.662655458557	115.719420913716
111.366636607669	110.831205469595
111.538476751458	110.925228821003
112.912296712573	116.707477697513
114.473549122097	114.446868457676
118.945545559769	118.365641901061
103.970873216552	107.243058865136
113.915826005226	113.320818963455
111.339192610363	123.992103249538
130.159124884068	131.967860310139
109.326174274837	109.018817621072
101.187387973646	101.155623714414
125.328602559821	124.45187632377
109.849755289089	110.072252075876
92.8623464433329	103.501099212367
89.6756075061587	96.6113374275342
106.286830845365	105.634125281877
92.002295060428	99.2134517136885
125.214430819637	124.599998876059
102.059922536516	101.354729257656
115.647795012098	115.160505192019
102.95891811378	102.90514879093
112.681810699447	111.831642097382
124.785541842635	124.055219038899
117.252662741573	116.179098753175
102.647723475493	102.72170149126
92.2519737919782	91.273413930155
107.139458649881	106.693606981569
105.808875308656	105.76249481693
97.0265597268026	96.3328535470476
115.979201755687	115.982885995059
121.846732543686	122.540873344214
92.7367816401596	92.4302803691131
96.608283204254	95.7449661942171
120.813087882953	120.31572931352
116.088088563498	115.236537418449
99.2512466567541	98.1395751483032
108.469293505363	113.66771794946
127.373604560563	126.750056666165
116.530397840767	115.850852940193
111.078924781201	111.078217628532
99.7355615182543	100.793440049111
105.944118515018	105.541525568871
110.365710167719	110.639106939279
87.3101731199048	86.7323896224305
111.184253357408	119.373808707533
121.454460718173	123.67019420729
118.401077310979	120.212105269354
113.995536934612	113.940339678948
115.285236972174	114.75000850388
113.183313074087	113.14292623226
112.306677888554	116.663853702078
103.297149742333	102.270080763395
89.8708496290461	89.4706055083079
123.165169554097	122.912737672288
116.055980816534	115.178573226258
101.50179979801	101.023825236856
101.056656249788	100.306013173204
119.38556888129	118.708316528227
120.758152746748	120.036956068048
110.050936161726	109.885115846638
95.3181009555834	96.1472224354984
112.734466156499	114.404471778499
114.215686866219	114.642261355389
102.826605905837	101.808412779854
94.6747282515584	94.0972296205482
100.408094880543	103.865815797671
117.393554747582	116.675631304303
105.545148958067	104.651332702486
119.555491593806	125.032898307137
108.075991688573	107.788880891098
98.7425974826632	97.868174065029
105.877290830929	105.183878732739
102.417368531962	102.019831836842
105.870028637219	107.12684291271
113.598638765754	113.068267379596
113.307573518446	112.563769372782
103.940805122903	103.122385903408
104.791523421908	109.826568886009
116.291309153994	115.906224604246
97.2950861982483	104.864011272943
112.48439066157	117.360797845051
114.546836603214	114.915731627839
111.277339686606	110.899427018913
125.678630484259	124.985522250877
123.717915570465	123.629019202273
95.482728228379	95.0312256358685
118.598978261113	118.572376391848
103.020580083446	102.324569344328
101.599455191117	101.565031184444
98.4730218364838	107.621166548672
96.0213284814622	95.9359381434965
110.024666648225	109.605549592327
112.74963166234	112.414469961638
112.455906189123	112.662009090269
110.72528481099	110.161552580789
112.179206965311	111.478106131436
124.203709295973	123.794228511867
101.949658693469	108.78955891319
101.346782901646	100.369285129134
110.117906910985	109.532911803493
115.434719870607	114.771078185608
122.323606021182	121.447229912077
115.319933495298	128.533644955515
100.7269479395	100.46868135731
115.999973532303	115.466272412464
107.93476653388	107.900079731342
110.618916461039	110.172177144822
118.160959045621	117.551256683325
101.359989301613	108.407431535563
94.4789744356129	93.7682983941623
97.6054593754967	97.5972594721219
107.507354825107	106.995319081905
114.00378012009	114.086460692726
114.205329034998	114.037784603838
106.956677342378	106.285309253129
123.876462160761	124.622823191794
110.074794453058	109.424053952339
102.848453699395	102.306067512202
104.623709891898	103.695011039303
127.544312410927	127.921191901789
93.8804489225849	94.1126082042798
107.017895985737	106.379613828036
118.004041779644	123.715831580365
105.552738113084	105.025570504089
93.0713332922512	92.1434973143592
97.395908572334	97.5904591757101
118.726466127868	118.543328208323
116.055735997816	115.167969892513
110.254680671414	110.069295113355
103.615395937915	102.866074270984
118.377941503133	117.887651172556
113.903811016029	112.993384888041
96.6018164519598	106.667582754773
131.387226805261	130.66398028578
99.7444086868112	102.225782613803
109.73593220952	109.536426170382
108.87773849109	108.550736012679
98.9598024770565	98.2810254706376
106.688672493156	106.426054361666
111.573356968603	110.647878498741
104.702115147938	104.620328846439
102.564347924355	101.546552180687
116.623868247299	116.927764580726
108.870203623688	107.981524919679
103.941311541511	105.274385787346
119.340500105645	128.791677402367
120.469421802971	122.119038975003
115.235097956822	114.885956180849
105.900944912688	117.447541906535
109.245607387061	109.269177296991
117.164885202533	117.192074383727
109.571936361555	109.070812839059
89.5472880846208	88.7956133540678
118.989171707049	118.110802916551
101.038075694163	99.8588654055094
110.76141247579	110.369124055356
91.0632557519344	91.2914684806645
112.272662033276	111.608846631378
93.8867343637053	93.3884064236106
123.015930205753	122.191310891331
106.225849390795	105.377978770124
108.372955234864	107.465585812643
81.120886943525	80.7191206237011
81.3210230073025	80.6199748302562
106.696893672704	105.828436986565
111.432197887721	111.098141967584
120.202103886991	119.336069992997
97.876725342502	97.1577574680687
117.02365090204	116.887116566652
116.150015596606	115.271959958732
117.705193170393	116.979420308938
116.819966613461	115.987604545398
118.858882873169	118.126782029265
112.485160643634	112.456948645872
106.389856614164	105.26035728557
102.72248639096	102.212240623578
102.234800327261	108.117880776577
99.1817977461806	98.9103653984519
111.927930215184	111.267357341975
78.794916171658	87.3788747466938
111.355950188522	110.729867058909
105.388987277767	106.554294166898
106.073701593269	105.503415406753
97.1170654215426	96.5958459163213
103.966634209455	102.864528344155
107.160565891899	106.840829612063
126.730928633496	125.836418028852
105.020909861311	104.285963879719
113.606684358453	113.275625930642
126.41961428158	126.068795535004
108.614115084317	111.356063797025
91.1517084815579	90.5893630135347
112.320454354075	111.470043462036
111.475929960401	121.611179228997
112.242802411902	114.615563750793
117.19805722071	116.764151523951
113.048405835047	112.536102417239
103.074115754869	103.110712258919
111.70176448898	116.167507644195
109.365952254961	108.531299891582
113.067322130413	112.653467462388
117.609001277762	116.769362924125
108.807956217799	108.461682076899
124.254176528089	123.638268239349
93.3312523470056	98.4582855874644
98.6513765894676	97.9905414027157
111.043961254835	112.31898324151
113.308809473058	123.366668342588
107.415837547789	106.782150093895
115.942879962175	115.928662974829
130.879837688207	130.341122493252
114.192486649652	114.111560085716
112.812187421008	116.261758438
125.855130000513	125.740101119074
109.910623796755	109.726764847392
121.062968126938	120.479387831517
106.720221036679	106.843117566543
111.335556845322	111.352670515418
108.908473001303	107.947281797723
90.6031986694741	91.1587441427101
105.546018040202	104.884327485642
94.0628812651646	93.8154664028159
103.253277442159	103.045684718279
113.672570388849	113.023548225909
123.682209992348	123.256336944737
109.598595554928	108.743808569153
117.08414995633	116.599491432635
116.16147723643	115.621611577345
104.346766557668	103.457662136846
110.049259457327	109.175427206904
105.521059272981	107.073347957617
100.406922391286	102.989539791434
109.624569871105	109.108723604806
115.435617183902	114.895971704537
103.612603196249	110.31060066099
116.515867434409	115.86943645257
99.0786487221213	106.698760347323
100.245976098634	105.683553290271
97.1481353352633	96.7557979024228
126.724202054254	126.141617771981
108.705573442045	107.998785363278
121.471357978916	121.029186913751
126.098919489258	126.001173849
113.865647779318	118.80922231209
113.297015208345	114.780953527265
115.346949502346	115.708848927424
118.182615700541	117.518205907773
102.512236329408	115.527221509091
120.703928745068	120.299746021957
89.9526778508682	89.3364068356397
119.346727225102	123.015113561696
72.9176337021169	77.2548711136272
102.745788053116	101.665638607925
117.998591646394	117.208288535926
108.955747138597	108.13879957752
100.428085478977	99.5186257641352
112.828959009318	111.902176366778
101.906198385466	101.167200986463
112.35144296314	113.577365432245
107.097155673716	106.804435287481
93.3083614485122	98.7563627680278
119.417587390273	119.08075484892
104.757528035531	103.719778484017
108.312728742026	113.727525732874
97.1921028730778	97.0485515008444
105.843468981606	105.062369117672
118.546674233468	118.372448013486
118.862433147861	118.434599588216
118.064557879805	120.10631896691
105.084164249778	104.858022197451
99.3248671152493	102.026523069309
110.593659701163	110.00377137755
103.280629635806	102.362263336286
115.907031139561	116.041200432686
112.30632194862	111.53075111368
105.710473965055	105.141497626861
123.761953200249	122.854182920962
111.242213630185	110.744887692568
111.353366713638	110.530261060618
103.623441571487	103.309551915726
89.662880487017	95.8553577229872
118.106564094509	117.474976340445
123.182987034282	122.499682279088
106.835427766535	105.980996008888
115.560393708473	114.640420785208
109.074650811415	108.642051574431
107.976450003416	107.636052382015
104.143794340664	103.949249349802
126.355504735716	132.155945816301
101.068276162779	103.557128005982
126.745380405101	126.642324918141
93.8777085081407	92.8001413624153
113.98137059758	113.347888282234
119.503956817136	119.037598754856
114.304433770489	113.449773150209
99.2818193045781	99.7877917334105
98.2031842878988	97.4667134675706
100.564808964465	99.7169974522503
117.351957813417	117.131891231587
108.450812349464	108.236780969795
110.507292493411	110.406699217466
113.477143920004	112.54539146389
102.176529357224	106.700223824309
105.899915773635	123.199049950538
117.408907503807	116.858463491153
117.850398426429	117.417184780388
133.593749489341	132.795839141154
131.812817980414	131.177637187346
118.95386144139	120.388854924873
121.108312574865	120.52569369189
108.158376723902	108.05218956996
124.953846398113	124.520953080447
103.16315623479	102.601179082919
110.146680672712	109.286676180674
116.963542428998	116.618215072818
107.26433696143	106.446018819848
95.8451042359509	95.3092065826792
114.192975881799	117.861195104033
99.0052723765275	99.0291811006554
114.758809296573	114.190768856043
125.13780020165	124.223989524192
103.490011342995	104.708118060066
115.094692471416	114.810932089117
119.605589671902	118.910274553663
108.528172255224	107.905494149072
103.884887495432	103.710191747624
111.488941282638	111.144832279109
104.171863456324	103.676487956866
104.412414555861	103.622292202846
106.348532732248	105.487252069252
115.415240691757	114.751740655862
105.546124607569	106.984581179046
104.388512991743	104.93805937298
111.30105646365	111.337515425116
109.841274744647	109.20484357256
114.369798971788	113.639778517647
119.468608691253	118.83455703273
95.7044647567805	98.1239179465316
104.268406893454	103.883140480483
90.9249374613392	97.3183793146951
118.455528491007	118.460032754765
119.500244820665	118.831485045779
99.8093027332318	99.3589419109738
103.513052115308	103.267912818843
113.838391560863	113.041638543962
95.2466193203361	94.3613972117946
101.880408029004	101.069613043774
112.976191388556	112.137139186165
115.323043763223	114.470123480016
101.852125898617	112.418786027777
100.686832503994	116.50244776121
114.232659892038	113.345681263624
107.34005462222	106.634552976133
119.834295238455	128.758651964972
114.09759883546	113.504408128643
104.154820052606	109.7360313194
116.336042718045	116.25010303803
116.900946742913	119.046632807591
113.645791473821	112.720968078095
115.334749198438	115.664313850766
103.240101529508	102.44868221968
119.274459783821	118.471392140577
105.981322634856	104.926600535781
119.249480793711	118.741322136944
99.3875372763202	99.721514777638
110.682109696484	109.873753393566
113.711480670162	116.289945570565
111.482366774422	111.42739616731
121.702724967185	120.875698031045
97.6005457313948	97.1470311521399
112.048535928573	111.606589596928
81.8367922380333	80.5270903442441
109.615948358424	109.387046168918
121.077897351874	120.616060094345
118.544052348948	117.784522934276
108.638016562332	107.725818271175
112.82058026724	112.197020593435
115.121103781897	117.509939739979
106.438096507551	105.539586277366
98.1589796851983	111.02369170319
117.777738220373	124.209998986678
97.2678589582036	107.17483036921
112.012728082706	111.803473562273
99.9349904769896	99.8889134147764
99.2963458896305	99.2354233267205
112.214551348638	111.827467251434
115.55484567173	114.688000464742
99.9681297037452	99.0901702212932
102.463790672411	102.133227551992
126.302224342124	125.949928998636
79.6734264621975	79.6631029810421
101.240818749358	100.601135131019
103.409021576678	102.52197970394
99.8370453937756	99.580641557204
100.392286679818	100.280385775781
110.530557378922	109.732029541918
99.4757729748628	99.1716840787038
108.102687344139	107.281470880607
103.198565955573	102.530868098089
118.221386052082	117.484163075154
89.6613526760752	88.9979158174148
117.880156921428	117.88402486764
108.180117677028	107.468705717723
107.55363603622	110.395013465441
110.646763903837	114.2458817712
111.176463032119	113.441428965224
111.421048584106	111.025450905942
101.244850435029	111.621459190072
110.769800398968	110.667985795602
72.9233724085415	74.1180095498271
98.9976612285485	98.1820723504979
128.305122020381	128.050177639959
92.1396368935318	109.442380050165
103.731972550056	102.737838547566
89.6467544483686	101.328927076172
129.220001953195	128.62335577818
115.854157847626	115.338886722479
95.5936410494923	112.531318568678
98.3169874090633	105.547862968013
118.501049607171	117.739199207831
120.924551806019	120.735866273716
106.354136591642	105.940654600639
127.860780791262	127.178970588957
125.339887585536	125.152001058042
98.0629172132025	97.2190333832563
117.041417205587	120.063462475121
117.365142747596	124.108871727292
115.115419187824	117.092677805632
101.049212009052	113.922425920609
99.8289736372269	99.6770272927608
106.379024650073	105.464724593626
107.644421848733	107.319567375123
108.795404199327	107.926672936198
110.000076458156	114.843588904867
119.868382951342	119.052560495948
108.600420270072	111.826489722583
109.4696612008	108.464776967164
108.66548062946	109.512338428266
90.7761452117782	90.5915597705061
116.879659127847	120.63408343495
111.289008086405	110.403287734381
116.033223963239	115.860802289386
115.148651985842	115.112378440994
114.14366480887	113.42865295869
94.9529447969472	94.3088250737835
103.60306853058	102.774648357608
106.841012939109	112.039538322599
109.896923131212	109.203204929963
113.155783752691	112.981257554968
106.119366019864	105.566147823942
119.099812574958	119.956446427298
117.672832584588	117.273520496981
108.86765300962	116.215469747573
106.235267722282	105.423876970316
105.238360706352	104.965872870688
105.809893169172	105.103293346659
109.457037425515	115.00642765254
115.14058202762	115.059231909765
119.979988974947	120.62513382719
118.147832506995	117.719590324098
119.269782278203	119.011091047785
108.537063252381	107.658921709841
116.484673941166	115.959634330103
85.401014049493	88.7097052847657
112.549803981754	112.08311519019
112.114538617066	111.291214550374
98.5053727007962	103.567896808155
109.321435431558	109.080550640834
112.750748383289	113.768933852242
106.56891610284	105.75165246064
116.787688611544	116.126218986368
120.24206582315	119.815876558475
110.718750085768	109.753336257661
125.190578533293	124.466808758372
93.3469821141784	95.0335640258068
91.0197101650248	89.7497233869035
109.11408608631	109.039179112492
117.380593834607	117.132490911038
112.649317342188	116.305667368821
118.192599088223	120.310574493495
87.0988773975254	96.4321683440956
95.0673422911218	94.0701812945974
113.568535373684	114.928947518042
120.4588729488	120.192212878767
110.494114718054	112.232235285248
126.996265412696	128.388395251804
116.765522324692	116.854806423904
115.131324242188	114.926957332323
118.324881403451	123.248571079542
130.376429492135	130.181263370977
110.273506988827	109.407710956779
102.19878825841	101.56780131058
91.9806396272931	99.5537913458672
