FMP	FPP
115.767213720808	121.315372027729
117.432206623335	119.414528671781
114.364282118026	123.002104417018
108.529481800221	110.580678982148
98.4666942315387	97.4746077885173
112.612439446974	118.694894743996
101.990508291026	100.942858116602
98.3915583911515	96.579316627945
114.503143205592	113.020569005691
114.261010333736	112.938256773494
107.084549623998	107.317623200707
106.48569343785	113.478253319949
124.152294509799	123.091801895008
106.671225971185	108.128531432211
125.557542448692	124.306078714375
101.188970728642	100.269169948083
119.891231186266	118.50989239153
121.425845105081	119.925506098014
102.894411498509	101.273881053552
104.987167608787	103.125824589295
113.959472935511	124.145013713562
123.111827640495	122.595838231574
105.701139555429	104.54571358802
89.7844610399879	87.7551087658744
111.976122175946	111.344736390995
108.270649252983	108.513893843384
121.727047905735	125.692806527084
110.525764081511	108.836145693094
103.606397844665	101.853776417663
116.16296782309	120.248071393603
103.43591522581	102.344601542998
93.9579259251148	94.0332563303678
108.240428375201	119.95777092179
106.114921864595	114.284544945331
111.99385202674	110.500293266455
117.753712285142	116.278695142556
109.519801250294	108.108664145844
99.0008926444417	98.131592265152
102.578331562187	100.622852216666
126.293283740092	125.438420101543
107.140729164822	113.337949323266
119.53753261424	118.799676431956
99.8604580684539	98.8636490784489
121.4228243317	120.036578730769
89.7111891080231	88.2866653550685
99.6284177301743	98.7088042389692
104.307988796086	102.498638254127
123.505409510062	121.958821644087
98.4502000052058	107.507194903753
116.598456033118	115.248569142245
117.450557143183	116.612679716902
120.586214910224	119.222919339971
114.651068586962	113.439826184727
117.869615186704	118.792622556208
109.456439917717	107.736798265712
118.99175388646	118.951287726682
127.443161757373	126.046731313797
93.571139759248	91.5812178613361
104.340554884926	102.78154012858
103.074827296379	108.169924080432
90.660990013236	89.4302472148422
102.964601778208	102.269859621683
110.769977857641	109.707067284311
81.1670030584909	81.1966221120465
126.76071059494	126.047188780764
99.887133094121	99.6108787054673
85.7131559158617	92.1589299187881
122.864823487231	122.715424236039
102.267332942629	101.764123486812
109.062548104952	107.743117491029
104.301586415968	102.573887829312
117.168824342456	117.667831964669
97.6286018286613	97.2846479000348
122.566311209517	121.403304611566
96.1690440631275	96.4987655624249
109.04910247645	108.750230835689
96.5604187904918	95.7118905744009
109.237883801294	114.146102499018
110.144538561301	114.690073312997
112.635616587112	111.951100804483
116.720068833769	115.36074385227
113.875864594672	112.254965711151
101.015792975696	99.422429299234
112.761862064778	111.71686418471
108.724852525818	116.20153334786
112.050529266987	114.428849811026
95.008402096376	93.5020873791146
102.877351316698	106.892661608751
106.050369318279	105.846370362885
105.901502002623	105.190679261869
114.202417002816	113.629149296451
92.4767073101291	101.696059633494
115.994652660374	114.809273204613
102.118640134221	109.224208957129
107.94298380456	106.743930104165
83.7696678202535	87.1746869494986
118.393250834167	117.404272288329
107.500600553969	105.708183964638
104.681510748557	103.997969737372
108.506433485934	108.331719574709
119.287196465211	120.760467691928
120.960097146593	120.579755274809
108.669389325138	106.96823056492
100.346428473217	98.7461684904687
113.763079792043	115.413385055391
117.306479802882	115.757543662834
97.8679433212861	117.036122420293
121.888446115042	121.304735304299
101.347920672398	107.659971259488
112.372690022624	110.956018080513
110.265044540803	109.606466732933
94.892880693326	93.0040471208551
118.480366098765	117.749263627665
114.370146881383	114.196460839088
98.788539336426	109.019194701031
100.731114454652	106.286997089071
103.504649094342	103.126607140726
102.745147006692	102.747133146174
108.343822435177	106.613720492088
119.16614308258	122.763508811889
102.16154597743	102.020443836597
100.997216552372	100.959705369561
104.490331285179	102.877474692716
118.008471896509	120.179384534871
110.978473387267	109.788375829295
119.301209841344	117.899580108737
112.357771702247	111.878442726117
103.21494630479	102.991981953592
116.193548799598	115.787625836491
101.902242603714	102.359471861184
111.597431100674	111.734483036651
118.206237089443	119.00775721861
112.197998902731	112.73309735111
107.98352131271	118.577612718225
118.005313443422	117.248622490864
113.83137123638	113.079669384244
100.115460864877	99.3923794262056
124.015761243935	122.580473825636
123.683704909253	122.687311876649
107.916469042528	106.387695184252
104.732253917363	102.956958585481
110.277357003792	108.41441015205
108.471558532152	107.212053922029
112.994252443926	111.592492789201
107.953193346009	106.48266106481
92.5468951303913	91.0346063488313
103.25840199094	101.629945596061
113.213092482279	114.969123814285
105.331237469196	104.158105371092
109.097169558758	112.604788432481
105.651619098753	104.505573676268
99.3047460682665	98.6620564242972
111.235716909554	121.371173122264
107.949126658483	111.930786836589
105.741595883196	103.984045482246
115.825089274911	120.054172352042
103.888243105184	102.40071153161
123.334131006823	124.455210616135
104.35082440828	103.350485519479
104.082015577209	103.193347860055
110.957465091942	110.962424418802
113.950283337008	112.904403050939
115.651131682543	115.01466648761
99.9951709032101	99.3298928012172
114.746969959365	113.428770639748
96.0761455385149	107.252789220719
119.774266058676	118.543590114828
115.422316632004	113.909094783521
106.391412304214	105.567219585939
116.789373641911	115.579709496945
107.479665132707	105.852973253478
117.697094620157	116.470951766596
110.002021317256	108.552823987289
109.89892362711	109.026045779988
101.999553989994	100.284977963908
122.0968715228	120.974362154649
101.44046209709	99.6267978428933
109.426978150557	107.815958942886
108.154249424036	106.554902056507
112.564750073747	111.532963484088
115.637236085653	114.3100532531
108.67085142859	109.362754264321
100.83750921335	99.9616368589539
113.786455932777	114.737613599322
125.679883197926	125.002954278729
101.23925082773	105.806189786756
122.078040836048	122.169999112989
115.597822432255	113.892463745465
112.437530842134	114.010144028912
105.247839960613	105.004657409506
110.900687418882	113.76031231789
103.70714734753	101.999120026901
116.411086603504	119.295368106923
109.029364756188	116.14996195607
108.594281393661	108.46369400481
99.6003108097051	98.3950035313248
104.130727467214	102.232346850934
95.6796190947862	94.4347309085334
105.420879264147	106.025874661715
99.7025689583036	98.982337889243
113.592033607788	112.422311134293
121.727656536724	120.17963181885
108.251995301181	107.424683864093
104.352601338366	104.222168091569
120.205953420423	119.85573734743
110.391398384946	108.853136780084
99.6867413490022	98.8682265814395
113.941500584918	112.447538707678
87.9507975662641	92.7593097664668
108.613733837695	106.953319517027
123.082540856047	121.793186183623
101.720235003109	101.40938001374
110.627817163621	113.268577305992
105.140800715007	104.192429300937
95.8395586929359	94.3034869378883
116.540045300917	118.445633474811
109.159024679585	107.456580679087
108.428041695262	106.717914396115
109.742521466404	109.293354344234
110.815553238428	117.333643843407
115.883049987348	114.964369538351
119.968349998045	119.581221399222
101.877433848399	101.152831062669
126.773327930022	125.304026158325
123.899969907058	123.771296290342
92.4923237590737	90.5434311499951
106.563669863802	105.094117908697
112.65786845282	111.870293077006
116.466794863144	115.152530083426
109.820888242044	108.752330083073
108.600544770184	107.011751563394
119.847102768081	126.913207595727
111.764236272453	110.218380039426
115.301973375359	113.960701945184
112.353446914609	112.235649143406
97.5320903576343	97.0040574829593
99.211391901515	98.4027949243675
124.144640891214	123.11877024261
93.6322259743838	98.7729722310735
122.188504656955	121.510085437241
111.137419773066	112.539967277756
119.388062923511	118.814789457368
100.629953656636	99.1704685058395
106.590111473164	117.278510499853
120.066122163011	118.574076006855
112.564410841325	111.022212886131
113.419190543127	112.638070231437
111.599560986612	110.146858202037
111.971085567534	111.321835201281
109.318236954128	107.675631677164
92.9306948985991	91.2723691566345
113.908799498218	113.443470596501
96.3784157160023	95.122457218801
105.120498829817	104.694217472723
101.821047514405	100.651301710724
110.272862541685	109.633854674778
100.971258645929	101.358903235748
85.6711538825997	85.9247725139456
108.188523365091	106.888008818811
106.671136443083	105.042424358654
112.592837764633	111.712606756626
133.69954295817	132.438293059573
99.3364862509719	99.5709246441487
100.350511410262	98.4453755729941
95.9296272677022	94.100022421416
113.078527177405	111.600874750474
118.448749707702	119.03206213758
92.8773166690913	91.2255408164047
107.718810459029	108.204873901928
120.829501920639	119.375924808425
111.482910314781	110.90535949525
99.0111315542799	97.0862606926884
99.1924586437389	98.1832384220526
122.615591046121	123.873329766266
124.765330550553	123.360322613553
108.003923027323	106.540008729119
117.067311816246	115.644801430998
103.312288412944	101.652282312469
118.30196306441	116.887360508983
118.598505203292	117.008443806027
113.964856297697	112.612159746906
93.9804177250868	92.0548965978681
99.7332958982128	99.310139855928
113.183342829172	111.468752972525
106.434552926153	106.351999276563
96.702910958474	95.8229666618255
113.757318745651	127.731040039508
115.900827308799	114.95433606965
123.847077015021	124.457284064608
110.098784139837	117.371412792614
112.287338267608	114.690457939276
115.371836537829	114.156834499342
120.045079902803	118.667414434175
115.631420912048	114.887060467493
109.501489428385	110.918721364341
107.433852610458	106.311227646048
110.577095291897	109.416780667716
109.694786869618	108.834567598133
124.647986380144	123.011381022682
115.469488527614	120.831909812914
100.981587476182	99.4276825960287
94.965501966359	93.4751644209344
106.372067574062	109.886526410563
88.9143019263118	88.3099755348743
99.3117383768238	97.8023312450455
110.267734681195	108.446253982375
120.994376802934	119.692437893736
121.484220538217	120.180143472607
112.259225104818	111.44542427929
95.2903529953788	95.1581639217015
97.9775815660074	107.860665554154
109.941571640024	109.512439708014
118.137424445332	117.15388401835
88.9663950565238	94.5731595817237
113.236046606931	112.202242458637
120.179721413198	119.518453556873
95.0068218545344	94.0317234717074
110.658649759267	109.190714426341
110.356494512758	109.544767470034
103.33549735244	101.744717242704
117.815566516098	116.902059189429
98.1512032362441	98.3071343686119
106.021137025488	108.690812513906
112.846179323301	114.803356658627
108.256923982569	112.04867563093
105.953317718819	105.678137370387
115.077870865967	113.429251041468
104.359001806446	102.687323405225
112.112512244465	110.378608039862
117.939121396444	119.41500228792
96.2193767322365	96.6734368988191
106.66939132455	108.791906645258
105.669315924833	104.631915763774
103.773622253424	102.149891889903
126.923141982136	126.247836767419
94.1775547247398	92.5794572500286
91.4621586733368	90.4288694126176
110.676858245415	113.949340167336
109.845596655641	109.941987127397
101.268205648599	101.263555571901
95.4873676521137	99.2807657229211
109.283805269766	108.532499298179
113.371317849187	111.745184067771
90.1977485923142	93.1426904345051
102.255169173466	100.903073354809
115.698701300326	121.583293600734
109.117959956127	110.111168915915
106.43626661639	105.079551397639
118.496884183983	116.804381515347
96.0640505635432	95.9329820963812
119.286439977547	123.257745736922
115.084864130367	113.507057845952
111.629834189108	110.445658918204
109.397694569568	109.648216769924
111.245482307928	111.121148549216
104.864848445797	114.083739050287
101.592211047336	99.7148847249717
106.757348188553	104.981412285678
101.017008878819	104.549445545869
119.614088941415	118.80828141689
93.8528218830332	93.0551412727448
96.1681745257227	99.3125186961249
121.41562395836	119.882359597027
119.508766542423	121.306579429149
114.990009883093	114.15312698571
118.721966259874	118.752568655282
100.674092333741	107.336560670164
106.086274944749	109.84275611387
109.541651823084	120.572504934035
116.749701734467	116.482549720898
80.438708800226	86.2232102166422
105.073707922588	104.374947820315
98.5157911856017	98.5602083475504
110.187880435965	111.349239858142
104.20073976521	103.322108031628
128.765463976676	127.487684684721
109.392399678062	107.641715752893
109.290001540012	108.137520398389
108.744315450217	108.852650862026
121.646479728424	120.339787993355
115.051665235152	114.332039541589
112.45568565346	110.992689669488
109.941744610234	109.222604879803
111.484197476291	119.398555526652
111.157613031829	111.160778406636
95.6002929455493	97.2786509451039
96.1974364841616	96.4397581923602
109.919503210193	108.351715873763
118.108841308759	117.373355174985
100.228322971296	99.4040817310452
108.676988102557	109.257376914472
111.834048223981	114.572833041659
100.54553384077	98.8420729326742
105.944006639926	104.218389280428
108.455470517183	112.703506353083
115.479968562572	114.179913888411
97.8249917376708	98.0238467514756
115.24108572311	115.180464177904
109.347804734382	109.030085442326
85.463405980363	83.5675758427218
98.1675560946243	96.3264317643961
109.414360694441	112.584024299025
110.162743244733	109.434604499333
99.9927049819242	98.6549961655355
111.807614825313	111.556158607653
116.158211067791	114.960124648587
108.487489223014	108.165473312223
105.039795726167	103.505546891316
100.88224895906	100.829363999901
123.606330829375	122.129483429843
112.549403873595	110.975457756871
114.702997849075	113.060674671351
108.3180801865	106.700978318759
88.2030076925315	91.4411166359273
99.8254206232527	105.313586535055
103.459257804754	101.751823997045
103.527293098358	102.273574421767
110.190643181948	108.650212977784
121.826581401052	121.736797976589
112.515202891292	111.089987485382
91.7629428774639	96.2079477234541
94.660429579745	99.4166696647387
117.020442283102	116.569408278284
123.585726690424	122.059824640096
110.695615331811	112.574476721376
95.6682267148097	94.4356145565715
117.327666770749	115.597500704927
107.610842957901	105.721867000457
107.785820262797	106.446711743449
108.953310076518	108.140155304659
94.7196040958341	93.1206926324333
122.801685623567	121.367306850415
115.096010017502	113.536101435162
128.906286747954	128.031034292393
96.8398333300726	96.6605208319514
109.119846405861	107.836887806687
124.739175295679	123.829765048186
105.836028567964	105.616243137534
104.9156378632	103.312998485574
109.805431352506	108.740637077063
116.493764916058	114.958856154076
124.57987324043	123.15179609484
100.671294922147	98.8800425993746
116.540154325311	115.531930278016
122.65650891457	121.374987573806
109.874405286661	108.340718942079
118.564383625518	116.75612412284
97.7112839508034	97.0730654494409
96.8137975564381	107.452359031727
105.830122695845	104.663926798218
108.562620350535	107.199713680221
103.260630402024	101.430382578608
129.807073886862	128.66966000986
121.293847481839	120.087346707372
116.420642636788	115.610823571495
103.785599387332	103.594303672157
95.8655660048754	95.2436055777272
117.283394713378	117.707240602607
110.604368265783	109.538985659734
102.563068062271	103.018843210849
124.891510125253	123.542608380355
111.451749219703	121.895905996813
107.435994031927	105.579759984887
107.125278688674	105.606323608366
103.079110717408	110.947028333505
104.351708814781	103.484575175556
108.007900120874	108.527376523244
113.409932073665	111.695513165355
102.113526812969	102.261128708675
121.043777149415	120.221005387376
117.085205246482	115.349221824725
112.616103934865	114.601683834598
110.509123507982	109.768304656825
94.5736136574846	101.27918518711
120.773312547396	119.378780792588
116.255803795115	116.281209387203
110.291675582035	114.118409707957
97.4875527437667	98.2637619593079
91.205072626139	97.0473389750403
107.18901029062	106.385982688947
89.7260118602238	89.2533993541041
121.394077871448	119.928461888593
105.246530118487	104.340037307264
102.56238866177	105.636947350179
115.555019070082	114.336132165553
104.836558681003	105.134368548727
125.140005377144	123.818231375646
92.8835683442121	92.1480191453299
123.45997777176	122.475469410861
115.983634013824	114.532386441136
115.552122000072	114.361433500326
112.315747579066	110.642876371437
117.78283631977	116.202417250959
103.459389083782	105.36450958435
93.2170323960567	94.465534657852
102.985138657378	107.989465741507
128.376263307525	130.864406464518
109.220855260454	107.447347136672
100.455568105152	98.6634275149127
103.221321364078	102.048533645826
100.597837905399	113.404172213544
116.004672863909	114.783702876086
121.076094661793	119.866895427118
109.514332520331	108.565967844387
98.415651229871	102.220410919169
119.857417216268	118.471500083137
87.3930851579174	86.1052272115186
119.325011539542	122.306117692418
116.773214564409	115.915529312893
96.0413428637278	94.6083216775136
95.7665872709439	94.9329530258448
71.8976595491026	75.0507228743206
99.1105347286382	97.2406448689825
116.168697668516	115.970806217275
96.1259845316702	94.6309065176418
113.129679020843	113.092510925254
101.55644488247	100.647903038595
92.5930967863302	100.824465534808
113.990496060443	113.917866544331
111.828467435385	110.200585151666
92.2715589630761	90.4837705137042
119.565375507889	121.386911925652
92.530185172143	90.7002154488793
110.548335710607	114.944129316587
124.365439058611	123.55026902319
88.9188999184638	87.0776287956466
100.967174641208	100.755423396619
111.792475052394	110.28204686847
93.7797941271909	93.8513621926474
116.617851244879	115.225529593959
92.8842207992597	91.6546448735058
127.602791232484	126.284120324117
105.7498144731	115.209714572006
106.757537999391	106.366843820262
96.7643834348645	95.1419917915252
106.711108874677	106.590287511322
102.632753420268	100.77749535263
113.910358654147	112.273871562576
116.098469418271	114.804056232177
105.44283786458	103.878620303657
116.152346369863	114.389628667272
119.065318942371	117.975992397269
95.7534014721175	96.166769203834
100.715109765128	100.237386406915
103.876790460214	102.374767473181
121.221015253425	120.760082461933
124.408475558634	123.660411999525
101.185989443019	99.5180453206259
109.317857993297	109.760120018427
103.335999818596	101.597782146197
117.726817468171	117.204988265968
99.4689012155763	101.207735751002
125.816200738916	124.438031956839
116.310595699916	116.947634973246
113.461202279444	113.042110059298
104.693580638564	102.948475273696
122.041781259525	123.319553680154
101.891828069932	100.775634057606
122.426193615479	120.820263861694
110.917626350622	115.155960516138
106.0912365016	105.299309260438
110.851095887849	109.53506902238
81.0546699285802	80.7006067798105
110.222329347958	112.870910803032
112.372271980639	111.873449529164
97.3848299329591	97.9193151946025
110.234417151034	111.387015999347
117.590679655507	116.006687411604
110.839953734242	109.374703555083
107.611662335002	106.368678043246
110.396663244455	115.783519054216
113.89969670448	113.611276305658
103.986618053363	102.187164275486
107.090480189613	105.653333454579
97.924499695971	99.568993775221
113.163805130746	117.407044408424
125.62994156047	124.232524172911
110.194518401548	108.745472038164
97.6475601502302	100.537464483531
97.7517942851772	97.6712952774281
118.416313613575	116.909950846999
115.100840933263	126.274347055785
98.6355971889688	96.9983435576965
106.951529254227	110.3587839176
96.4103157135476	103.960552136297
96.2768995118527	102.659165452492
113.147565773788	113.049719412584
109.393854150509	109.29748101494
105.964029375048	104.470211551356
93.8313588730822	94.2906168968602
125.516672791097	124.699122087048
96.0840433416849	95.9184359968133
114.748754222823	114.72633026624
104.832938122211	104.704290359911
116.317700979735	114.846555181679
114.139838864467	114.122167338555
123.630820962521	123.800240625732
119.508788194991	118.205487752528
118.958669421328	123.601345505024
102.692413018273	101.709572803988
107.898346802377	107.90349447217
110.45456361325	108.954404024864
116.091917003596	115.830708132476
105.518586383054	104.714401805287
92.2806813406722	105.540047142092
116.771236749055	122.143443970104
109.037848684805	108.164247129891
103.090569234046	101.725679317234
106.892040406779	106.367674733517
118.708120743893	117.133899054314
107.156796922953	105.683170029088
118.14864600902	117.960068319351
102.121451534177	103.781909996966
118.556517774026	120.834584194191
100.430018403365	106.269007239541
124.220023732996	123.420194179665
103.646062457132	101.768762315687
98.3061688865578	96.4211279012562
117.306833937384	117.10231694191
112.510088385277	112.761833094744
108.722058370611	107.139688685406
111.416526833822	109.784742971544
109.43296245392	108.979079758933
125.941030990971	126.764088904477
89.3646180240055	89.847718744814
110.858643148815	110.567833594356
101.266852321767	99.3580894953245
110.293320699453	108.997920745308
123.345071136699	122.122756119241
98.7418075422604	97.0624188097519
118.8106418172	118.46534489478
98.1602100915777	105.417621603398
112.1243549067	110.714553828666
103.344203761303	105.05747228795
119.078215039036	127.119294045508
102.156594528079	100.603643169521
112.287903681838	110.776885224117
113.577602792578	112.027782886436
104.694497990254	105.532818033052
101.70649963613	101.507040521885
88.7569298711712	89.5386590153747
109.708857437084	113.185641301837
101.052759414858	106.668431728405
109.307698507635	108.836832129657
114.367147633752	115.588599584538
106.125221499381	105.599462969558
123.104572823105	121.543348717232
115.344235428405	114.203317197779
100.259843663556	98.5166415566221
109.695592884149	109.538332739551
89.5651861532271	88.2265205983189
102.67393810118	108.325785551444
103.900011885122	102.350159164536
108.993570836465	108.091380590107
106.487232639147	104.891268643235
104.847805320832	103.97155001288
109.426557168537	112.127629476792
98.16134493684	96.8442040627891
109.795314564696	108.759764612479
121.294668488389	120.013467675146
111.022278082248	110.852897736106
98.4661878106801	101.186666472132
111.425532202547	109.711957969535
118.928311262269	117.442620255803
108.795027341242	110.787785468343
113.729683446329	112.987374569598
101.426162574991	106.141950145992
115.723000573578	114.833465128981
102.868161578944	101.651993927952
105.142056553111	103.951881989581
113.450390230911	112.228720590971
109.02764055356	107.913407914285
112.717416056157	117.082196513313
110.102206476316	108.407021465137
117.840026299434	116.397621245076
108.914102017471	107.182256699313
104.721667413133	104.269897327561
126.0829663184	125.998588573186
122.368887033138	121.018732704218
111.328053912658	111.451169028479
94.1231748206629	92.8259268223846
113.84856968604	113.959791194183
105.10862301392	103.607403238003
125.891611363506	125.682429994467
114.272935253953	114.216381043209
124.651118151363	123.288785929646
116.446508279263	115.145733579727
97.0733205027286	101.541650730186
115.673897273986	114.399036617097
119.289672533317	118.993280740541
106.603374427442	108.076478821594
106.430188241258	104.787324474652
117.627204839998	116.996418833889
117.502601820139	115.999442737921
112.198144189918	121.300911294821
103.133797905305	103.016498079992
112.285048102477	112.319859872447
113.32560231249	114.294871313833
104.935833175091	103.269444180503
105.602177839677	104.272534388667
95.7488381788652	95.3392922300856
108.090340094513	113.290091023933
99.1252404011811	104.737265952876
94.0582091432228	93.665760594964
123.654977795077	123.053678505384
103.464617033102	101.862079168005
118.60437108665	118.221059648763
120.908552689925	119.874320158913
98.3911043177776	104.439451421466
113.22553007656	112.156769920826
107.679382332719	105.932781330662
104.664718473934	102.953269626594
102.510803298037	100.796828433211
101.030222202153	101.690965226689
124.471607799671	123.142425533026
111.324883170698	111.437808396201
117.394847930664	116.452822115924
109.294665914523	107.740711937712
110.156907552496	108.852181184726
116.0039371881	116.034649927112
121.729077024498	120.281514113791
118.39397281803	117.141773417798
89.3788232730462	87.806537574147
97.9451489426365	108.13552344696
78.5067899524229	84.40794188021
110.678485228151	114.670722215594
107.387428663719	106.345446075938
106.394474174497	104.884358122413
108.253327463168	106.661992037789
103.210729204257	101.533445039735
116.140039938489	122.301465435662
126.867872465241	125.468964940783
98.4596332422022	96.7117729070094
104.961166081065	103.717115668804
133.163672361271	132.004623794066
117.318764208791	116.382439196959
116.734093512698	115.136420759743
123.250004563262	121.67340798978
97.8430360014315	99.1660698971279
108.995589928641	107.207022328734
105.79151578986	120.107887171827
102.614028654216	112.899882158686
106.236256437152	104.524436177598
126.639045385373	125.775561919949
124.654499146432	130.667819221959
116.188054262898	118.747592614356
104.729506478745	103.079275341536
119.710379894688	118.629383623135
114.326551558854	112.502872654722
103.934463278605	103.416456171148
131.043632814051	130.413693934661
106.114962386279	110.047643728488
94.1754772661366	92.9395701479713
115.281825252941	114.55392662794
110.957670314689	109.99459085655
117.522586885218	116.881592069758
118.138929751394	116.539989132927
105.773720468584	105.360142043365
90.4721943674178	88.6361541197746
111.388338705353	110.215595061799
92.1742342972703	96.7868822281128
100.688103973279	98.7804387597361
105.184595094417	104.838963516608
119.42421782749	117.936591750512
97.6641711538149	100.251577595426
113.455815084332	112.944068993766
108.661399115295	107.598173726327
99.9043577149274	99.1041308199499
108.22172680818	107.788623865781
116.191015951466	119.009165126797
112.464394602174	116.418086794627
108.740479222288	107.233306770451
116.933251158339	117.328093352343
106.848506432088	111.986781629246
99.0098481331949	98.9955996488951
101.683073546615	103.225345718129
109.345400958331	108.158894457332
97.4329375827967	98.364482788417
115.952841092316	116.000123051015
100.735543548728	105.082621072992
117.170072185456	116.175000126089
108.983474803935	108.123276618117
124.990198590484	123.652178172791
116.001207545693	119.019434597859
109.674619832801	110.072630948422
112.822403193239	112.18538801717
111.689773927292	113.440130514276
110.054451200267	108.395750997329
96.9576535381667	104.705215649917
124.599136859416	123.393965017096
112.083960515618	110.499842638369
104.283130263749	103.299414586984
110.318836783221	108.850890106377
119.624683215291	118.277206738972
111.771391485979	111.446930501454
104.164755244902	103.66756819092
120.2817255714	119.716640269573
98.8078132697082	101.881790438429
94.4476905228392	93.1135886524589
106.989319344671	105.465868061707
114.316178030512	112.534868105533
117.104394651643	116.292962441257
106.959954963115	111.926003455622
117.429833521133	117.048533139213
101.392099917523	107.303579994952
117.937717082677	117.262056142001
110.55913724505	109.209263794158
117.794179528232	121.645931684805
91.8592452241177	93.4894136780624
115.247677452534	118.705991319479
115.415347247643	113.824179164027
105.888900672903	104.628074629065
110.522524251153	110.276253740775
106.176823460746	104.646069037031
114.927611153982	113.669563004716
109.637222727009	107.850674105072
92.0040762416742	90.5738330815353
93.3224505327772	98.0826860934981
108.38811727537	106.78826439919
112.678880664028	111.564939620431
111.467793349732	110.975453199506
99.1506063573357	109.879918276217
102.254286039376	103.372360545172
114.55280620734	114.510090587089
112.831946435675	113.242803077345
119.561542658126	118.063609661128
108.846356986879	112.772631150891
118.433335279802	117.79500836213
114.434427130299	112.74283591421
115.529350036292	113.944733490937
104.161894425988	102.564246176753
103.120346116673	107.780070399384
93.0218685166696	93.0634994949302
112.006186369078	110.818694227768
108.717183806581	107.033178762611
100.690243088144	100.10088812249
103.653318172064	101.746009724239
119.142325794396	126.968956934215
119.963902076279	119.651975941952
126.561374911525	125.561510664775
105.489613566841	108.81212991968
95.2065819416732	93.8252838391675
108.098280813289	107.281299233816
97.4593994620736	103.337942679717
105.767600217044	104.033801383057
116.397055295242	116.305199769098
128.23514047171	129.223246578135
116.03403461328	114.920248554305
101.28211599184	109.887407970039
102.074303519013	100.391311583337
107.567268189092	107.08658590152
103.70124928829	103.067521350166
90.1062265440117	88.6074159301428
113.087184501703	111.459878615072
115.290736198195	114.851096234951
89.7053377707146	98.3919954570997
102.424468215311	101.224367538627
105.278938235053	110.151341784426
118.738341175014	118.654033857583
113.181926509807	116.014150627037
113.259228550675	115.488750390535
114.931723575009	117.802971227579
120.942685823067	120.396687036985
114.365107535932	112.812405386945
118.625810078836	117.197950944485
121.82129875696	120.292706289006
95.5914247194539	108.930808715735
107.469464455126	105.858051797285
127.707377024337	126.476004700787
108.519451414107	113.249161910939
99.7848683228304	99.4856487053597
115.139722839037	115.297764195635
109.861452169119	108.476181855248
110.614273076514	109.520919085097
109.338480496799	112.014183658065
112.135562847017	111.673309645868
125.298215022098	127.241799948917
100.973273879444	109.163005101748
116.308792724012	122.473105640058
103.09207279571	102.670317815802
79.787252939018	79.6557808352516
99.8903437194539	99.27982321723
71.2089829951634	72.3559462561098
110.033560153776	109.895494006165
100.029655319658	99.4877607833897
109.884518321981	114.556948538602
118.470746657967	116.932611542745
108.060485649654	114.390690592993
91.3350096700431	97.186908553191
100.970662216098	111.194289794906
100.034681826685	98.0835028532825
105.92089073082	104.42818151685
106.568474982503	105.664628209417
117.122717933109	118.788081722274
112.450999944487	111.469262224107
117.895627673534	117.083840703141
99.1265107200163	97.5778507967992
114.685826591585	118.966085793745
99.8223053115985	99.9262367232585
112.16833288314	114.708625807717
115.957271912315	114.26198227009
99.8327411988935	98.7846755418043
90.1221495657962	95.1073257818116
108.393479682031	110.754515765155
128.363346413903	127.791963776014
116.770701316946	117.029046206767
114.234582543083	112.709632053894
110.593243600167	108.944206563437
113.38405096199	114.510044960792
111.339832916656	110.623793911862
119.073578119164	119.11122094819
95.7484559770187	94.2630323022757
118.24130009365	119.621964309522
89.8912994566456	88.3557183920099
131.525117300804	130.152311716533
116.244998037165	122.220939125412
117.169570124928	116.606664332018
112.112104379551	111.209034836583
105.966529794059	104.531870701662
120.035470562545	118.55363223819
100.874221413082	100.193432921378
109.323147242947	107.541003082704
114.628861317183	118.497124624352
112.776171564404	113.833719787104
116.931055419371	115.296480238224
116.418791842846	115.563003290524
110.063837224379	108.668066982138
103.613703685588	105.572528621531
112.474359561214	112.386432502846
121.23768074284	120.333430329587
92.2293933265084	90.7875853908301
116.929068867073	115.526481902632
107.936318304069	108.240920289144
102.657811490034	101.884297755139
102.451687020059	101.733276870943
115.546899224389	114.419154089666
111.764702185485	111.221039209988
112.796367905843	111.800816281982
97.1482308405301	95.9970012004816
113.090455912105	112.172935310809
117.555630264931	116.944485089015
129.871558522149	129.466180667234
113.80005789413	112.502098637385
98.1333031404345	96.6328266299904
99.4519821019372	98.6273961042085
103.680532094285	102.031212787885
117.377080826182	116.091321409229
83.6087581475322	86.7314174780036
126.818113358412	125.226649563688
91.270324286055	89.9003135047731
81.4464672743313	80.2004947504239
110.701234058537	109.462265783958
111.607038376073	110.582734930834
103.646559899448	105.492539207045
126.81819710748	126.415351958326
111.323662346691	113.322674030563
119.721292911418	118.460699794695
110.190813123913	114.599650843585
110.888580717527	119.643395149082
118.371505595413	116.908189685325
98.8148452568947	103.714440648287
108.470776876154	107.969524310499
103.216320144837	102.195548237027
112.273864194833	111.007002480826
110.870157139365	112.338031362214
110.818631143786	109.478798847547
109.280297609716	108.934833716761
88.868392760894	93.6070900797832
125.14668216653	124.337723919431
106.872557804095	105.09597668282
100.56491744403	99.9382942984761
110.396304185049	112.118664602397
115.681020415667	114.179229794678
106.463694990921	104.659955511914
103.28656397783	101.888062500816
97.3633761748621	96.8077079330481
119.651657107649	118.636566430925
112.480691195051	110.741032408206
113.266518209851	111.875197167765
99.3801527607983	99.4052691532526
119.544631965642	118.014327095517
107.184749641394	106.16635848238
93.7554244511404	96.3184951682336
86.7409568797105	93.7840339657427
129.371365009708	128.17983528248
108.613789351596	106.728692987758
117.469861406911	121.758321753267
97.6564953355181	96.7954651976031
117.867330235739	117.898427959313
109.75067780727	109.217368269599
103.510856046847	103.134291095042
107.793733948357	106.612374585444
105.410233678048	104.510631212188
115.157055533133	114.974786352642
113.131323717351	111.537961640271
103.289228661759	101.547705878683
98.4602554535433	98.9946442707942
80.6728221684439	79.4904608960062
106.258746141722	105.018764252259
90.9577529900086	90.4726701752693
