FMP	FPP
0	0
0.0489	0.0471
0.0849	0.0899
0.0356	0.0324
0.0055	0.0072
0.0013	0.0035
0.0025	0.003
0.0579	0.0607
0.1391	0.1413
0.0717	0.0698
0.0298	0.0348
0.0602	0.0687
0	0
0.001	0.001
0.0033	0.0036
0.0029	0.0046
0.0052	0.0055
0	0
0.0237	0.0228
0.018	0.0179
0.0405	0.0397
0.027	0.0265
0.0022	0.0017
0.0092	0.0077
0.0111	0.0082
0.0253	0.0251
8e-04	6e-04
5e-04	6e-04
0.0035	0.0048
0.0054	0.0076
0.0995	0.0976
0.001	4e-04
0.094	0.0924
8e-04	2e-04
0.0884	0.0889
0.0099	0.0069
0.0015	0.0025
1e-04	2e-04
0.1094	0.1069
0.0278	0.0271
0.0065	0.0113
1e-04	6e-04
0.0132	0.0118
0.0413	0.0436
0.0011	0.0011
0.0352	0.0347
8e-04	4e-04
0.1993	0.1989
4e-04	4e-04
0.0726	0.0787
0.1987	0.1992
0.0027	0.0024
0.1409	0.1531
0.0197	0.0183
0.0024	0.0015
0.0091	0.0098
0.0186	0.0237
0	1e-04
0.0194	0.0189
0.3022	0.3063
0.0044	0.0044
0.007	0.0091
3e-04	3e-04
0.3564	0.3482
4e-04	2e-04
0.0014	0.0015
0.0018	0.0029
0.0727	0.0782
8e-04	0.0011
0	1e-04
0.1291	0.1232
0.0923	0.0965
0.0017	8e-04
0.0013	9e-04
0.0077	0.007
0.0033	0.0033
0.0018	0.0013
0.0184	0.0198
0.0188	0.0208
0.008	0.0053
5e-04	4e-04
0.0017	0.0013
0.0365	0.0328
0.0136	0.017
0.017	0.0197
0.0948	0.0918
0.003	0.0029
0.0379	0.0415
0.0024	0.0018
0.004	0.004
0	0
0.0065	0.01
0.0188	0.0228
0.0034	0.0028
0.0545	0.0579
3e-04	5e-04
0.0483	0.049
0	0
0.0011	0.0012
0	0
0.0179	0.0218
0.1612	0.1595
0	0
0.0245	0.0216
0.0172	0.0157
0.0031	0.0028
9e-04	6e-04
0	1e-04
0.0011	7e-04
0.0028	0.0028
4e-04	3e-04
0.0019	0.0014
0	0
1e-04	3e-04
0.0278	0.0243
0.0072	0.0096
0.0017	0.001
0.0778	0.0829
1e-04	0
5e-04	1e-04
0.0122	0.0119
0	3e-04
0.1226	0.1198
0.0028	0.0034
6e-04	8e-04
0.0075	0.0059
5e-04	9e-04
5e-04	7e-04
7e-04	0.0012
0.0019	0.0016
0.0264	0.0294
1e-04	0
0.0344	0.0368
0	2e-04
0.0183	0.0169
0.0013	0.0015
0.0134	0.0132
0.0039	0.0043
0.02	0.023
0	0
0.3996	0.3982
0.018	0.022
0.01	0.0128
0.0099	0.0092
0.0026	0.0028
1e-04	2e-04
0.001	5e-04
0.0324	0.0368
0.0643	0.0626
0	0
0.1968	0.209
0	2e-04
0.0248	0.0276
0.0884	0.0874
2e-04	2e-04
0.0145	0.0154
0.0317	0.0339
0.011	0.0126
0.0795	0.0762
0.017	0.0148
0.0024	0.0023
0.0071	0.0056
9e-04	0.001
0	0
0.0027	0.0026
0.1807	0.1747
0.0732	0.0724
0.0128	0.013
0.0054	0.0057
1e-04	1e-04
2e-04	1e-04
0.0712	0.0841
4e-04	1e-04
8e-04	5e-04
0.0019	0.0014
3e-04	4e-04
0.0018	9e-04
0.0113	0.0116
0.0035	0.0029
0.001	7e-04
0.0801	0.0772
0.037	0.0374
0.0051	0.0068
0.0144	0.0129
0.0151	0.0147
0.0277	0.0339
0	0
0.0863	0.0803
0.026	0.0262
0.2722	0.282
0.0049	0.0065
0.0022	0.0025
0.1023	0.106
0.0416	0.0448
0.0022	0.0025
0.0464	0.0448
0.0412	0.0431
2e-04	1e-04
0.0762	0.084
0.0637	0.0617
0.0017	0.0011
0	1e-04
0.0029	0.0022
0.0304	0.0361
0.1567	0.1448
4e-04	8e-04
0.0014	0.0027
0.0143	0.0118
0.0103	0.0091
0.0297	0.0308
0.0112	0.0092
0.1327	0.1405
5e-04	0.0013
0.0019	8e-04
0.0041	0.0056
0	7e-04
0.2041	0.1956
0.0155	0.0119
0.018	0.0236
0.0033	0.0031
0.097	0.0991
3e-04	2e-04
0.0033	0.0023
0.0021	0.0018
7e-04	0.0028
0.0011	0.0011
0.0033	0.0041
0.0772	0.0725
0.002	0.002
0	0
0.1444	0.1437
8e-04	0.0013
0.0157	0.0128
0.056	0.0589
0.2373	0.2448
8e-04	0.0018
1e-04	1e-04
4e-04	1e-04
0.0095	0.0089
0.0023	0.0021
0.0052	0.0062
0.0153	0.0128
0.1728	0.1647
0.0041	0.0058
0.0613	0.0562
0.0032	0.0015
0.0879	0.0862
6e-04	2e-04
0.0055	0.0066
0.0703	0.0616
0.0037	0.0046
0.0507	0.0468
0.0045	0.0036
0.138	0.1436
0.0791	0.0856
0.0025	0.0019
0.0024	0.0035
0.116	0.1064
8e-04	6e-04
0.0067	0.0037
0.0024	0.0011
0.0053	0.007
9e-04	6e-04
0.0074	0.0044
0.0141	0.0142
0.1948	0.1907
0.0397	0.0445
0.1235	0.1217
0.0278	0.0264
3e-04	1e-04
0.0288	0.0283
8e-04	4e-04
0.1436	0.1491
0.0109	0.0107
0.0014	0.0014
0.0106	0.0105
0.0016	0.0015
0.0026	0.002
0.0028	0.0037
0.1181	0.1155
0.0055	0.0058
0.0137	0.0145
0.0063	0.0056
0.0044	0.0036
4e-04	1e-04
0.0107	0.0105
0.0018	0.0011
0.0238	0.0271
0.3025	0.3056
4e-04	7e-04
0.0019	0.0012
0.0846	0.0753
9e-04	9e-04
0.0042	0.004
0.0176	0.0188
0.0097	0.0104
0.3119	0.3142
0.0017	0.0016
0.1271	0.1244
2e-04	2e-04
0.0035	0.0066
0.0367	0.0396
0.0612	0.0613
0.0594	0.0606
0.0075	0.0088
1e-04	0
4e-04	5e-04
7e-04	0.001
0.0039	0.0047
0.0021	0.0025
0	0
3e-04	4e-04
0.005	0.0056
0.2658	0.2653
0.0085	0.0072
0.0112	0.0131
0.0048	0.0046
0.0646	0.0704
0.0175	0.017
0.0239	0.024
0.0351	0.0389
0.2013	0.2132
0	0
0.001	5e-04
0.0219	0.0262
1e-04	0
0	0
0.0012	0.0012
1e-04	6e-04
0.0018	0.0014
6e-04	0.001
1e-04	0.0013
0.001	0.0014
0.001	3e-04
0.0168	0.0171
0.0022	0.0013
0.0358	0.0295
0.0016	0.0022
0	1e-04
0.0097	0.0099
0.1059	0.1168
0	4e-04
0.0222	0.0182
0.0372	0.0346
0.042	0.0416
0.0965	0.1077
0.0214	0.0218
0.0018	0.0022
0.0701	0.0638
0.0483	0.0353
0.0394	0.036
0.0032	0.0019
0.0423	0.0453
1e-04	0
0.0902	0.0916
0.0136	0.0118
0.0473	0.0525
0.0026	0.0022
3e-04	2e-04
8e-04	7e-04
0.0442	0.0428
0.0873	0.0825
0.023	0.0229
0.0161	0.0204
0.02	0.0226
0	0
0.4963	0.4943
0.0022	0.0016
0.1119	0.1213
0.0211	0.0212
1e-04	0
0.0015	0.0016
0.0214	0.0155
0.0131	0.0161
0.0524	0.0546
0	0
0.0022	0.0024
0.0254	0.0312
0.0016	0.002
5e-04	1e-04
3e-04	0
0.0125	0.0128
0.021	0.0225
0.0039	0.0045
0.1353	0.13
0.0161	0.0175
0.0163	0.0177
0.0354	0.0335
0	0
0.0023	0.0013
0.0012	0.0016
0.0044	0.006
2e-04	2e-04
1e-04	1e-04
0.0146	0.0108
0	0
0.0014	0.0017
0.0366	0.0336
0.0283	0.0338
0	0
0.5357	0.5307
1e-04	4e-04
1e-04	2e-04
1e-04	1e-04
0.0277	0.0228
0.0361	0.0393
0	2e-04
0.1186	0.1187
0.0019	0.0027
0.0371	0.0374
0.0662	0.0721
0	0
0.001	0.001
7e-04	7e-04
0.2445	0.2559
0.0083	0.0064
0.0026	0.0033
0.0233	0.0234
0.0046	0.0068
0.147	0.1366
0.0037	0.0032
7e-04	8e-04
0.0059	0.0046
0.0025	0.0019
0.0035	0.0028
0.0072	0.0061
1e-04	0.001
0.0371	0.0344
0.0608	0.05
0.0035	0.0039
0.0979	0.1031
0.0997	0.1035
0.0371	0.0379
0.0021	0.0017
0.0089	0.011
1e-04	0
1e-04	2e-04
0.0378	0.036
0	1e-04
0.0139	0.0148
0.0224	0.0212
2e-04	4e-04
0.051	0.0548
0.0424	0.0445
0.0045	0.0055
2e-04	1e-04
0.0915	0.0861
8e-04	7e-04
0.0322	0.0357
0.0811	0.0812
0.3837	0.3835
0.1349	0.1354
0.0019	0.001
0.0278	0.0316
0.0492	0.0491
0.2153	0.2165
0.0041	0.0051
0	1e-04
0.0022	0.0011
0.0087	0.0103
0.1655	0.1755
0.2676	0.2744
0.0012	1e-04
0.0074	0.0085
7e-04	7e-04
2e-04	9e-04
0.0049	0.0065
0	2e-04
0.0058	0.0061
0.0186	0.0164
0.0471	0.0513
0.0029	0.0031
0.1113	0.1088
4e-04	0.0012
0.0105	0.009
0.0075	0.0077
0.0056	0.0022
8e-04	3e-04
0.0017	0.001
0.0189	0.019
0	1e-04
0.0014	0.002
0.014	0.0094
0.0254	0.0304
0.0016	0.0018
0.3527	0.3522
0.0144	0.015
0.0112	0.0096
3e-04	1e-04
0.1227	0.1238
0.0943	0.0986
0	1e-04
0.0283	0.0222
0	0
6e-04	6e-04
9e-04	0
3e-04	2e-04
0.0028	0.0021
0.1519	0.1535
0.0078	0.0072
7e-04	4e-04
0.0096	0.0095
4e-04	4e-04
1e-04	2e-04
0.002	3e-04
4e-04	1e-04
0.0509	0.0472
0.001	0.002
0.0284	0.0288
0.0635	0.0701
0	0
0.0054	0.0023
0.0011	9e-04
0.0024	0.0023
0.0365	0.0433
1e-04	0
0.1312	0.1202
0.0012	0.0018
0.0029	0.0051
0.0116	0.0124
0.0034	0.0048
0.02	0.0234
6e-04	2e-04
0.0015	0.0019
0.0086	0.0079
0.1124	0.1107
0	2e-04
0.0017	4e-04
7e-04	9e-04
0.001	8e-04
0.0121	0.0083
0.0129	0.0112
0.0275	0.0263
2e-04	7e-04
0.0329	0.0285
0.0054	0.005
7e-04	3e-04
7e-04	0.0015
0.0052	0.0067
0.0087	0.0067
9e-04	0.0022
7e-04	8e-04
0.0176	0.0149
1e-04	2e-04
0.009	0.011
0	0
0	3e-04
0.0261	0.0224
0.0396	0.0373
0.1232	0.1091
0	0
0.0187	0.0179
0.0462	0.0503
0.0012	4e-04
0.004	0.0026
0.0575	0.0585
0.0061	0.0051
0	2e-04
0.0022	0.0024
0.0978	0.1074
8e-04	8e-04
0.7632	0.7626
5e-04	1e-04
9e-04	3e-04
0.008	0.0076
0.0011	0.0012
0.0693	0.0667
0.0487	0.0527
0.0115	0.0066
0.0138	0.0173
0.0157	0.0203
0.1241	0.1106
0.001	0.0015
0.0149	0.0134
1e-04	1e-04
0.0122	0.0158
0.0191	0.0191
0.0179	0.0187
4e-04	1e-04
2e-04	2e-04
0.1051	0.1017
5e-04	0.001
0.0242	0.0207
0.024	0.02
0.0124	0.013
9e-04	8e-04
0.0129	0.0154
4e-04	2e-04
0.0251	0.0257
4e-04	5e-04
0.2568	0.2561
0.0183	0.0136
9e-04	8e-04
2e-04	0
0.002	0.0026
0.095	0.1004
0.0066	0.0062
0.0222	0.0217
0.0025	0.0021
0.1273	0.1336
0.0162	0.0114
0	0
0.0021	0.0017
0.0218	0.0339
0.0252	0.0251
0.1069	0.1051
0.0421	0.043
0.0033	0.003
2e-04	0
3e-04	0
0.086	0.0912
0.008	0.0079
0.009	0.012
0.0978	0.0915
0.0077	0.0072
8e-04	6e-04
0.085	0.0853
8e-04	0.0011
2e-04	3e-04
0.0076	0.0095
0.2079	0.209
0.0161	0.0127
0.088	0.0912
0.0832	0.0856
0.0136	0.0129
0	0
3e-04	0
0.0466	0.0385
0.033	0.031
0.0029	0.0026
0.0648	0.0674
0.0399	0.0411
0.1232	0.1374
4e-04	9e-04
0.0112	0.0119
0.0079	0.0061
0.0369	0.0366
0.0093	0.0121
0.0062	0.0036
0.0406	0.0407
0	2e-04
0.0016	0.002
0.0012	0.0014
0.0768	0.0842
0.0221	0.0183
8e-04	3e-04
0	0
0	0
0.0082	0.0086
0.1301	0.138
0.1581	0.1556
0	5e-04
0.0411	0.0369
5e-04	6e-04
0.0021	0.0022
0.0213	0.0207
0.048	0.0442
6e-04	6e-04
0.0335	0.0323
0.0028	0.0028
0.0412	0.0426
0.0532	0.0508
0.0216	0.0253
0.001	0.0012
0.0016	4e-04
0.0019	0.0043
0.0526	0.0523
0	5e-04
1e-04	2e-04
0.4854	0.4944
5e-04	4e-04
9e-04	0.0013
0.0242	0.0208
0.0087	0.0123
7e-04	9e-04
5e-04	0
0	0
0.0062	0.0051
4e-04	5e-04
0.0208	0.0183
0.0147	0.0129
0.0023	0.0027
0.2136	0.2144
0.0405	0.0352
4e-04	3e-04
0.0046	0.0037
0.0394	0.0449
0.1324	0.1335
0.8665	0.869
0.1997	0.183
6e-04	2e-04
0.0079	0.0089
0.0013	0.0012
0.2588	0.2505
0.0048	0.0075
0.012	0.0105
1e-04	3e-04
0.0263	0.0265
0.0344	0.0312
0.0019	0.0029
2e-04	0
0.0034	0.0026
0.0013	0.0023
1e-04	2e-04
0.004	0.0054
0.2586	0.2774
0.0154	0.015
2e-04	1e-04
0.1308	0.1298
0.015	0.0153
0.0667	0.0684
0.045	0.0493
0.0031	0.0039
1e-04	1e-04
0.0192	0.0194
1e-04	0
0.0014	0.0027
0.0102	0.0132
0.0201	0.0229
0.004	0.0039
6e-04	0.0012
0.0066	0.0068
0.4392	0.4476
0.0179	0.0209
0.0387	0.0371
0	0
2e-04	1e-04
0.0028	0.0056
0.0054	0.0058
0.0153	0.0155
0.1094	0.1013
0.0012	0.0016
0.0288	0.0251
0.0231	0.0209
0.0818	0.0775
0.0018	9e-04
0.019	0.0195
0.082	0.0796
0.0122	0.0103
0.0151	0.0191
7e-04	6e-04
0.1648	0.1602
1e-04	1e-04
5e-04	4e-04
2e-04	1e-04
0.0189	0.0174
0.026	0.0239
0.0014	0.0015
0.0024	0.0019
0.0028	0.0055
0	1e-04
0.0149	0.0144
0.0408	0.0395
0.0322	0.0359
0	0
0.0962	0.0905
0.0144	0.0218
0.266	0.2562
0.0016	0.0015
0.0144	0.0117
0.0124	0.0114
0.0232	0.0215
0.0046	0.0074
0	0
0.0221	0.021
0.0181	0.0158
0.0686	0.07
0.0022	0.0027
0.0486	0.051
0.0914	0.0902
2e-04	1e-04
0.0021	0.0016
0.0022	0.002
0	0
0.0667	0.0681
8e-04	0.0025
2e-04	1e-04
0.0292	0.0266
0.0034	0.0042
0.0079	0.0091
0	1e-04
0.0106	0.0099
0.1327	0.1297
8e-04	4e-04
0	2e-04
0.0182	0.0113
0.136	0.1274
0.0764	0.082
0.0343	0.0359
0.0125	0.0119
0.025	0.0206
0.0071	0.0099
0.0012	0.0011
0.0371	0.0369
0.001	2e-04
0.0302	0.0339
0.1511	0.1435
0	1e-04
0.5302	0.5341
1e-04	6e-04
0.0233	0.0202
0	3e-04
1e-04	2e-04
0	2e-04
0.1014	0.1039
0.0082	0.011
0.1934	0.2035
4e-04	0.0013
1e-04	4e-04
0.1728	0.165
0.0014	4e-04
0.0042	0.0034
0.0027	0.0025
0.0106	0.0091
0.0335	0.0358
0.0527	0.0505
0.1175	0.1204
0.0905	0.0945
0.0016	0.0012
0.0041	0.0056
0.1363	0.1445
0.1409	0.1376
0.003	0.0038
0.0162	0.0158
0.045	0.043
3e-04	0.002
0.0053	0.0061
0.0041	0.004
0.041	0.0333
0.0763	0.0703
0.0337	0.0329
0.0161	0.0152
0.1041	0.0951
0.0197	0.0197
0.2656	0.2487
6e-04	7e-04
0.0031	0.0031
7e-04	1e-04
0.0073	0.0088
0.1108	0.1058
0.0648	0.063
0.2961	0.2921
0.0889	0.089
0.2303	0.2423
0.0475	0.0423
0.0242	0.0201
4e-04	1e-04
0.0083	0.0096
0	2e-04
0.0201	0.0198
4e-04	0.0019
1e-04	0
0.0148	0.0102
0.0074	0.007
0.0105	0.0107
0.0869	0.0897
0.0228	0.0199
0.0018	0.0037
0	1e-04
0.0015	0.0014
1e-04	3e-04
0	1e-04
0.0039	0.003
0.1829	0.1939
0.014	0.0149
0.0011	0.0017
0.0652	0.0683
0.0013	7e-04
0.0073	0.0092
0.0116	0.0106
0	0
5e-04	0.0011
0	0
0.0066	0.0072
0.0578	0.0542
0.0097	0.0065
0	0
0.1554	0.1404
6e-04	7e-04
0.0333	0.0357
0.0251	0.0218
0.0045	0.0056
1e-04	7e-04
0.1912	0.1792
0.0039	0.0042
0.0024	0.0024
0.0016	7e-04
0.0276	0.0312
0.0409	0.0405
0	2e-04
0.0114	0.012
0	1e-04
0.0233	0.0217
0.0033	0.0051
0.046	0.0438
6e-04	1e-04
0.4178	0.4282
1e-04	0
0.008	0.0073
0.214	0.2146
0.0272	0.0291
0.0782	0.0842
0.0735	0.0689
0.001	0.0016
0	0
0.0027	0.0024
0.0052	0.0064
0.0026	0.0021
0.0174	0.0177
0.065	0.0638
1e-04	1e-04
0.0079	0.0069
0.2006	0.1836
0.0174	0.0173
0.003	0.0019
0.006	0.0045
0.0785	0.0778
0.0108	0.0091
0.0015	8e-04
0.0169	0.0151
0.0172	0.0221
0.0029	0.0038
0.0104	0.0098
0.0206	0.0167
0	0
0.01	0.0099
0	0
0.0497	0.0489
2e-04	6e-04
1e-04	3e-04
2e-04	0
2e-04	5e-04
0	1e-04
0	0
0	1e-04
0.127	0.124
0.0012	0.0016
0.053	0.0476
0.0822	0.0823
0.0803	0.0731
0.0072	0.0059
2e-04	0.001
0.0121	0.0151
0.0032	0.003
0.0427	0.0393
0.0099	0.0115
0.0088	0.0066
0.0013	0.0029
0.001	3e-04
0.0521	0.0507
0.0313	0.0294
0.1399	0.134
0.0531	0.0558
0.1779	0.183
0.0302	0.036
0.0051	0.0064
0.0083	0.0093
0	0
0.0061	0.0057
1e-04	1e-04
0	0
0.0103	0.0086
0.0142	0.0116
0.012	0.008
0.2495	0.2484
0.0042	0.0045
0.0129	0.0124
0.0037	0.0036
0.0658	0.0684
0.0171	0.0184
0.0023	0.0015
0.0284	0.0274
0.0037	0.0046
0	2e-04
0.0121	0.0135
0.0346	0.0333
0.0173	0.0231
0.0201	0.021
0.0028	0.004
3e-04	6e-04
0.0238	0.0247
0	0
0.001	1e-04
0.0124	0.011
0.0018	0.002
6e-04	6e-04
1e-04	3e-04
0.0522	0.0515
4e-04	2e-04
0.0037	0.0034
0.0156	0.0164
0.0199	0.0221
0.0844	0.0828
0.0029	0.0014
0.0038	0.0042
0.0012	0.0017
0	0
0.1869	0.1775
7e-04	0.0017
0.0107	0.0123
