FMP	FPP
102.631768917323	105.95584782226
108.225184014978	118.37048790234
99.0520660168416	98.0901734049461
101.591623801468	100.211048486041
114.402483058955	121.845067274581
112.551129569978	117.571292554207
83.359524541172	86.2136823718925
120.740806372451	124.763268785226
114.389115975519	112.628728302473
119.988407387888	118.103259603326
89.6856861092801	87.8152999928237
106.145912229656	105.873142530945
115.371028262929	119.454533359502
107.308887806716	105.423033975147
104.87636227461	103.795278862103
89.5859507881379	87.4013808608787
113.97552921439	122.73818358948
94.5896615568359	92.8636759732302
110.376873910536	108.389799316902
99.9788667064471	99.6127945638556
103.610618681265	101.891399487505
127.38197479432	125.623513911825
116.181760098321	114.523019124206
92.5101944318121	99.9311952710743
122.650747083129	122.180017120735
106.705034860417	112.282733580504
80.4805130926282	80.5829989315281
104.350838117398	102.029585732016
103.04403637066	101.910784764163
124.990648972814	123.724583884574
117.757874358599	115.9495769538
101.155392815669	98.8827267554809
105.813956779088	104.955243894412
107.881901173063	106.678732487711
103.727604745342	101.482253824774
117.626283877305	118.077543897143
112.901103779324	111.406687995243
99.8116175364089	98.6013176264125
123.221892091546	122.617163643217
118.547015008022	117.223210053824
90.7412675393672	89.2972293501542
114.287422581255	112.535116767921
108.487122966829	108.391793722542
102.940108909035	107.076816713554
109.370252129898	107.236589920547
109.998190940886	113.614494181685
120.029743638748	118.65792860233
110.896552702228	109.490460438231
107.188994253158	107.421297425483
126.061199507348	124.989219503571
108.364559417945	114.973909476538
101.327392205211	99.9867823125746
116.983482106991	116.938932773676
111.311366524755	113.547178638149
96.4948807310639	95.6259659858513
121.160076796051	119.647868198026
118.294858066605	118.294401444947
112.176262031662	109.922347946167
124.211638804771	122.784723191235
104.564639605607	102.468951854545
105.803234519918	104.131309516358
109.060354152121	113.078237463834
111.965740800722	111.15528493604
98.0617337325093	95.9863864301526
106.456565293284	112.239260498094
123.086289204609	121.450234359679
115.51780250264	120.336610695823
120.879684518685	119.543789817693
108.429454892176	109.688126243021
116.52723211766	118.68022895917
85.681281000955	90.6833883133881
101.944642073127	107.895368096896
119.706777040312	118.759083459043
116.886476239132	115.049981661894
102.20997133106	101.655743225939
98.0834558256959	105.782711453546
126.459378795474	125.554951355189
104.157743376251	102.122874923784
117.355416170107	116.407676314693
93.9931777713968	93.94961726055
106.25309921911	112.774435700286
122.86216239163	121.195239564917
102.591896877817	100.681235380102
97.5939068592839	97.271206911001
93.2054639242807	91.0914797806663
113.275201181552	111.623976137484
106.032802499743	107.097221523661
112.177855319615	111.185004086369
96.2423890741823	96.7405283036809
98.4308484532145	97.3522344563664
108.543171293568	107.375010045105
109.29450061225	107.453011407805
108.342113059147	108.595360873381
116.759162602619	114.822724868505
104.868169651118	102.718685453554
114.190295287392	113.724017562924
99.6968867199253	98.4406729711511
114.620322468541	113.433075572116
109.062603490062	108.824399082743
102.42917784957	100.076586919883
113.924802974644	112.935122991612
111.650754833903	111.995297344604
113.684042145828	114.493861723975
110.527394798787	109.447863258922
115.114809026881	113.823234613921
117.201200720833	115.396259455432
103.261717556884	103.133365173087
100.739041716031	104.646814351085
117.180943452754	118.285137145133
109.949783984426	108.094235356439
118.500889595808	117.586558781257
113.891774248683	113.28687299856
110.749261858149	111.035664258928
95.8589942953383	93.6073513774164
117.64106770323	119.266194865911
103.16754446582	101.210583261043
97.5575038020148	96.9955024886674
112.323493693803	111.852846502997
111.90007247077	111.221113956031
101.311162768691	99.1350544256432
120.879723333953	120.638863893652
104.144824564123	103.079339912981
104.711340849386	103.562986452904
100.153969245993	98.4655777162
98.6752400620148	97.8509109414844
105.077764480274	103.739973987574
114.823857640842	113.150231523248
102.018629614751	102.068573828152
104.097907239057	102.118075744438
100.155979483612	99.1983671133632
115.316689811148	119.12091945779
113.654719787573	112.445458442217
121.364672484654	120.457649280671
110.397001341836	109.181779690124
104.556510746233	102.938596233517
100.063373984708	97.8860540516195
116.372482690829	115.643852114302
108.883518672654	111.761825468601
101.884915359655	102.610787958038
108.122486646017	106.077503730045
133.575898215387	132.107951052864
111.200402897314	119.920995173763
101.065329693348	106.426837487216
110.175273657774	108.281267359067
111.80417353157	111.02204611232
114.110993648885	112.809052535232
114.411528284384	114.073014248419
92.7092371178237	90.6696546904935
93.1014140532233	90.9683740325982
110.451554883479	111.748744380805
108.25931660945	106.124401181512
100.436874749159	105.071724185646
94.7749436231336	92.5310679693476
104.005337536785	102.045783875356
118.157151910591	116.898980692034
112.82588851572	114.11075478892
97.9694106855747	114.141049231221
113.127328994993	111.344929305315
100.931611837347	100.946377701419
123.568135528623	122.025559440887
115.7652553582	114.954373731501
107.995428228184	116.782889686093
96.1035079687208	105.204947080063
114.997239475638	113.401301614582
123.797184404578	122.080174328599
102.786653134889	102.770595472138
105.847848217507	104.756385790981
99.5516536636803	98.5816369745114
109.950790939351	108.677352774898
108.28902762871	108.559500027044
110.250857368041	110.37350690373
100.425916395448	99.1208855472158
91.8208271167156	90.4777874610864
108.19758814501	106.09831443767
103.847460695979	101.704744537322
103.551326952172	102.92601935583
108.66111958996	107.059016634808
119.794689871406	118.033594534393
104.526798140794	102.382254594242
107.8072530002	106.00355443692
119.735249735119	125.758864139468
122.469713914581	123.796790145756
115.472768728106	113.467105462868
113.944456602656	112.169491768043
119.999422484099	119.34521209372
110.817689617775	116.222855096667
118.57269513541	116.616607964868
105.593450030401	103.590875037369
112.055432137552	111.221945450898
110.378506154664	112.316686841739
111.173589987453	111.205405893876
99.6030355251045	98.6795504995163
101.694067324042	101.366095333064
104.153409931511	103.205530780603
80.3064894611092	84.7928231142272
103.478445625288	101.399858556603
109.756167411862	108.741608322764
119.199993680314	120.524343587914
118.107864119671	117.220723452751
94.7745200556859	93.7505476555159
111.754726117696	109.730570834988
98.8443927074631	96.6328208039924
122.266221694858	123.248384791215
114.062970318944	112.279569011401
106.825131000561	107.554684043489
99.7192911582049	98.8263360283734
106.531587993664	115.739538496152
124.657142939469	122.778851420359
87.6963213059031	91.5685526805954
108.7765262144	114.942244769845
85.0588639988332	83.0539130332493
118.552812243777	119.901097713363
109.363434622261	107.216399151571
124.000818052461	123.686563179159
119.66647984724	118.667343182376
117.182538158684	115.225379155097
95.9252216100818	93.7953164032025
120.988529428418	120.701859817626
112.472188413728	112.211525940338
118.225466088928	116.344738005642
109.252273580196	107.235921256707
104.477402436423	103.940532386798
112.583472452156	110.535659055538
110.528316254415	108.395690576459
110.499899071646	109.371883865308
111.940166724498	111.037275327305
116.300446240016	114.604961472106
117.797720515503	115.979490769728
120.690048109164	118.889825433481
118.335472760515	121.884139954743
110.730743043871	109.014887662011
95.2612970653372	96.484127909854
123.684593196689	122.554508502301
126.823022590435	124.892302264697
120.229744002835	119.658349405752
112.023175945088	110.561188561926
98.9341797439974	107.276126985549
107.665587687714	110.942502684988
99.8275918710195	98.1464400284005
101.734283384924	99.5728114288805
108.723313035067	106.498692360286
95.6401139366693	98.4370562893655
99.9349921876366	98.1655697317294
107.448023987825	105.555131447544
104.244230035316	104.240804319336
105.127398981737	104.268408893431
93.8170913664295	97.5268631208456
101.858358074733	101.04740424814
116.901729883037	115.304592170717
119.14627528553	117.365870355059
108.013377443444	106.039850752832
108.186856013923	106.326423278353
104.578755053832	104.35148167974
108.021898275603	108.034961033649
92.3290659544968	90.1188762432521
109.329562967532	107.99982299815
122.739806773491	121.267264112127
115.074562335861	113.35370289999
108.698097636161	106.692292105692
107.969655816542	106.577414496792
95.5017703050598	94.4135647135994
113.081270451923	111.337230228814
108.271190955472	106.633857087282
116.035452403005	114.670055181664
85.7539877758084	86.109293861519
105.195388674056	103.966295099738
110.134766957442	112.778128563467
99.6570533644809	99.2021190754899
99.1336273151647	97.9705448542333
104.440747915335	105.200326264304
97.6954270269624	97.5521492257853
113.310545362674	112.550950869829
109.829976921627	109.062747196785
101.105087431063	99.2453335394208
105.924943675301	108.892563863157
118.909873530541	118.903233045505
93.541205428694	91.4155670512158
111.036698246466	109.608767489174
115.520645810848	117.612175020712
111.408962964223	113.111320263551
101.368504772434	99.9254937404696
107.720064089747	111.074538379245
116.537724342615	114.716608828351
100.97398865458	101.457545345694
108.8284846091	109.968282360263
115.104634223186	119.937627190567
109.948285048341	110.601138004949
115.580481122288	116.142465716837
117.893618251342	116.6814148757
122.263502954853	121.383290323296
105.367947284776	103.59224997442
115.607332874067	114.926152886423
121.067480405921	119.519058658439
98.0733651784888	95.8629428453652
120.357736772132	120.053316408569
100.688762235176	100.152145018578
115.593474397041	114.731676333275
110.234478997462	116.318354777061
118.487551417301	116.410805323617
118.46490833054	122.221044056865
119.584922966604	118.654390735199
127.114424458828	126.049570005966
109.374230524283	109.865491439744
111.52937606357	113.570997151865
113.772281792381	111.82347488723
112.688330817083	116.500535695011
107.966600564694	108.795632502267
110.03547957124	109.350244269323
124.374154317234	122.59766247186
102.966456136255	101.122225977887
100.352197622117	103.577841921864
109.307809810838	109.301990901324
106.669834212097	104.707642954524
98.0310736666858	106.121778643506
120.296918758972	119.248137055321
111.956451127174	113.790194898798
115.257637128301	113.984073412213
89.9205263764132	92.3045083899169
110.745312770208	108.751815648074
98.684197357948	100.31322736915
116.315330611326	116.901373273822
111.946146703846	109.893188631975
124.494562761512	123.515296848677
96.1778560066606	96.8313619291601
117.771268764588	116.986843911999
112.912070961337	111.145830166088
106.510325069489	104.79778850347
100.885195739777	99.807887189893
89.1287620168558	88.124475604339
91.5571181639118	90.2936597137868
95.4404514051037	95.5521668376541
98.6655290565871	98.8932817284276
103.878925882587	101.926449700226
111.842136820722	109.970847968358
111.445948709582	110.74001205738
110.126254460798	108.095280748567
94.7494573941939	95.3796104390559
104.30149696162	102.17796934112
94.1939277298076	93.1905271608551
111.539392623764	110.790435838029
105.229818646453	107.51946275718
110.437160049465	109.509638198803
122.071818223922	122.052535462376
108.031423513135	106.212514349953
120.799818736681	119.694763323185
117.561229158995	118.203139287994
96.6161673756209	95.5931107000033
121.684047096394	119.85625922644
108.29728022136	107.195707847271
125.752244967163	124.873591786836
101.22166304419	101.384144162851
95.4323505384437	95.104795153483
106.617060660121	104.415661792347
94.9925119538851	98.0752531576318
106.763847185805	104.604973659204
114.945060132129	113.090647430039
112.858711073435	113.989525935006
122.826470491845	123.738528461183
118.325915539623	116.940457573477
109.838210198958	107.738662780729
108.44218256701	108.627072007736
94.1476694855813	92.2785314846445
112.649401379545	111.56920083802
115.700568061091	113.883008169232
106.107522034339	107.967078882764
95.719277072408	94.0513620421309
112.882382455283	111.148601000611
115.282900885526	118.348323899885
100.236325050476	99.2908786788336
93.8013162642864	92.8884301338828
103.713866402809	101.629402808375
88.4775161224462	86.3469448725579
101.481276664482	99.3085429192354
98.5528287853404	98.6172118867272
111.335173462547	117.925805456571
95.4456959969581	95.1352717033137
112.135193918957	110.31249398445
105.987447991534	105.5701272721
109.870997953167	108.918587457083
88.8357058192509	93.2045039973073
102.400251418127	100.631999635143
110.168491552647	112.973414749914
107.226564039327	105.281151206127
117.676192050957	116.813838839903
121.368364897389	121.189114063899
104.502389316375	102.390916400825
106.382921406511	106.328736476604
112.358381469218	112.510833511266
114.656471043045	114.825649799377
113.86819174616	114.082086522587
104.401761887683	102.908200273846
109.412684849138	109.108264228074
116.427488960616	116.345631134828
96.5709660258788	105.695988040467
97.7193202487974	96.9906129367494
103.062819345388	101.2621229433
118.401767218169	116.426209092398
124.73262411981	122.992457204781
115.318139425015	115.207891114455
116.371218359954	121.200445075614
105.885086334486	108.894672433833
103.784812129722	103.647917367233
107.784747979843	107.473902700497
109.497490427066	118.923886844271
111.905996753483	111.581784308131
96.2394710386657	95.7859344125331
108.424078787299	106.233469187307
128.802186448551	127.085286377553
114.920282730886	113.018647964926
103.494514572542	101.520214123928
109.082885130145	108.011827408084
87.7312201464474	90.3890894714594
100.910032456234	100.877387476094
123.261741384447	121.640759360815
121.542095569774	120.043297100067
105.661700265687	103.666873123783
107.263052497004	105.309750063101
120.147103778896	118.110276776454
98.7322590163829	103.326572118776
110.339188537723	108.61023570711
110.593136069276	109.16750950006
105.142371949524	103.21576231032
103.174822959477	100.906989744043
109.111602479121	107.582830620928
108.205674147823	111.889659632252
118.240171813022	118.016543630734
104.971386024827	103.078962566303
120.172138497826	118.144500490033
125.715536406501	124.075319242636
109.300349046584	108.374395724612
124.484814032237	122.809704776622
107.535442982865	109.40120886885
97.7805735328823	98.2057323331923
115.355686638825	120.542474322852
122.40118376989	120.582208917462
104.870942152623	112.541075494406
99.5744999761743	104.277798390223
91.6318939317812	95.3021667640338
103.139005276943	101.633277776268
108.901514884158	111.645663868618
108.634168372705	107.540393084575
107.018602428473	105.842441823475
94.2975552660963	98.1413702945884
117.215736347975	115.469896767772
107.382616145932	106.179048174783
115.869445999369	114.77311175298
104.92408655788	103.971173245786
112.057732573071	110.413730225091
111.115927200297	109.830943494118
122.680958924077	120.835739881799
114.952525420029	113.048922611126
122.702840673779	121.239332395981
115.963011072166	114.376682574998
115.682448117996	113.819197931772
100.200625925602	98.3024173512953
116.568843807401	115.195751248867
117.520335353398	115.755839176265
110.316976991944	108.338509539654
104.449088629032	103.748652391537
129.208894202535	127.772973799621
116.258385195605	115.85667387088
116.963121925733	116.222232221779
111.196818010061	113.680788312101
106.07175466064	104.318202179886
117.190336065894	116.678491120704
113.718102218358	111.816721352382
107.271356099898	107.919260954345
100.570016454788	98.1592114488115
102.931415185215	109.452375557969
108.328222885517	107.21269924663
124.90514258647	123.209259669066
110.555798781369	114.174274361051
120.063894703891	119.638913920263
109.905947848693	108.342559457413
106.851341889333	106.33762024221
109.759452523492	109.129352311893
114.647184123685	114.477684245694
100.794269827429	106.004136330185
96.9570646050979	98.4528627758011
95.8576065563633	95.1931171146639
109.565703395141	108.602788554948
102.015595989743	104.461754699432
109.46278496065	107.333271170719
102.882392189084	101.047507225541
97.3011531841019	98.6404833933182
89.8932212067933	89.0119521129629
109.962949302924	113.910396239586
109.583647864317	113.177014665678
101.639877945035	102.569716400039
119.083735876741	117.80272064254
119.515388783985	117.69420336902
124.819077589112	123.57883242292
107.351226267753	106.114458580516
92.9227255918714	92.0295392832316
103.161084735294	101.081155093186
103.149835971723	102.551283353304
103.03383438109	106.873593041531
92.267036818619	90.1851366154008
115.83841602625	114.126765868022
115.66360963481	114.198297542039
92.6584036170215	93.4909755167423
101.548172208568	101.483971163804
93.0553654669405	93.170772727247
104.64424739923	103.169813721792
95.7485811567452	93.9404772192471
109.084966518951	107.080328419824
111.642382306677	110.158990107226
105.787353095418	113.447224756054
94.6430957737527	99.7326114608247
95.33022468858	94.1786385958193
104.061069461799	104.334396741935
92.1001563215785	90.3666425269724
115.607871072308	117.98440184569
107.64569937911	105.588198412435
116.035698765504	114.347594454621
113.744275505502	125.882363795249
114.336827192857	112.589235318288
105.422749704013	109.083840104951
105.872612554123	105.467666712707
106.112339600069	105.300941868298
100.620389452068	111.094316629048
116.126606918908	115.18588679311
94.9274913167035	93.3166877277109
99.5528469992462	97.5232675902181
130.039915686306	128.358110765952
101.249907437572	106.220776821893
113.089026024937	111.052634616748
100.321123434191	98.3754801631039
93.9881852871628	93.8495446196234
113.579720686991	112.967709139168
119.013255823638	121.519310614875
87.5541640410442	85.9116094758789
123.466540808944	122.275886802155
103.330933748963	101.792728121134
115.704099128404	113.967161196042
104.581322288858	102.824801247183
116.81051078243	114.838433834423
109.291664713876	107.189859327605
113.187159271315	111.17980702566
109.827846206782	108.071030322417
120.93312622422	119.591170308644
100.172741933135	98.1645253405463
102.340695959729	100.336366898979
92.5416757164334	99.0334879986447
121.449269548991	119.59582791533
110.405098126646	110.46425261776
112.494388730479	110.743100084847
118.963929701237	120.653415128601
107.21324549232	105.216619593965
100.245128180295	100.024174047865
127.275791609478	129.940637690964
107.917304948853	106.082596488389
123.211922560322	121.578538887041
119.754461238122	117.92645440811
124.997993202141	126.144781802495
92.2784213804076	90.0096811694242
113.146504057202	113.108672231204
116.191475269415	114.009741018819
117.770382749639	118.733979146827
111.008990422844	120.340650019528
111.669155326843	113.953773523305
110.346867975822	108.599049478115
106.430250352039	110.789390445547
102.652098367812	104.510251687801
96.9226174364288	94.7609329154091
113.97336749982	113.982991130435
102.603875149329	101.529419846911
100.964679340851	105.818743657596
118.365587663209	116.552523436471
115.356637827059	114.112149452361
102.629935329339	103.100604676885
113.140865459553	113.657160611394
117.696402998598	115.630782860829
107.247079210955	105.500009431106
100.960170141207	100.153489313454
110.19251527375	108.254117808084
110.162809446906	114.570516123952
117.37692087941	117.00050765238
110.617276680544	109.374740671551
102.042061713693	100.441240092036
108.626278652574	108.378940494015
98.0297270215714	96.4318898215327
93.8030556627752	94.4982734170546
105.843017158851	103.871433111721
102.828263222753	104.015495022849
116.691751120295	116.338768194101
108.008961904932	107.793798636939
112.357808592805	110.418847808115
116.874781180201	114.907038376042
120.057078690747	118.203341444381
104.392035235543	103.343025386071
101.15776672449	99.2602017514541
107.389501608609	107.549928984533
104.882235751539	104.644781776861
109.354388105483	109.233747445054
127.601530050521	125.967075029764
109.611558568671	110.571100985958
110.043847068205	111.75391892576
115.107962538211	124.737186313802
96.0557281336683	101.305115807647
98.0399497294417	104.075063201485
112.070836007165	113.009548272507
107.017588628458	106.23015974864
95.8940867392522	93.9246441544416
109.70729470203	111.994898699797
122.830348721183	121.511717626307
115.162114919091	113.728600088306
99.0390769893877	108.103868441403
114.14910158381	114.076344118952
105.752076962906	105.982552411852
92.4040528342296	103.0558305306
131.479214236034	129.858930097342
118.76832668774	118.630703995641
110.761264485282	110.545710264249
111.780179572902	109.914280322655
111.523036885136	110.300763222556
116.193590401033	115.641229599496
123.707890608436	123.84343274513
111.016856847899	109.067483102819
105.7038977957	104.480509408826
110.515462074295	108.837747401332
96.8999874128796	99.5882707766718
113.971662835572	114.939414562641
109.022747563386	107.973769947726
96.3710928579555	102.433352074989
92.2553966246797	91.0273616285899
121.417979095136	119.412131580831
103.022251750283	101.499868295536
81.0581874639581	80.7397741472127
96.0211370823431	95.8796831817427
125.683270467607	123.753115475968
101.674996081297	100.382037492991
97.460783840618	98.1148868982787
123.494827196702	123.146195133112
121.118258194595	119.98564057656
100.044745508319	105.026060517918
112.272538470529	110.405843290719
116.264499495179	114.762497081661
121.187009359534	119.733804348748
118.069092366711	122.369969708193
101.131144151352	102.975040364459
105.327514113259	104.886672069582
101.885960258756	101.549164114308
98.7990613252673	96.7984825465239
90.9631011893774	95.6530667625561
125.674558847042	124.54220098457
111.350210443328	112.097000295925
115.941079943513	116.02975679473
104.030352693151	101.88346675811
122.058445589532	120.457678151522
102.024766240108	100.073288890589
106.164035313258	109.243919679717
118.809732851936	117.827544201455
115.583183966896	113.800346610588
108.333902789681	106.492945719595
103.277936611899	102.741733530635
108.321375803914	110.018921027452
111.423552037151	109.462403089788
110.392701556848	108.839321035332
116.408447972473	114.63371217467
109.534554019263	113.503662593795
103.770512479385	101.677147867004
108.993668724891	106.762947600348
126.826888606161	125.492867991748
104.538597747218	103.198922457807
114.714369948289	113.678587586182
115.040225446974	113.996640831729
108.907732375983	111.14368495336
121.301474241029	119.711563018784
107.823703247696	108.495249789785
111.305044314403	111.639149982931
114.249076722268	114.152743052805
104.463031796612	102.311592725451
118.616686065393	118.164503629144
110.262202155644	109.345423467085
98.4302110495495	100.278092259835
103.008509618616	100.856126548585
91.5321901349919	89.7326530391114
129.645855853102	128.957818033179
83.3807821353659	85.8332823649813
98.3379398384101	102.628888683068
123.034313543458	121.117584240526
112.44811532296	116.199734867454
110.348080567634	108.839826146151
110.443429393644	112.64365817829
111.112680323289	109.677647531466
126.248836768943	126.13436091827
105.174489073236	103.285574459446
102.88482658556	101.330060971821
98.2078789389271	106.450730319054
126.527388820777	124.773315568101
108.468726668078	106.881605722021
111.376879951805	109.529295898724
120.857363476811	119.736266430412
101.810622263696	101.001443785137
110.798025281103	110.751575282687
99.6312399662983	98.3666901451999
103.111442030904	104.79221598722
88.5268962913038	89.1196498162258
109.172205522614	108.872943522772
126.085494677065	125.690452407168
119.04290060247	118.263752599764
119.54203876238	118.876535845263
78.5059361225097	82.9734375505099
97.2829275336207	95.7346422008103
117.487103595438	115.827698357471
118.815124746496	125.99620397016
111.024605749709	118.212005235433
100.741392032324	104.89244452253
96.738960704855	100.493015523027
89.7898585342894	88.0208136048001
98.2346277626704	96.1364517929418
124.395498445518	123.34613263923
96.1185170951721	94.362819390081
109.919015313264	108.404946864563
113.64167377497	112.792991669126
109.811600398012	107.876549210681
115.818706746357	114.019947199828
100.244210032566	98.0138626072102
105.740908640799	104.176715913436
94.7185748029502	92.6774674057664
102.569315571168	111.344240128064
109.125846492339	108.019193597698
113.220407254481	111.811634936639
104.222196346241	103.47463165666
111.507147349751	111.243646341585
110.82230423841	110.562690600536
118.117165932827	120.00929905928
109.409557722885	108.655053268933
115.972845148664	121.111343166027
105.965489139719	118.064918416822
103.544206933331	101.766227003123
98.4198854517756	96.4104091769264
102.374636957041	100.2886500057
94.0950881434056	92.5567534776625
88.8295269226829	87.1712653293775
100.506409099363	101.055842037501
115.173867577983	114.21126406313
113.639192495615	111.568781869726
112.253540477016	119.92821396137
107.280738852719	105.347874073727
118.795627619871	117.03053052311
110.640699144102	110.376227048057
97.7211105297337	101.064687065839
97.7520944771147	97.6711255098206
109.210271298365	112.34473629626
117.841462440161	116.035237466492
110.470214362898	110.075174714475
98.3041956095637	103.078697478244
97.4048779846127	96.7989647920817
117.36756804679	116.117323492952
116.610990160162	114.853732240123
113.967536545252	112.309149885831
100.684094493897	98.1805241186456
110.093173224691	111.537497083635
100.195170714367	103.756276658758
111.890607875069	115.235404418993
119.728429364742	117.8935184322
104.774435988994	102.631400821165
119.280554814046	117.633922876644
107.593109074763	106.154367261419
112.850592200476	112.340748089299
119.644654996059	118.319709937324
116.353729405739	115.57924910478
114.402554403706	113.20158999566
96.8506309431846	103.016428320489
103.664884778916	102.964005573762
88.3641861476109	92.4306788459859
104.225328271739	104.758514203709
108.310330062769	107.872429097955
99.9290589060538	98.9943820121289
108.572079201708	108.086715542225
112.648437161834	111.172392831172
119.472384653177	117.622808796784
121.777043901203	120.000153409997
90.224348095332	88.314000653442
106.22321306435	104.185478915368
105.251704650149	104.84532038198
109.184582350773	108.718994331052
106.424301639332	104.217025893328
100.916078401802	98.9111495424719
119.640567968231	118.399378822661
115.304102515798	113.345103273339
106.915197753914	104.643132230166
110.799540990235	109.054239164085
124.931143465797	123.036394989185
109.450095160567	108.252579717418
116.344285592172	116.723243880631
116.355701050779	114.846216660719
97.1107078595972	99.2977503926629
116.708332917736	115.751995127428
125.196062884832	124.186996926935
117.533778508225	115.62802009533
111.72474939984	110.479472924783
124.792286143753	123.270788863616
111.769936881821	110.462994494722
117.347611658439	116.711680162576
118.382144307246	116.734372120862
115.571668571765	118.173021468038
112.265278173993	110.429504662338
108.326053746962	107.635042348455
100.586662911466	102.263649468871
108.847414348248	107.32594224748
99.0265042936257	99.0561968051759
124.6689830657	122.804221429771
104.42633984516	103.520516027865
124.710491140395	129.859214144257
110.258778895	113.753203695928
106.272297609984	110.837310730884
115.508251496629	117.783758555554
118.098888115625	116.119419003046
106.708241182904	104.963576720091
109.273164588796	108.004109203278
103.376813790686	101.31871737526
111.538035152702	109.90616878465
114.102514705451	112.060399419999
102.37045489276	106.657782040858
126.733553540594	125.036833900482
106.319146895916	104.312455851258
94.9022163183158	94.6278301096486
108.219614537809	106.597522880107
115.520035240125	114.482498742488
92.8890572313069	96.9912239824033
111.68989120734	111.536374282687
123.80578528161	122.859765480953
120.655915944361	118.772303848307
118.495738607375	116.891992947927
90.046513622492	87.9885556945969
98.1202751659311	100.752730083827
112.186534925452	110.210725287747
108.850355832345	106.688506820638
110.537981371278	108.428392074996
96.5128171330044	97.4401185570809
94.1910233744937	93.6147626440427
116.029150877237	116.215152525578
108.963608806713	106.76801713284
117.45206654523	116.793220421665
97.4322432959321	96.1529824271221
96.8938410640894	97.4819985317086
112.013623191732	112.568247535003
91.953335207666	95.5508108233418
104.31930390919	102.989470411971
93.6548180221112	92.2768993220153
103.767247162269	101.843336510607
123.350202702829	121.463098845815
103.410920102571	102.145958833685
106.921601278683	106.4168631489
118.956882555479	125.886531307089
99.2965384641485	98.6379219948755
103.352481910024	101.277488623711
99.9927860709691	99.5169121451174
86.5032763156314	92.1982925152537
98.120024427575	95.9552518332758
108.331550205881	107.027504436261
71.6664365064576	74.136745129528
104.99968909897	108.950563795663
121.039852638573	120.415355859667
105.901602268894	104.256998663857
98.0127070883139	98.0916172633992
106.532646897588	105.55611082747
112.666085164672	114.673843226022
128.530098380376	127.726772424313
108.07238774585	113.205088418446
115.033461377548	115.350681938343
106.359660193466	105.598965755735
132.879274437915	131.599995071899
97.8083652540592	96.4201580297024
106.15881543506	104.714888067212
99.8475127856067	99.3314543372752
106.07602429879	104.094253473017
113.027137480847	111.549492091209
112.716333220866	115.304725100147
112.500441731984	111.435669755657
105.528945068062	104.360813401049
91.0122533322771	90.4422750927695
116.394560044781	120.793818341525
118.556527983467	116.703462739241
127.373728437511	125.768743498708
109.7663913656	109.136269913562
116.082972445919	117.901522228998
115.496424748261	113.432935967602
108.272532235744	106.257398488571
117.939755003259	117.861181054396
117.159326780733	115.956096968787
108.366534017583	112.059284388504
93.0319731422307	95.3739247830661
112.290621397421	111.589506118234
109.57679737806	111.27052612775
121.382827534826	119.928384498181
105.771988519042	103.515307404992
124.797753235764	126.589765882427
108.694971200663	111.058737756323
99.5029541208705	99.3253052199162
116.971657801698	115.058734209568
89.596810318913	96.6586766578068
80.2655426547074	78.7752540184705
113.830273436181	111.986152643545
95.5465672036321	106.468507324065
93.8441309619229	92.3663651670012
113.854898744663	116.948904864211
100.878540626259	107.739983301567
126.630332840652	125.445366959685
109.457267287378	107.90982451558
120.389232959745	122.671964205862
111.087254666691	113.704240144267
109.515437750439	107.302370952659
121.727594392908	119.956264084567
117.483604009176	121.427195330796
112.630275536514	111.306944341328
116.417241018359	116.319791562478
99.2587300638747	96.9899811243879
102.019374913815	100.032090926937
112.148221166603	110.998913305305
95.1173144412761	93.6155263739658
110.158885257906	108.372369539639
104.773116689202	104.722300023731
108.726187175128	109.225073269006
110.647461031549	108.443882938223
117.665300143599	118.714024656361
111.565045258353	110.832181722781
116.0385937285	114.694938369996
115.310896278566	114.742060919609
123.910986377356	122.915471234676
118.725537199311	116.751457672539
118.001173796394	116.705137373783
115.870750043915	117.940224109059
99.9532969389531	100.029728179351
114.432622022115	112.294797550742
130.452582388081	129.83718909307
112.139329691291	111.570119095981
116.531757402565	115.343650186688
119.659491658002	118.003372863032
112.929972344357	112.938467188209
79.7473687629952	79.8605698666192
127.977982875871	128.603973190891
107.497529297647	105.626267615952
114.421187949145	112.387006347093
113.302345713725	112.91895791094
105.206263795289	103.860059608678
112.547712493593	112.481430090861
102.565044638402	100.780186868494
113.961502448505	117.476602921405
117.925859823714	117.117141976018
129.45836080607	127.878151636198
98.8638358536705	96.6355059435361
108.139168425957	106.084332265073
102.721624085827	101.623773639099
112.452831928221	110.8188043024
108.71177196287	111.822561102027
103.544920891869	101.41131538957
91.7213114232422	90.0520244410897
112.14871731834	113.657105514061
70.6324294739887	71.2521018699296
114.137773083802	112.247268351608
113.045623964143	110.947658929226
114.281395234509	118.019251059478
89.8004541896684	88.1360482925904
87.5913506935157	88.7956896320201
99.9200377921997	97.6388030880835
117.459453521539	116.921449167068
116.725186669589	115.794759983833
101.467415159446	108.415688332198
118.22391381222	116.452567778521
99.9188902850346	99.2389998605191
116.91841763147	117.143471595883
115.341627741827	121.262366536491
108.974075355697	109.30485489924
102.071344809291	106.931321794965
105.083411353422	107.907847648081
81.4141912416267	79.8680216812597
106.081379650833	107.236916593397
109.149993598791	107.044576294156
127.037870458258	126.38874999904
105.878943906211	104.174254755561
106.382591465872	104.492983248338
90.9547036104563	92.353360865484
107.599269234755	112.150412506976
102.629640862417	104.666367530279
110.020673308503	108.026323280158
105.909560682647	103.877686523356
99.7502939031946	98.5883223993215
99.6795668302952	99.2337771943185
103.949412614359	103.485146758318
112.276274248308	110.262451798028
118.069053088003	120.615818380689
103.433933884945	101.734498476112
111.198572462893	112.695288568043
107.844148910877	109.885588165765
120.335131954254	119.535127569792
115.658811647257	113.688053157556
100.95688105847	109.366499087918
108.574013052355	106.47325697419
97.3717556099161	102.118664691546
103.636121068814	102.993306941906
110.070838251575	113.686512750366
89.7340519861509	93.7775422432496
115.24924309688	114.980753566987
91.0982043379448	95.7004191601021
118.330570982681	118.594485252237
108.086610869673	106.476988550227
