FMP	FPP
93.9812841356656	93.8516405439179
104.115280851198	105.190087536127
113.845362448998	115.288638698424
99.7466015827966	99.7089125882054
98.0812062966192	98.6536162163168
100.390546979025	101.623633864019
89.3854352768699	90.626046505117
108.612479449428	109.546695027776
100.032254820846	101.583638166272
104.817952851974	105.594088263307
98.1009763982277	99.6131389316695
99.3235151441026	98.4780587657398
90.961903400679	91.9743755988694
112.080699655816	112.964297401914
117.222114689403	117.77466197586
83.4535780872596	83.9132574591455
120.729321207096	121.571143388319
98.8053476596292	100.267497060633
93.7148614347486	94.4573964888567
105.879954168176	106.157852015329
107.356449742167	107.520103677725
103.398114464933	104.436172505279
101.592721888032	102.896029428865
106.189370602982	107.213173480169
116.165620519653	116.771676868755
103.526952863176	103.572751995425
109.920166452273	109.674628827919
113.986289693271	115.142821558623
75.2956488804107	76.7500328803149
95.1987778267281	95.8796105743209
117.363469727091	118.264586171162
107.05730542342	107.807939124681
111.500140279251	109.287384537908
112.464693705894	113.309529156556
107.752445351182	109.061037910621
119.375066091867	118.920440858824
96.2868305104472	96.4236440605349
112.492594602138	113.544174216912
99.9212603583931	101.198189909776
96.7514090178866	98.1126457540104
118.800657842458	118.808082932865
103.888407038577	104.202177679407
103.693455108932	105.345004318859
90.1262466892678	89.8687366847979
113.679921250567	113.555778487102
110.219069685469	110.064544054049
101.652677267507	102.753247889293
101.855537165451	103.19179114051
114.517164864713	115.114097906504
104.560516977781	105.980791786699
93.9032490229626	95.3292813892507
114.212938848516	113.704147413075
109.738570404014	108.999119760295
105.035359693557	105.787693051533
94.9557509879521	96.1928562884842
116.905232388054	117.717363557052
114.692855643324	115.670289067569
112.419508179441	113.024326042871
101.908845195209	103.136313813137
112.247804134329	113.309194436178
90.772223252158	91.9023920546614
97.2303211475582	98.8404493846376
100.679131473636	101.827856001642
120.449639950704	118.648561736212
103.51449774198	104.421905682457
104.169112303287	105.704773554536
99.9703848306833	99.4282938238569
89.9464894663704	90.8628069209126
96.6787750717266	95.9668292336087
102.401746219021	103.920273382485
101.220338435107	102.130053237571
100.015456334197	100.571531800431
124.468043241759	125.531069138731
103.663385354479	104.957840223001
97.8197429549081	98.1334423932039
103.146191495065	103.87730800211
116.184768331818	116.15484929945
87.1899479762335	88.4150543601824
91.6975577577863	92.4467939987418
88.0019453321363	88.6838200415736
106.986799606756	107.930187007094
111.304407439935	111.438077309346
105.185911891374	106.322906047767
93.0380740724272	94.3847979409491
102.444087966002	102.798507592635
106.762075249871	107.870671626992
106.169927951529	107.055740996551
110.839622045682	111.624405051189
106.176390793461	107.46117680485
95.395305043295	96.8011527353591
101.216079899053	102.18841718071
90.7080516702566	92.2781919538523
118.93712541351	118.266831830871
112.171074869586	113.388544898475
107.347213614039	108.811472897993
90.7377030462753	91.6948376140055
115.46936486032	116.136633630833
113.83947803108	114.749227401419
111.205053900022	112.244125176256
100.697384054034	100.858089119601
91.8419882312326	92.7348571752179
103.164396875261	103.943912520982
97.4456718184908	99.0915620014335
92.2420637872614	92.7041386638882
102.539000197643	103.15199555786
101.116050687358	102.048305851237
116.106022738375	115.614022352798
106.055417732454	107.147708244231
111.288516601411	112.052278515638
97.3739350475082	96.6981335008217
105.80401808941	105.708603260111
98.7788817918558	100.1074452868
109.956496966017	110.20215866301
112.93573571026	113.510028887694
102.442784393423	102.313318865019
101.473547268184	102.075156346818
101.557836766063	102.758629126349
111.669498352525	112.798044777702
92.246467991768	92.7620211666834
113.330237530671	110.762763805334
84.0316429268963	84.8847341571221
101.83137828245	102.637746365809
104.722593131118	105.595657999206
101.727511073617	102.885811760883
98.1830496532737	98.8663800170289
103.219790018283	103.558272368022
98.6406807279281	98.8080819412928
102.133000227697	103.78731212503
77.5112604053304	78.8868237832349
97.2853176859547	98.7982063640086
108.610835419267	110.208975382854
108.577018827254	108.438387070286
98.6882344327122	99.0157044424375
88.9080259905268	88.3867275217981
100.430618304744	101.28289692026
107.346912325113	107.834598915398
103.812831883256	105.046575502024
110.204070780045	111.304400670249
112.765201210795	114.017065958265
114.530967649434	115.099339635539
113.682243462085	113.626824920171
114.759380192326	115.202434836791
109.255688780239	108.939069520643
115.921564805796	117.024370684931
110.825342168757	111.113364428158
101.160134771836	100.148254558535
105.138573153731	102.883165907059
106.790541416419	107.475385917083
117.01464032793	118.32914290141
106.63251139511	107.68255080348
106.384943403118	107.53287632062
102.117358277839	101.966934845127
111.59318674013	112.296894293671
113.468910243745	114.8825534687
110.124936052037	111.554579381762
109.141546426435	109.522684465884
97.5202661170149	98.6213770283022
106.720676603106	108.03549863464
110.308876797526	110.939154471225
109.384077574809	109.462149567199
112.311779035641	112.930688375805
98.6766177420583	99.0887117603733
97.4826631575905	97.7944309350683
106.624980533201	107.274760991671
95.7867146800272	96.8301800817143
105.005653100859	106.381537318303
83.6119698347366	84.7051180020127
95.686526460571	93.9466831893446
105.476199174625	106.384089063595
112.015989100821	113.435319574158
97.448770698229	98.8991393273986
99.7509558976277	100.559753621708
119.56902667927	120.277478657755
104.62958088616	106.069601979114
104.712552830402	104.730576093134
108.618587974385	107.599607780271
97.9030978173721	99.2462122970297
99.2432206647139	99.7416320365371
108.322546376574	108.657962778378
95.1525477025137	96.6159936375165
92.2725127892024	93.7787345928039
106.645028381512	107.163397622315
125.897761419228	126.869723394713
99.0529724530984	99.6978852149762
113.682497256608	114.411391169733
106.130467099604	107.007517337741
110.534688072422	111.776640109196
104.653080658827	105.36929845645
95.3841793724041	95.9933782759341
117.171080344772	118.381849227909
104.727729836935	104.35731717966
112.176375344102	113.318003252688
100.234494179085	101.334840712107
101.541633236706	103.015922247123
105.418063039977	106.633501682627
103.324092263341	104.77156512394
101.769110120569	103.461800154075
84.5216743624067	83.9511364816756
104.211602956935	104.47878844235
112.10385598245	112.226641628125
114.803083250727	115.97109446585
107.786193458133	109.143033553864
109.01639352757	109.219965657717
98.0930461787645	98.7293643195244
109.052774192248	109.310173187092
100.219785187209	101.166219681999
110.019470145916	110.545401624755
102.291969830958	103.129061188443
96.0128735118008	97.4486993128236
115.518216382697	116.838501146075
108.507186867846	108.926559082918
101.892838424854	101.429664650179
107.973891901501	108.634585920016
116.207485529997	116.422977589804
113.247421610105	114.415641845945
94.7137055008529	94.8054085430384
108.164923859859	109.006951468264
110.917376985977	111.79014009848
112.600132422253	113.767650989262
102.337187974233	103.49099181306
116.876574306283	118.045733959568
114.820148641097	113.788268572152
80.7009042204197	78.8658645777781
111.036649219533	108.611045989645
108.354582649186	109.461093188063
111.003341652637	112.300504054434
110.20101052982	111.640697510464
102.729346967144	102.650981176523
82.3943024836057	83.43851224259
95.869309043167	94.9200499207322
98.4794581224446	99.6932506272544
104.709341220998	105.49316831914
116.478337818559	115.745296155557
106.725059236734	107.414577879888
102.908539402806	104.415414382124
103.60786663069	104.822095753556
99.5045336383561	100.921929393273
104.349391444097	105.850009351423
111.458966792557	112.155940851954
111.700550893815	113.16689843933
107.23586198316	107.449156954431
106.284269232988	107.312299367368
117.152926307486	118.559654191183
98.3075693284089	99.3263502810006
93.5692290434853	92.1064793586
114.312592143372	114.18073906781
103.165306067697	104.37289614607
107.052877370004	108.226560767877
99.2218013267975	100.028461910609
123.681694933849	124.665540245453
108.682196428838	110.158342205093
115.387642567846	116.42411618172
98.1460389031722	99.592927561618
116.901578134072	117.889742538095
103.010028446685	102.372609354751
101.910244903444	102.721732804044
97.2831942176235	98.4786927728332
100.256648286815	101.781508245807
96.7601435665188	96.0194128477823
104.787794821763	106.222555771539
88.690444842323	89.0788860122138
115.884353906327	115.178265649452
120.602715052746	119.3616823421
104.379530072284	103.437342058
113.874504078807	115.368149201614
102.210474100817	103.547476024422
117.413518830477	118.800152152498
123.907742357068	122.564657666474
97.5923869362866	99.1288280047949
97.0220547098179	97.5212269190906
96.4965618817512	97.7142614848445
114.908441367099	115.777296578196
106.60807751899	107.721368224627
113.054611300231	112.325700958027
116.738021220649	117.25194480676
92.5253913625354	92.9898236060763
111.71139210684	110.664179475518
104.863715075092	105.37744981274
113.094794566074	114.625055944208
106.584288018249	106.513173020264
91.3690774468973	91.2590484689729
94.5944184437772	95.8643888680969
97.7059985118647	99.2703437025365
110.891144328962	112.106481162492
107.212442985212	108.043437885495
113.148569455907	114.550740309058
96.4078426360571	96.9921504446051
104.075330707964	103.909096869766
99.1576422460961	99.7616127958965
103.402936959006	104.974483818246
106.429790092888	107.215739655209
108.20523729277	109.187655965723
96.6484971724531	98.1732088578145
103.704891095934	103.961910103
104.275587737423	105.131684984598
91.8938859161861	93.3970726314947
106.779375104336	107.563910564064
111.873609414311	112.314008275066
111.353523314903	112.469737944825
109.488219858577	110.396347713043
102.109745043617	100.731716405985
111.526315208744	112.039331297001
102.910961302046	103.03057158656
99.0789352914635	99.7052988996828
102.861102122195	104.064087651326
100.760560828713	102.133119313758
105.60948318527	105.876489473952
115.828040032296	117.121960422751
103.748453673969	104.566220238766
109.6275984435	109.863884033957
99.5848439828232	100.599446175929
117.883562567714	118.984593942444
107.219292666972	108.441402632734
104.142750591944	105.109373619525
108.739743795093	108.636916004318
112.893503285713	114.186798661929
105.376166488995	106.209652226417
97.8191207914465	97.5901064862867
93.4138561367937	94.841668948159
101.809179326807	102.236792135081
114.207833213531	115.352746989351
114.093314359533	112.823616642908
118.99964726266	120.05453957012
113.139947525797	114.596895431924
129.290852015464	129.170607279273
118.704087088347	120.077638770682
108.868998630873	109.274078733528
108.681707821559	109.869551512444
121.531811279571	122.593865215464
108.71664874405	107.316252217832
100.379986826522	101.771407078955
113.485044826754	114.987447676209
113.817326939407	113.48672590408
101.004449219556	101.678118458532
96.6803877855786	97.0277200319402
119.286776249055	120.832137992854
98.5205724531683	99.2786202750923
108.814156444352	108.351210900752
107.836659147854	108.379936193405
112.871472942912	114.45566587129
116.971700467842	117.331446811251
95.2565074812894	95.9245933182487
76.145185020602	77.0081397377503
86.591500657154	87.9949847238682
80.4354208653949	81.24469872785
107.00503269175	108.473383431605
106.055399732926	106.896585090921
98.4822961698075	97.2253521068646
95.0090873328429	96.3636816680771
96.5298260559887	97.5632724888368
105.085224816492	105.281983511012
113.214355133408	114.097615262938
80.2413729733732	80.6280213014031
103.711665952998	103.758361213655
108.539883453826	109.734489118295
115.328400858054	116.080723641891
102.773934333567	103.797485589365
100.76952690589	100.716406505159
111.018366177232	111.708418692031
121.644674719536	122.798682631919
99.7172887051833	101.062024434527
85.9360601008737	87.5242139059441
93.5641406292337	94.9591565831168
121.244140072056	122.629340881887
115.891160601871	115.011559772181
92.6770333705939	94.1860357669807
91.8077913607683	92.0068558101877
112.274636296151	112.954711076109
117.461829768561	118.894264025031
115.603113376534	115.263431764399
100.900570800698	102.019851079743
102.247468055577	103.617110428512
117.343790011924	117.441452334747
104.225449489625	103.882970560247
103.969817498481	101.621489769443
95.4922255033682	96.9555935608067
104.512780787903	105.647948486055
103.341659750272	103.833915560296
95.9349495227298	97.1546100660182
108.712961683456	107.76516636165
97.6057062508046	98.9714942105076
96.2002165718804	97.4262059607381
96.0452438414927	97.4525307928589
105.206447125497	105.069069647072
104.214048272524	105.225367037073
105.466947279163	105.752876630878
107.199390255075	106.159522587267
107.806933384722	108.871897660928
102.533346495844	103.287594584494
90.5382128685362	90.9010011411131
112.081159200513	112.964703881678
109.742357976776	109.218248841394
117.954586833376	118.780105312867
97.9514580883421	98.0875774412854
111.767639702538	113.116910475843
96.9586392666654	97.3176155706706
122.721929077838	123.166928655757
104.470830968057	105.142286751773
106.834180270148	108.401700252952
112.586137700972	111.563349950476
113.835415687013	115.247662432983
102.036357494749	103.339394720993
120.719453722064	121.066688955165
106.077581254795	107.133147198613
113.102598896552	113.96963948362
97.8206134704483	99.1105455900301
111.299540565126	111.931299360351
97.1537963931177	97.5553799276911
107.078781092459	108.014559508744
123.670231867289	124.06396821307
91.5281503874587	92.8591961101305
110.958819536517	111.946356741702
109.474085471605	110.883892607762
115.315125306015	114.363067111678
114.899930269648	115.831810434124
107.605547430277	108.391496434314
89.3148664751947	90.0446121999986
86.5408922546782	87.4560689074652
97.809260987721	99.2226767642642
100.680966339586	100.83210205033
111.033523113725	111.50700358827
110.071530495798	110.815896747563
103.983731607508	103.702822792349
120.398928391849	121.826936335839
102.601768871255	103.455921900975
94.3719432572422	96.095511709441
90.7595398690688	91.7480625119029
127.247006831316	128.456313425615
113.308073785419	114.408946210474
97.5200505830671	97.9335691507113
103.756723257599	104.121026951273
105.369471863843	104.732840272864
119.470624284732	118.22020771578
101.059980996958	100.55415794556
95.7453012870643	96.5116728957059
106.55794440359	105.587802715606
78.7461518152789	80.2053592548184
102.021558771262	102.776503908247
110.235634106451	111.832098716436
110.993566243162	112.333436476618
112.060066626072	112.722586670254
86.9453554765016	86.8515051297805
93.7522654747118	95.1275574662535
96.8140166083677	98.2345852492677
90.6275927493165	91.8469731489706
113.372650357516	110.591518403902
92.0886653232427	92.8430636562005
116.867454229071	117.190224867487
117.834047961014	117.938577928328
104.274948746647	105.290946186275
109.204445820004	108.157383870605
109.321484555146	109.904922914611
119.298773513387	119.870567976845
89.6899817360681	87.1534761081209
115.252671066865	115.750566040574
91.7768697259287	92.7728408390851
104.254901617375	105.918493411994
106.598948613821	107.003026987864
102.196230155042	103.691844805641
91.2202446980007	91.9719806348802
98.5442607312254	99.3049274979245
102.891960556489	102.432678881739
96.4322220780596	96.7241745113952
105.794154012409	106.414390920319
101.32846167015	102.783808079801
105.728397780532	105.310143114266
98.7762400498917	100.23323925833
119.242533022858	120.590373200876
89.7844613890302	90.654374387187
118.310716247093	118.996899161803
97.7600495189773	99.3057436002873
107.502451824979	107.842515464955
105.057575469657	106.349380727237
108.465159602982	108.705036505052
105.721686053537	106.502111679117
110.912517387245	112.129989343023
112.613833520205	113.761904323558
107.413801895035	108.391138468449
117.06049204622	118.419373246929
120.620675117592	121.76900651354
91.9630050889616	92.2900585755248
107.055734611813	108.063040227485
116.943542899901	118.47041740742
83.3605516673105	83.085665901267
98.8939388830309	100.115074481659
100.704794796349	102.351882679672
104.407851763544	104.666991168464
84.4891219492582	85.4180507400864
93.4930385076601	94.8311469474348
103.875327554899	104.92826395479
94.8008397527942	96.0796853530105
83.4851348877026	82.2056825128813
117.731875096195	118.457162875136
90.4354401043507	90.7079023630752
86.541055459991	87.2205097335573
107.857839437319	109.165190359038
98.6755777135451	99.2053068050635
94.5700951874785	96.1263551064739
120.677478617428	121.047630157204
102.27624472601	102.830646067953
88.3573760193588	89.6878707212977
104.094435628824	104.507702814161
100.076692429898	98.931621678191
123.710955966385	123.722088435814
121.309330813003	122.063542292377
122.985368058704	123.775177815372
98.4790212714137	98.7096109167699
104.891488926961	105.475518418951
92.8410781273163	93.9720924847257
113.312310216172	112.971684202519
112.778961003106	113.912048889073
98.6069921226711	96.8563119898003
111.374698062218	112.008667494281
96.0432475318741	97.4518486639208
105.117854649146	105.545305709091
105.192434776945	105.609514500282
104.363904440604	105.135481052017
116.654075311334	116.861005574279
117.370945846009	118.794620459295
114.249044657773	114.550252257605
106.777810094709	107.886264144777
105.596255001915	106.587623586
102.103512927501	100.47522032273
104.143049284737	103.951872150419
112.644873177008	113.28393355581
109.053540290166	110.2998476428
113.409213944865	113.611451299653
110.184597688951	111.22785562873
92.9442927541244	94.5245860843195
114.818682563901	115.863732124755
95.0021539754285	95.6344940669754
105.192953916795	105.864288986439
110.573093304077	111.544480731759
107.407045310804	106.870431242869
110.53605905789	111.541648280135
91.7286275035472	92.7714368243466
112.889142016299	113.980781969181
100.438403856127	100.837164579386
115.363726938437	116.893021248018
98.2884316526801	95.4707458663928
118.12452825256	117.791907145901
120.470747938646	121.631520264078
111.845484266144	112.415879127305
102.015760025136	102.473189708323
121.835009567948	121.687265790237
116.002873526792	116.059161447493
94.8192835434305	95.7253266461012
110.126987184223	111.634661454589
110.319431717525	111.456163988205
98.0225027525	98.7287423466755
104.807381699835	105.908447605125
100.254493488586	99.8715353442068
111.814381411988	113.016738258351
105.645047978667	106.493030948418
101.550396427249	102.355720261949
84.897469521685	84.6139218010404
107.891612564634	108.511820595118
101.675291842418	102.990052627163
102.103914281067	102.024913756328
112.98003611107	113.874693382817
107.686903064487	109.152435135407
106.555077932634	107.508407318556
119.450242405697	120.907965795622
98.5486192278939	99.4101814303961
111.680297628854	111.337880639683
128.994383804484	129.953923517172
98.1213618503876	99.0983740903402
115.603714303012	117.03664698332
105.586672727719	105.81410576781
102.101891545802	99.882550085713
107.190468758352	108.201621007446
108.946325139051	109.826535668042
79.1884350901782	79.2344814917202
104.544634588478	103.250179306489
103.795422908456	104.223111467399
107.137486445336	106.641578970865
93.1210343697908	93.3122614289776
125.847753293012	126.434381654619
111.606736344954	112.965198982481
82.4531401518761	81.0449190584532
106.0342715158	106.472245654362
98.5597162517577	98.7447696717596
107.201025554752	108.071467658337
95.2188839202865	95.856370320963
104.925547956902	106.240896614799
109.883011084692	110.433820308435
124.905674933211	123.772938746369
107.898571263468	107.455171660115
106.267519728811	107.593098478677
94.0894265363726	94.4395223862756
120.642237395946	121.323405364443
101.000946344989	101.679190340062
99.1512668871391	98.547610238049
109.880136011529	110.14211349659
90.4569200761943	91.4603885148839
103.282894893395	104.692435729857
103.991230591119	104.767439620966
106.209672941975	103.636986966153
94.6304591222345	95.6084642174537
96.2180236944	97.3099198064687
105.77037394212	106.783228896095
100.564170078814	101.284152374104
114.976482209496	115.811467043595
93.4516286351804	94.1755775404847
106.228381235004	106.420546711492
122.740298743233	123.693935280494
110.65463889426	111.630096145908
114.431597481891	115.123224577933
89.9023442999	89.6965143599308
111.787863471653	113.228412081546
97.4358898848695	98.0479497349841
91.550373006955	92.8736561795582
94.9836958140883	95.091113128275
95.6150790058006	97.0140120470634
113.857580010917	114.652893332854
105.451811887159	106.857135019216
96.5974051848172	97.4975595216981
103.631629780605	105.160002931682
102.868249106847	103.634109605632
116.075390269682	114.397087084926
102.209148339265	103.266327898837
99.9381077807415	100.647808275533
98.9880573053146	99.3929865302379
119.161233888428	117.585699100933
106.820987993341	107.492862285902
95.9190129066709	96.4598340323653
116.712853051137	116.329183725216
90.3087890780213	91.6901274397304
97.5133245516292	95.4673939645435
118.496612281472	119.583834210706
107.100153204816	108.377466181898
97.0792837951927	96.174985555252
100.689865015047	101.805473649827
102.296364119977	102.933853093757
103.630813031286	104.160072640953
112.378668590665	112.226804443183
106.675440917082	107.701492906436
98.9288192070326	100.058145666336
103.699803599956	105.093037832862
114.053120343465	115.088253603782
117.845615924778	116.345968395917
103.871825143807	103.52109402805
104.2828321446	104.65845442744
100.621047994762	101.549775904747
106.687868906399	108.268554640568
92.2976818328153	93.4754081382908
107.754089926119	108.151846381761
100.557112352484	101.724405862162
102.818504758447	102.993753582093
107.497982757158	108.180663866645
97.1895124427582	98.3729638869734
114.335989635334	115.524950034492
105.700250805975	107.239581973375
106.873574023379	107.716562774031
113.269898179175	114.299556136588
90.6349334767007	90.1684861338914
108.232686041816	109.74813139984
114.610266039088	114.544543872335
121.01141523517	122.067940770988
107.160424361458	108.212362996517
108.951117364648	108.985657653692
109.243225117742	110.296348563548
113.083791352056	114.455106445544
107.655833884249	108.981300058817
104.542963442019	105.702160436978
79.9443365724366	81.4024343461021
106.181607056929	107.71724252446
100.204563121156	101.417268786224
120.412694060132	121.271385877743
109.52506634205	110.90384366886
104.527386287518	104.610571714005
98.3615169607762	98.6851822422625
86.9372631222119	85.7962325987545
75.5542987512098	76.3673541735901
113.475455492923	114.712524174367
98.9456461840015	100.31752329151
90.589369602314	91.5199646235365
102.372938925719	102.715530248616
125.2186832434	126.465194281675
99.1014012445826	98.1240552923998
102.359441312863	103.262217685784
90.9542548035431	91.0434175813163
93.2812491872052	94.2830653046655
105.60640933539	106.032739817271
107.16525520476	107.976469255962
112.869356652687	113.91557620173
118.156212401757	119.573708850616
115.943651573732	116.966851177064
100.361112819697	101.704902981685
103.465874111675	102.639181606665
112.067109838795	112.731143346255
105.236887752803	105.85992114509
111.99344471877	111.901862017157
111.03210583647	112.476630716417
109.052130004629	109.772289273548
106.582930807567	107.728554045585
113.615860930395	112.769151660677
88.9463175326809	90.5066315189227
84.397586110768	84.4316206432397
90.5863799594343	91.9212874876268
95.9873395960374	97.4804650379086
118.551818867165	119.990553346552
108.484872795815	106.114262288453
104.84722086901	106.416936412962
119.648958447413	120.570100547667
110.535148590087	111.32988392246
98.3980981297575	99.391065094706
92.983541478129	92.6788648729682
123.894669957864	125.034478862984
87.8120370603056	88.8595456444651
108.888405809708	110.521706381457
110.862805512345	111.477838249449
85.0195183156583	86.3902329631013
86.9813541962703	87.8058762916424
103.462561265901	104.002343037682
108.080777712487	109.477700288948
100.155466535928	101.197039099962
104.811524077289	106.149036293567
97.2591014649814	97.6398698366
97.9705562170465	95.3817964658868
94.49760391686	95.487583351648
99.6219875252483	99.9514708958607
104.755206152647	106.05351469607
107.137701642509	107.878895203045
113.406282642503	114.663662260046
93.3856547680639	94.8235861400219
104.668561695993	105.829241007114
89.869547267577	89.2480583727745
100.096947991907	99.5330306945432
90.5256408165728	90.1979882631274
126.464467632429	126.368012923978
103.895674929294	105.034023935709
114.888099162958	115.942967307392
106.72736313625	107.239611453177
109.959779707721	111.022628941055
113.395726950901	114.673192997412
109.77013876569	110.128374964371
94.5909055018072	96.0979325154668
98.744653392647	99.7640292879374
118.836737417315	120.021430209365
119.28551989539	120.071098456263
114.009971778211	115.358918154836
117.904440131286	119.132468495615
105.756554933601	106.853874405137
98.7543926476015	99.8693003596088
114.387776829708	114.982461838269
118.057646805968	118.890603171659
117.846316676593	118.378455483246
110.307868755429	109.761652413957
94.2563389878271	95.3511556006593
96.0553312589904	96.7709885199834
115.513528399406	113.166470471404
115.75901359565	115.659208502228
100.189588070615	100.149058152467
97.9844067333162	98.8825498516902
106.75494285704	107.058321533829
121.312019453368	121.115172523321
119.032801733945	119.211143209774
111.06005950393	112.518284103938
100.785700502104	100.016184444
114.485322273634	112.232329809662
95.9945776468511	96.527331813829
107.568761132701	109.091031308505
90.3429661537281	91.7511054996355
94.9216409234634	95.2617294027741
89.9792014324468	88.6280081156864
99.2233228247667	98.1244455811475
107.394106796841	107.023927116474
118.171071625542	118.773088621149
97.295461332116	97.4393214305214
102.957419162731	102.679224565045
105.66353984286	106.458373285312
107.296305258831	108.226058439784
105.150232302677	104.464011788437
111.165056399204	112.597106973723
100.014898685885	99.9302959000403
90.4113480292419	91.5340421711128
83.7331332345933	85.3894885820735
108.920629974557	110.562754743524
102.772680184494	103.033825608501
106.680589572395	108.196375058454
103.063004478647	104.267866064646
116.087773985911	117.33899041976
105.763887102594	106.895350203163
115.373657684666	116.735902588253
116.537865588031	118.004344082289
119.99218532894	121.009605155301
94.068683755379	93.7449542110346
106.442699377607	107.933689871133
85.0384528097454	86.4319029042642
96.8038851969784	97.664746549616
113.18984211495	112.762864965108
93.1135885743275	93.3640427843035
91.3745344492461	91.1410405400909
114.169594317394	115.100684766116
95.2055944800985	96.6573617780968
110.471852607338	112.100207518717
104.009086725922	103.834848299508
105.477773516406	106.466414910765
114.266751782661	114.624541388108
87.237058072033	88.4875756573482
119.215373241368	120.676478761937
107.643200748253	109.09756491848
117.88726397546	119.130318953606
107.263664936847	107.388563353992
84.0912913418657	84.9486243797894
95.7542344548113	97.0135246098927
111.452908800786	112.435300503465
97.9723726538206	97.7828721548535
115.716633672736	116.976454230789
89.0856194639194	90.1817306588008
107.34879859412	108.647217899875
109.560154822193	109.508698851964
96.9979250082781	98.2748510380408
97.2176719007149	98.4090890333912
98.714279542006	99.9160419761721
96.7393557750455	97.9532066866115
111.827954252627	111.540534555411
100.274477014841	101.02375931541
99.9731859278408	100.40550820309
105.573329157823	105.125872416542
100.121538007213	100.219494349817
94.0542966316937	92.3658414068261
95.1826084587162	96.462740041048
105.03423319811	106.583702677204
102.579072598879	103.902357450495
103.877281131301	104.767343876703
110.019839026921	109.832476110127
110.092501279695	110.61077875115
103.97282242706	105.20340236824
121.364636695269	122.324662228848
108.331436116983	109.965952289746
102.187768063738	102.834932371172
111.54942373575	112.365265339353
94.8322168862694	96.4485548847969
105.841494297227	107.055944870661
115.364010030251	116.619927763652
100.173292218435	100.829910533558
100.356711669377	101.319045556828
107.791360641064	109.312473641198
97.5947544730375	97.9960854811607
118.780102781237	118.863958354122
107.33481368125	108.090636513813
101.209245125926	101.832798455521
86.5536403204653	87.9187593626306
99.5323766806563	101.257732199888
90.2934529423234	90.1696178652793
106.15076389329	106.180011808272
101.633219137735	102.426606331806
108.180530905113	109.489997187278
103.957102044268	104.967375468659
112.285434654695	113.653480943932
98.021084785734	99.3469058265126
105.449179782112	106.604443378746
108.131739434929	109.180551479009
103.316873439219	104.704997120498
96.7281285787822	97.9195900261675
96.1230912583487	97.1748666561412
123.731620417662	125.070852307515
107.048637284228	108.4176104617
103.783831659793	104.953935920342
121.236471652484	122.588409386647
116.717980252187	117.371661246308
99.8254107428757	100.955333535625
112.213669075104	112.519176457697
98.9160799863511	99.3268124554802
103.808710353938	104.663452180945
102.092629113428	103.537983771932
103.764307137832	105.41079819961
114.319412542285	115.211454167319
101.069068376811	101.77255036464
90.7244094621231	92.0809604058846
106.404133563235	107.104594852724
98.0681547111395	99.2929223055752
97.3275984255383	98.3243618079811
100.110321090902	100.560938838764
105.105470686012	106.529449921475
111.214122442073	110.007496191085
103.636174463304	104.739285069168
94.4922783673024	95.7951164756708
97.1041494065378	98.3645736434954
94.7865405089043	95.9692986753521
94.0745121737715	94.9051623773048
98.4127297815714	99.7588132137943
105.701413844089	106.66779926636
100.484563614101	101.846073579074
117.060436760684	117.326913528044
94.3375912184857	93.7962022607185
100.76923270286	101.622240017653
115.563783182383	116.725339712051
90.7150347887652	90.356564917176
108.403871653191	109.987233621182
110.811808782172	111.118808599042
93.0631864849997	94.4191394290304
101.61151530349	102.46810973415
99.6279005701432	99.1412965945131
116.845720167934	117.931979257883
107.820575208139	107.225059297487
112.042146229078	112.365917193502
110.950490327033	111.829601235409
120.081215293104	121.138347593817
110.061666023998	111.73665081477
114.034120459137	115.395838793712
108.119474954309	108.533773231955
108.241489288072	108.408218744994
102.077891887217	103.249177797225
115.449892294148	116.636049022585
105.323254531742	106.720293031564
107.786769033331	108.424769342972
104.517654705047	104.991998016268
104.248680135492	104.341874443707
114.634038116558	115.172225188001
102.989243464425	104.258633050533
105.358407684582	106.201872787122
88.5670304838089	88.40558535816
99.1159763116857	99.6107769233573
95.3720409194288	96.8433489763198
91.6839697668028	92.8149565646495
109.98859087499	107.971833029005
120.369830838703	119.51587017398
89.9149662056721	91.1233681213839
93.3120655965722	93.8002455000683
107.29742312242	108.428333070473
101.260119907019	102.492451105053
92.6187079565335	93.8031865322112
97.8582374492879	98.0712176940933
108.838403231274	109.33175143708
104.379496298237	105.352905884178
98.7106655053413	97.8082247537775
99.0755119324161	98.7738311087631
99.2840946107642	100.259741038634
105.789297129905	106.804699450061
98.1151595573184	99.0686041620813
103.466681650699	104.367014820941
94.086996095055	91.793820597523
118.824781285132	119.775699350052
93.3826779895919	94.7685368955046
122.946665672777	122.377185972225
95.2168956503703	96.9130134202725
113.668183806389	114.902498656608
91.561562058053	92.1340901040447
93.9376926930074	95.4210886612223
100.834790506187	101.809793271322
115.717199384158	115.49007620193
109.274218807561	110.41791941184
112.012013199897	113.469111236636
109.31760034557	110.371198966494
94.0473845977657	94.4602625960789
101.380403012028	102.420856153519
113.190641321599	113.769655151223
97.9320370387079	98.9438121078457
111.226138394221	111.709339147201
118.13268066834	118.778276330606
96.1109365370581	97.3160964267715
87.009436202447	86.777719712707
120.852605973505	121.659360645793
117.789749145381	118.698752283361
96.7743157682331	97.4201092649439
92.4731223742201	92.2493903089601
95.6967516588894	96.2322910684121
107.68116381373	108.510430381451
98.3156591510534	96.3339919051268
112.115023433242	112.726957322894
114.364319275564	114.166848033762
92.9803792121709	93.6412697508036
103.071762128092	104.717744801224
103.858136024532	105.197989035783
120.86757008494	121.734612700914
104.533122262395	104.731630667995
101.610309150021	103.121130369723
100.865341745791	102.302553677055
110.68110476307	112.185320732188
98.4139570409287	99.2198211338702
89.4786725962259	90.7652373645488
92.1657466042499	92.8431373685133
101.353079574458	102.475090458788
97.6697136174053	97.5241631484609
104.788119875829	105.524616390005
108.361564379704	109.453181098524
110.396394012685	111.04696905651
91.8061463639848	89.658134964199
85.4860805430591	86.219070070347
108.193775387597	108.835820375933
106.948834033345	107.66143703165
105.154130274529	105.879954871768
99.791059157714	100.855780356646
103.649344591813	105.039172611131
108.151189689432	108.013449631573
89.570135844402	91.1635034201126
111.804756626336	112.953632902264
100.641325394653	101.827847551085
121.309119383108	120.686762124367
111.353994279647	110.275670636916
115.216923238857	115.431622858948
105.843781939967	106.028175674918
107.228423905534	107.602132952778
102.743432849479	102.626840602419
92.5728567899223	93.8764554879485
111.012725472838	108.746811488073
104.96061718674	104.809248731514
