FMP	FPP
101.844625659343	103.702873293258
98.0268920649414	100.214374509467
93.9794483386323	94.0882080421344
113.786539754902	113.947629128383
101.680585936622	103.403154175811
113.912635837424	115.861176902351
113.977221636549	115.254909969239
95.2962005722134	96.2823607504582
104.885717598171	105.800487697842
107.528905110747	109.295013895701
112.624864526949	114.000118009428
100.011751141999	99.4975755990478
105.033273762795	106.212040908444
124.554477442273	125.856536700989
101.641364774584	103.379156056498
107.819851667033	109.492798688419
104.187346100352	105.667220039952
101.210849636187	102.514946128628
106.810265585859	108.285978756729
107.581349955581	107.692949122936
106.314048196693	107.476374268962
103.683364981372	105.688048039461
94.0782121681517	95.6719781609063
96.8966225344335	98.3796724282874
99.839544669639	99.8741644021016
103.775525544905	103.950225896421
89.3721480351721	90.9836131559235
75.1957037970317	77.1582097402923
112.536719583284	113.230005538549
112.150968132382	113.440539586805
95.4167795553588	97.2718046486023
114.163055377654	115.651507621471
110.879193646169	112.111862830126
98.8358517374514	100.730603328814
108.67993316311	109.957627686978
102.505951756273	103.121850046039
109.876011285977	109.021847122523
100.010288315417	100.717954036977
116.267039732221	117.343108545384
111.132165080777	112.729438444022
90.7851532434918	92.0177692937137
90.0437935902536	91.1461259996928
105.333478544569	106.658053369987
119.374606203164	119.152773157218
100.730461403535	102.265919882308
112.135224731587	113.894150426826
117.112766059684	118.236967941016
103.667196641105	104.863949923149
107.147709685593	107.940624240505
97.9058143074443	98.5877015834205
90.8278597877203	92.3336423637277
117.423083496536	118.166130347271
104.084218843753	104.503140497388
100.140773546097	102.130340526295
93.8884983469099	94.8801994914845
88.2205404728038	89.183563945274
103.193241471263	104.112576851264
83.3622970425226	84.3018505014195
100.444233996352	102.154289404921
105.894736971176	106.470812808515
99.4001965772786	98.3739171111551
99.976308860398	101.767725531975
101.96578524395	103.425115439867
114.384434992922	113.824552396332
106.27558968955	107.938153617329
114.783682604083	116.138711972755
111.434183509332	111.627364462733
119.144554201382	118.311311768002
114.778582325983	115.272828033042
104.564239915835	106.472966861266
118.914450770691	119.122520184385
116.419614923083	116.350881451549
97.3125131993538	99.3034657420817
92.9782528385328	95.0912968155019
96.967979363659	96.1249134058526
100.627633011176	100.977005013248
103.518019497535	105.077468733178
96.2840253173116	96.5254925535512
120.577894167287	118.468884956828
90.6955025435907	92.7695447415131
102.422162165068	104.522710579641
106.301539707449	107.524015514106
103.766652627255	105.709817152693
112.562897080408	113.786310998538
107.212233410219	108.370586077908
91.0289003901134	92.2689956461951
90.2306856655538	89.9924989081415
110.281749911153	110.461263780143
115.564925810778	116.371249953554
117.449655141972	118.789364105395
112.283275155211	113.553196364409
101.388125293115	102.392821886986
94.9771046595259	96.5537886669226
104.15703496493	106.112531971881
91.8302454903922	92.8491484166041
110.014564342557	109.716800928727
98.1109734265089	98.993873977134
87.1328929551187	88.8472217797981
120.82769019642	121.943205831584
111.47361272876	109.003996400516
113.578976861528	115.496552405664
97.0981749305618	96.0187691349537
91.9563655606839	93.0860077051626
110.30994916512	111.851571440544
83.6802314403156	85.1476783970465
110.274202547195	112.168553760571
92.3528927108648	92.9468135792492
103.223574219049	104.208200725947
101.655469002503	103.25238984439
111.603603920609	112.585752236976
77.5144213882483	79.4275664766087
110.105950776766	110.505921538072
107.137570226477	108.697386720325
98.100125024573	99.3653492651029
106.770643369488	107.725935476264
102.480346290182	102.602749121163
110.843831761717	111.481355056394
101.097736183725	102.399874543751
112.303564608377	113.138541004037
115.925423986564	117.509199427786
101.277607634037	100.264933447175
105.978389315653	105.977169292756
105.406457677593	106.807462505619
100.638634927729	101.613938580609
104.831277199391	105.844048306657
101.993945149547	102.954160540838
106.042502592965	107.50733332282
106.708420792483	108.444934721407
97.5485092690277	98.8928968779861
98.7465614020949	99.6322573041805
104.899728868893	106.680191048983
103.028776635896	104.84001362617
96.1154305098599	98.1077201990618
115.57378551997	117.388107333
102.303261664058	103.797617158821
108.672161771339	110.759108058854
116.136649088533	115.193509385038
99.1846711922007	99.9510314419535
97.3354134378684	99.4882425546644
104.794675724282	106.63747035419
84.1397383788648	85.2536422055172
104.94359143153	105.660607959305
98.4466546444782	99.8091684303753
102.303415909062	102.271155451156
108.604635351104	109.084684885423
112.901835984697	114.111332675934
108.762223883538	108.754157168007
109.30660000558	109.075309334977
110.437755639987	111.218161590521
111.733544186756	113.726076423473
89.0458603220889	88.5019020723279
109.357219024382	109.903169389567
112.104730084026	113.848917420829
98.9075638613397	100.556184236579
97.2679954990897	99.2584276316193
99.1755396882198	99.9294241227717
97.5355879250733	96.6836787237793
102.641640608544	103.371512733068
111.913997467499	113.158490358705
106.436670103849	107.831581878656
111.787800869955	112.64443088892
102.128121273002	104.071194480382
120.766424892576	119.26640560068
106.727522646111	108.2216411363
97.862101485778	99.7843469436235
112.817603304652	114.637236951771
112.947981074282	110.27416288358
104.87143731067	104.95073341738
109.445052301374	109.677736642869
108.836894284447	107.626488423867
103.971665078331	105.254198079712
116.377239747286	115.887637939503
95.8627985589758	97.0846474829852
92.2736035017042	93.0358455912849
113.954831487101	115.745600771775
95.95294959762	93.6558636435988
101.771308181697	103.403290552371
103.070655655671	102.570150754484
98.7433290961323	99.3569676632309
113.974471949995	114.060122785185
107.51030396227	108.14970448073
111.128017916923	112.675604066321
111.338425548687	112.570698018676
117.07768472872	118.808737170659
110.0382365786	110.696649254947
114.665606907283	115.443027586319
114.833265272064	115.4295675012
119.63331821823	120.685989896287
93.7433985574765	92.4133016414119
105.249827744107	102.624782857973
97.5908287732712	98.0074780710583
101.645893810624	102.387002887705
104.969693423659	106.894949410164
98.6528374080103	99.1538073866107
92.3573038705807	94.1617890513975
106.404125073662	107.763081503602
98.508178532349	100.059650669954
106.220479157911	107.379121791121
98.1768425524398	98.3179459552296
114.729070753121	116.546783062402
112.702874548222	114.337210382056
104.31285484788	104.673515982114
100.350404765904	101.778692934269
109.343930039542	111.209165373917
95.0888622921269	96.964031879001
88.7976320569757	89.3304547594635
101.958728635722	103.241842699372
108.691165958353	109.239360760615
99.7456447155503	101.565871831273
97.201474193599	97.7200087990556
101.603020641416	103.35010712004
122.767972428268	123.680232065568
104.942238188952	105.84063518471
99.5389936908071	101.423548724672
115.873903811355	114.785142998526
104.701868425608	105.74323503345
103.5123752492	104.148353224411
82.4074273285042	83.7604484099247
105.509991985616	107.133167499628
108.623361281088	110.692233029827
124.028916751676	122.558234675969
117.078774404723	118.464970854634
99.2557037318183	100.466365931384
84.6163304176284	83.8996316958073
100.289194676918	101.542970894071
109.08553580319	109.62183436049
104.927431001327	104.503313440471
108.934662628667	108.907256876038
113.008990287246	114.603205339719
116.390746183815	116.745175331775
103.20200429454	104.901551660932
113.902643477676	114.858566546355
110.647270801197	112.177395095038
98.1661685866333	100.061069564175
114.875431524099	113.933644569149
106.64875326634	108.264417462394
117.246173156166	119.129260421127
109.798264639327	109.354132616838
112.266201101983	112.57152375104
106.805862291114	107.686177452275
112.58526654556	111.583379911696
96.7268800756211	98.0661332215558
108.989175781282	109.464502607256
107.285366530451	107.765053659394
80.3944542501006	80.760758676474
110.220962370652	112.077734983077
102.421121041454	103.475566528668
114.389117430982	114.351617566673
107.808556025208	109.63802950916
80.8843055132195	78.7999359045807
108.209240426191	109.454054870104
113.098000720495	114.416673211161
104.404777920646	106.415795925458
102.895247655267	103.014658415946
97.1678715520206	97.811555727062
115.351142277299	116.991314840946
104.597380574983	106.022559138866
92.6429747372305	93.397449588728
95.5011010681755	96.5049268586091
95.0068225219055	94.9972821543656
96.9527639779986	97.902956680136
101.811372533565	103.806847758762
99.7954756521239	100.973862910624
111.025518195866	112.245552812013
106.594211650025	107.516883167857
97.5684115967296	99.5806656257891
116.890320478531	117.531609060354
112.231042479791	113.718082724457
115.010400448439	116.224214673374
117.609604436427	119.237021210758
97.3211341932978	98.8427222968442
103.369058143449	103.847100861932
113.529859504234	112.133897295479
116.735636408815	115.751136344566
102.223246908141	101.633435995578
108.021875134799	108.981827286511
106.550659289789	107.334163944597
103.549037488647	105.395843895995
85.9746680561364	88.14137417747
111.034784006881	112.234839705686
108.807403666158	108.040283487706
103.179792128428	105.230942027884
108.433708690839	109.930599346714
96.0420701486783	95.00184123155
107.89553614881	109.237530734536
98.1467641669276	99.0809911689664
111.731688860915	110.765249092235
117.158563746931	118.87632023332
100.218735488291	102.249970418977
116.934606815781	118.508343673094
102.34583215254	103.921033496688
113.244195493909	115.141080042274
108.937794223997	108.56781691425
114.363269302588	116.009711534447
103.624275552027	105.343771954242
104.225370606689	105.475521211283
99.1846412895014	100.108626998363
98.6681226613459	97.2505899320265
84.9365333012089	84.7590110947248
99.1120884349183	100.083284806409
110.228182070732	112.253937664811
121.796574285298	123.211167496586
96.5402406658053	97.1893078818313
107.180035179139	108.526877714287
117.373858976716	119.362451063166
114.21757493497	112.729459263192
103.148756799948	103.394846194865
105.065528927199	106.41579480348
110.848572817364	112.667253299118
95.1649065072336	96.1551020398077
105.757360405087	106.073610599359
113.043470406007	115.044851312202
96.9348547404044	97.3718941740439
86.5504075527555	88.4856674505571
93.4721515406258	95.1729540276798
113.340617009427	115.164793629128
95.0491610247774	96.6670405511932
103.843128524659	104.222384501659
91.9812736923128	93.941051518409
97.736438379266	99.7794379309907
115.947986255326	117.547584941219
117.148281034692	117.684062253891
106.597286611483	107.708272350457
91.2653948995578	92.3442133376726
91.8318679080418	93.1624745749983
96.6181989281877	98.6334504816641
106.762123983259	106.869942714461
117.895300259475	118.319788712587
111.367572472672	112.977003226351
118.76083470194	120.67654621539
115.448547113562	116.315366856035
104.151816321044	105.394809079381
110.260265206688	111.850959158423
105.067544424252	105.561516418238
102.912192358134	104.702189325409
101.651601420877	102.797820551269
97.892018233739	98.9989380302221
86.6744921993609	87.4132544858804
111.880641957015	113.591972981973
101.085214582021	102.025228922923
121.628569380241	123.070752746267
119.048389401072	120.721887900601
106.754567503667	107.973349705028
113.464277196463	113.195500340362
113.94656436137	113.647033652198
109.595604336534	110.215060120738
102.877476455858	104.13398669994
100.544231608896	102.090791005104
102.261891118023	100.899402664811
129.548297868731	129.469561556666
108.912224723715	107.275005016919
108.592177408648	110.184192625453
111.604752894608	112.336344288748
113.606872000223	115.800285004221
113.369912330991	114.50219762995
113.097783225665	114.958993115833
123.611097081201	125.086545636192
120.891754379401	121.425192645418
102.230744387215	102.380139675038
107.874592448033	108.80667431849
108.229127552794	109.723394547322
98.5809491070194	99.5412464363891
96.5028481240928	97.7437351108583
100.900481875134	100.824641759193
103.696722790209	104.898922842378
100.814051286744	102.521622039117
113.055891208328	115.189830013802
94.5426883231438	96.3013522608332
97.779095836633	95.2568431448965
112.912740579989	114.370883599323
119.348208277837	121.226296402943
108.786521848502	110.289325915525
106.133400518506	107.361452036739
102.109842810196	102.71396887513
111.004363610844	112.011809822433
108.917784903793	109.59798205459
109.546959314303	110.941599668324
102.21514928844	104.01095158006
101.985995087306	102.609609825882
104.285360556174	104.189553589585
101.720138029701	103.485336344422
76.2768765451814	77.320023455948
118.372397101832	117.952729472167
118.025952325555	119.572040889485
103.864221393488	104.46689377848
97.6107953567725	99.6113365505713
94.4461886450336	96.4849326644144
125.922189862302	127.152265307192
104.445006679763	105.795944380384
107.289667360787	106.384401647546
92.7700681189758	94.656027703502
99.5225958264793	101.048822072211
114.824495696815	114.759153053685
104.250057456387	106.236393245316
112.018034408316	113.204629949352
78.8940361420392	80.5082064598893
110.272375387705	112.308002517436
110.942276815413	111.829123624306
127.308410073294	129.041515588402
113.895297364197	115.600253280775
118.167816452256	120.099774784477
95.356887299258	97.3265188934015
112.203770351254	113.454924378053
112.243806434433	113.374086995431
111.910774224149	113.630016074231
105.469121517096	106.541826944066
104.613809452668	103.452128041789
106.850714099517	108.864656523496
89.4001851514803	90.5851571174705
110.950913777275	108.361305387037
106.053801936875	107.474730948944
97.9352552178435	99.7560025618543
106.674018089926	105.652446819139
87.2692252826915	86.8306526981822
119.434949586304	120.286951433894
96.8382400956092	98.9107148714389
95.8530763894534	97.5488761050288
93.5643441607556	95.3544235516525
113.55658055569	115.160591359924
91.8556848256674	92.1131260619991
93.1411469477447	92.7360280977077
101.006656433097	102.440849293385
94.8787607796662	94.4168394701013
86.5591074240818	88.0592768075765
109.37666528238	110.20271279574
123.837379307529	124.481299074778
120.564452676473	122.413576794844
117.877571061372	119.176527102142
114.153790161244	115.62175955191
110.569953784253	112.112363073602
90.5997975287495	91.7190226328834
100.860767029396	101.177241269526
93.379660231222	94.8786610177098
104.364321238097	104.025896799108
104.418713376748	105.39133961518
97.1391958271593	98.7572273602327
111.793567995429	112.786673696028
105.413735075396	105.318157113245
104.045962559283	101.44211339684
90.7684011157698	91.2727052450825
102.575495660173	103.583551292046
89.0948805596858	91.0347667687231
119.803176221806	118.139168479382
92.0269874330497	93.089127546422
110.635511040959	111.600299916937
101.885918930455	103.711334656425
111.029156095279	111.884415605537
97.6749190584509	99.4937161303901
115.258777003832	114.560049313789
79.9657048916949	81.8172699066736
102.510852737487	104.018195374505
112.959389852248	110.212261004451
117.533060768044	119.38723835239
115.453730208974	116.084345912847
104.133906175658	104.020733883164
107.157360718756	108.920222243797
113.378367800536	114.858258650598
109.311028916324	110.780022859602
104.538853032057	105.302534678635
106.737119688511	107.259134608531
114.93786783448	116.250400235396
95.785496611584	96.8943117458583
105.728920998618	106.23593293916
121.375406411515	123.182627432981
96.030109107051	97.8807428477485
97.7216197333155	98.1939158627327
94.0422397287511	95.4293788628865
91.846025107572	93.206568947708
105.642476761133	104.6810873948
101.171028522936	100.852468982292
89.5188624787946	86.8095720153643
84.4479272472499	84.5716229919467
105.544528427646	106.02109003102
110.063519952634	111.264019500772
107.671937058636	108.79968929678
117.4618318834	117.64668838964
97.3904993062129	97.7897387064474
105.388219470904	105.922826216535
105.360741084255	105.713133018217
108.432710008054	109.177851175216
111.164073154062	112.799645717937
116.956190581281	117.621737735525
80.3464408349224	81.4497735696995
96.1538620876056	97.9517804918928
98.700964859865	99.7410910208836
83.5342888044881	83.2578510708078
106.750783826801	108.229640568211
123.697847792706	125.605490849202
117.121812810067	119.077831684677
121.390258909016	122.418963491439
120.703602774847	122.26138678299
109.075876160498	109.946780507039
105.828856083638	105.540895453821
100.95570746453	102.810870859989
100.387851057542	100.137772519577
107.047483465696	108.346665489962
107.536953188448	107.110256700966
89.8096322686926	90.9794985212097
103.918507617197	105.097527795699
112.711377393033	113.671736925277
107.960335494854	109.587040578169
110.311181742899	111.559493437702
95.2086645310541	96.824374078218
94.0719687017504	92.4450876491286
96.4436594643121	97.0802962178927
103.968279345452	105.35308067355
102.365316882376	103.391299827752
104.428589639644	104.239055071951
119.358297150558	120.868996539983
95.9657088321135	96.7165875625555
93.0606445763944	95.0028628333633
100.033379259769	99.0423238111482
117.866705488185	118.575476157445
115.756184254433	117.374365177742
111.458295875002	112.394811858741
98.5610565212807	96.8890274935904
101.062769247884	100.150548226443
116.073666770161	116.320566795622
90.7277887165249	92.1639298303484
102.230600204481	99.7935335605381
98.8581825337012	100.815398211697
103.107246634779	102.557058400332
98.5968022556514	99.0017728043706
105.033755001302	106.87990684022
123.91964161973	124.001424791638
91.9656558470132	92.5358105962432
113.474772921998	113.993716024007
96.6731163459465	98.4452770698121
94.4472176462239	96.6483801841113
97.3149420971252	98.6923432467627
101.288906178865	102.231130833823
117.208340923785	119.002885369163
110.647241910007	112.201673064817
105.741704400886	106.911810370582
90.4674115805343	90.9094773018873
111.137898247212	113.018265380998
107.466639328828	109.128261105052
114.492064355482	111.831426131149
105.806609428455	106.685222701074
97.8905337505076	100.002425559218
111.891553091765	112.729118340205
97.8143296630344	99.6409388106442
101.360888220356	103.207170674827
88.3508499514163	90.1582060135368
104.451514976662	105.106548975648
91.4521384026154	91.4455159307364
94.9588130466106	95.8285708859539
103.791135997139	104.102853303064
118.221028377539	119.408165654823
98.8436666887018	100.437170059166
105.643708796528	107.045431691485
102.251382256185	104.264931029339
98.7266156919894	100.257529337284
122.123961110912	121.735128406294
94.8403103339028	96.1341023275987
120.849378220222	121.380548200199
115.316160515025	117.489089834327
107.162480846332	109.044077448163
100.6799041425	101.140417161805
86.6299063321451	88.3036461039804
110.102147304141	110.947800818266
92.9706636537683	94.5934985497655
111.049945627533	112.482372959528
104.409518116798	105.401104534259
102.160186132482	100.354394829325
116.888804782237	116.982138818185
98.041026379423	97.8023314344846
112.847883592077	114.379815590256
96.2281871698726	97.8496622666121
107.706856546151	108.062443980436
98.6979699089337	99.5984309182122
112.666408458629	114.344341111545
109.087465127951	110.749263347446
122.951752971844	124.285524960382
108.947448066632	110.148196111586
104.179337083268	104.871232840221
122.904430224364	124.350611292911
114.405637354648	115.556321120076
114.49043971331	115.564179246096
113.066505716516	114.278963242003
105.829269309798	107.183298345818
119.573806204132	121.501022230675
91.7415378484645	93.2627401344657
103.732702256321	104.717213479846
106.245883906077	107.931742031194
104.857637467447	106.87394060373
91.4314233034331	93.2159103400787
97.600294404146	95.3706736186158
96.2434041411508	97.7003409009183
93.4009000820682	94.2015120508358
102.837619204699	103.951183900153
102.436925773812	103.334794494077
96.5199369366662	98.0505790066859
109.963939665355	110.570171712716
95.2415810108246	96.3403762312988
100.164510395918	101.602437094389
92.4757790666643	94.2099369775051
106.543449969815	107.9634162278
98.9136156485884	97.8676210785911
103.669063808419	105.640938287323
98.6755602532426	99.1416399869932
98.1710991780866	99.324509396051
111.454481820981	112.345011792076
105.234087171113	106.181171716717
115.086115333078	116.158064049676
97.6563489565587	98.3208315075114
102.252244745845	103.688437984607
106.137493010522	103.385307324703
106.102306491743	108.147304324947
129.093784281528	130.522196565703
103.259912543277	105.269889409736
105.65868803309	107.079829813608
105.380356434584	106.551174027232
93.6924131956828	94.5250198176059
90.281112108266	89.7273161226009
107.900192783244	108.915581925295
99.1766055878421	98.7641748597351
84.4404185044512	85.7636457333246
107.065508004637	108.827425743989
105.688933767436	106.101770105124
111.719037736663	113.476542204567
110.045083608208	110.627490402793
97.1154085020324	96.1551999917666
103.487094469337	104.865904548435
104.607707278785	105.29676074814
105.928702452583	107.104663503159
90.5693700737248	91.7315646929503
105.549560101402	107.202661660574
104.047640692797	103.833301424751
95.4046500412074	97.2428131518395
107.653841186349	109.655134745744
104.941571245002	105.820474767442
101.158828657538	102.152131552556
82.6062834874591	80.8348990525089
91.6250042634475	93.2562706853184
107.193860841938	108.459573333782
107.482566915368	106.703922998355
105.792318941419	106.990219610062
104.115613496588	105.04933390585
98.2146881865498	99.5696005824898
94.7439503217214	95.9752447508731
112.532911095474	112.483085584353
104.74117879788	103.337404507878
106.818808971176	107.819361837208
125.989675889315	126.796571389713
94.0995013892761	91.8019375033597
118.571596487731	120.03802234752
106.127841913183	106.727390432483
99.3556301111226	100.71373170352
97.7128461306853	98.3450215640557
107.230430929799	108.916627842738
111.754218559566	111.508763831088
106.665288214592	107.976410152364
97.3455782936838	98.3505063071877
116.227965245407	114.245344733866
79.268400182022	79.3598974778754
98.5178129053014	99.7066945863345
100.092795796592	101.003909550017
109.492492952508	108.167675419479
98.6959044681235	99.9705100782697
119.503945144286	117.55962240985
114.109251645838	114.967638214386
90.7170838480252	90.1146697813398
106.776115780325	108.384929952634
97.7122952335076	95.1348507149788
87.1037104187325	88.0340658159048
107.751714521926	105.559594985721
103.65217543035	104.464158858946
101.224839652108	102.124668338138
113.406914116555	114.795882597003
106.6697424238	108.812417701895
94.2055159907466	94.662646315227
109.983401434874	111.38124026336
104.31579975055	104.879154611517
100.710923963486	101.800427758609
93.4082016948725	95.097593002349
100.292221781699	99.6736683565369
104.708093780669	104.744635320514
102.257100987045	103.126398999074
87.1977562909893	89.0688292080915
106.92616087884	107.621442250906
90.5817744631766	92.0560033467563
115.968559902262	117.284559298446
99.0114055664361	100.828022746298
109.619426853241	111.463098273322
115.722079688879	117.735472168009
94.3180743149747	95.7587807722439
100.761148613958	102.065567532791
98.6513228822998	96.3700387885853
118.333637797246	119.173393655074
100.34195222515	102.118233923432
83.6569929230726	82.2951123534534
113.278222293024	114.133432043421
100.076201141371	102.047526708793
116.956524643921	116.421878090228
107.205909805151	108.407647358579
115.818921922027	115.404628538101
105.470732619928	106.051176314763
106.401896282176	106.53264061409
97.3336479064699	97.67829761358
118.56393261109	120.521957977308
91.7209645847999	92.4530965324606
107.203184999138	108.640590397342
108.944785987682	110.978034194629
109.301119422937	110.862167103387
103.853419122461	105.61448691243
102.05315020696	103.043731176577
89.9002118563254	89.4646320799723
112.266330265946	112.174537864898
90.2777029797385	92.2791210495066
107.233041909069	108.33742127019
113.574105051665	114.975044493726
107.858357621587	108.300335559663
120.442760691032	121.553757736877
112.944796602664	114.522798692569
104.578260321237	105.662480761748
108.265458298487	110.208735014179
110.85153670037	112.031025092482
107.565515049794	108.561387152817
114.012097396488	115.784472492034
123.036475414297	122.701249594237
99.0602222290202	98.1880449399057
123.975369483438	125.618886676988
107.671590120027	108.571737660172
115.809949659546	115.784890564688
120.956634487158	121.909077495702
94.3597565562906	94.7593734045492
107.738846507441	109.347263636854
99.0624706193857	100.586718211407
109.20501944997	110.713022739607
102.420954203966	103.700678176959
112.003444507184	113.996953283077
103.514404322552	102.838310235326
98.3800715684268	99.068661667763
91.0125323756415	91.2117884537452
114.841837124242	116.55205982197
95.3053735654074	97.3689928333112
104.757649266462	106.478909202684
101.447018582811	102.937880355927
90.5396334720905	92.3265771926863
105.659645293793	107.822835660046
96.111406834653	97.9058725378182
121.157755344456	122.460452921116
111.763601904318	113.730284522803
94.8896109748139	96.5585605426911
87.893469968246	89.2446848566402
90.6217748195546	90.4205912115126
102.94509891425	103.426562615766
109.813028078555	110.411496358078
117.832904026392	119.255363359419
114.388862860677	115.929606884524
99.6961026059567	100.124570171015
108.977943396241	109.437131217933
113.197125209633	115.055695544229
100.590829842007	102.149300864841
87.0783844910125	87.1030785209601
117.947803158034	116.55470994706
108.232514889616	109.932535206651
107.254865129067	108.065241862001
96.9660383746588	98.8093821074273
96.0342683785579	97.9901627182849
110.588008837527	112.423332495956
113.238416166746	112.849012394986
100.216880616041	100.476620396699
103.929533013997	105.718804108588
100.258637388453	100.500822403503
94.3624506580075	95.7895511147392
119.394903291328	120.446452055395
95.7108947720605	97.3693860307406
114.332763714989	114.894956610599
75.4365436794769	76.5581338296102
105.619311145339	107.008799355041
83.8649128889708	85.8958239687841
106.685823721153	108.759146905357
94.9135779829024	95.4134846270249
110.129924566419	112.212867418248
95.9868739502335	96.7184880513698
118.025833081801	119.507061290337
105.916903272517	105.216656232725
92.7153056596533	92.5905147290954
110.648284850904	112.582523901389
98.8425856670723	100.018024920039
115.498542481279	113.063870660433
102.975730033241	103.137527413952
85.606108769583	86.7082454922499
90.5093947955748	91.9127364270758
111.476314001526	109.980243999833
104.060166128224	105.647403230134
107.531526067742	109.592818932491
115.357195890377	117.297975861012
106.492426400199	108.430094468935
92.4293650236875	94.0170793798897
104.629317878957	104.951100501076
105.701174997662	107.190490380032
103.78169909529	105.572062644143
105.499948800356	106.969727537676
103.23116086645	105.260547885836
99.1239911605666	98.0589833049224
90.2539263456504	91.9910328698614
112.283046883058	113.099048231286
104.839216456462	106.780420580997
112.1711912584	113.031856633682
111.581995131172	112.86868262018
108.834100240773	110.99931609167
114.815182453798	116.31465662124
96.6834255447451	97.8625663303156
111.638744009715	112.907798135727
111.125761741136	113.011147561275
118.271568165527	119.212429923507
110.487724646462	110.026661100379
91.3781939098729	91.3589119234859
93.2608871339461	93.4921869611666
126.618658689726	126.743928218131
113.319691346655	115.09606440789
98.7335915544639	100.137859103724
93.0976893341238	93.9650061972151
107.373650960224	108.550205779253
107.423361226119	107.193489384228
94.0432579462276	94.1062760269787
111.261509265385	112.029700523543
100.2130763775	99.9956354253413
101.393006412589	103.153556160445
107.884888685649	109.774945299662
100.925958100543	102.779603188154
119.195135826273	119.413817521401
114.768773213277	114.242112880044
89.5065853885505	91.2607525064879
104.765964649144	106.873035858824
98.0316715922292	97.9782242728867
100.053698003669	100.769068466354
103.615919677456	104.351805917924
120.894250500376	122.206471834459
107.922984872646	108.895915400201
106.854554382679	107.485958097072
119.268861801089	121.195627780434
111.09580205042	113.225387263368
96.8625000755221	98.0061990632572
117.899055976216	119.524179517058
103.115840116329	104.843974802133
100.38775934907	101.39516087083
120.612917264072	121.914855332864
90.2371627298594	88.5893022612473
118.087062943681	118.741315712241
97.8999478327154	97.6707653584132
120.778479511163	121.85998823399
121.562187356601	121.174038720004
97.8272511590647	99.4624713963339
93.4165622858724	95.4303594237107
94.6337446652816	96.4891210466673
84.1776184104395	85.3336033514383
93.4056628394232	95.3532903993828
90.0229881218169	91.6246410732315
108.37427529897	110.437132267832
103.984180735824	105.361603264603
106.385666459264	106.379071326747
101.556845261187	102.878609239335
98.1202330049321	99.169311968718
92.2052382611265	93.3054208447205
114.490090361664	114.879413146621
102.739999068349	104.224200933927
104.05300433205	104.051713328785
103.682459202989	105.544511616572
104.107759348726	105.376975177311
102.124568907334	104.042701148132
93.1722406822195	93.5229285674227
114.496551940267	115.339568616397
94.5043687168963	96.1850914271758
116.802426585391	118.454932159489
100.925565730607	102.256108075064
88.5274942715746	88.5402903422531
114.869295223298	115.506372319676
120.678655554618	119.641494927611
108.093473176681	107.225730297836
108.354525908462	109.525043915148
97.3863008312247	98.666433024857
111.848261407427	113.401168413909
110.038456780777	110.015951663759
118.427808454997	118.987750344848
112.262105938549	112.901358598843
115.516450379478	117.116863013631
113.661644432549	115.339248463918
106.514367011168	107.339281043236
108.024269875554	107.774326055407
103.674271659271	105.185271301154
104.975243421844	105.993038356751
100.662949361987	102.410341590317
120.148043045652	121.352997903791
117.223725263211	117.580646715273
105.20702848428	105.110040458534
103.334106486305	105.306716332173
89.5372138037463	91.5621705233068
116.765401858142	117.820694358206
100.603330681637	101.629823523318
99.7588718679119	99.3771156673823
99.8593645079928	101.077311191451
108.367213275111	109.901079974048
94.9487634868467	97.0529954426741
96.8857838153502	98.3645048013105
99.8520814398997	101.343904287767
98.8786805987383	99.7556901057289
95.2802931653923	97.2958466896756
116.213653393073	117.836622873354
118.855544169542	120.477627503427
105.358940205934	106.139497622049
96.1895393428826	97.3534300347332
112.103576390435	111.847767530282
94.2461119769014	95.3059528845939
100.06439470723	100.889191008248
112.247097850977	112.733455662826
105.382428924087	107.308625206058
108.310483003366	109.159453023005
118.910693448659	120.25418764476
107.446276065888	108.878862325846
100.735205326131	102.180414062982
115.539603382386	117.032832234074
99.1559207427427	99.994911336566
110.92641855503	111.484975255594
102.115765874592	103.116159486576
107.360950527578	108.263963970982
99.0996731330748	99.6489103378253
115.726671282322	117.082014446294
93.101153004513	94.8537337662755
90.7121643763982	92.5128950268801
89.1761858689922	90.5499595680644
91.0807474265073	89.2280156179175
121.585668289456	120.799073334929
105.710648173551	107.565544986569
98.489775497651	99.6680259971946
99.5683872272793	101.868732235778
107.176325744512	107.843605512841
106.055021771499	106.226283262777
112.247593780781	114.155713609459
105.62462720653	106.994999448022
85.0691249499818	86.85871000411
90.6799030906656	90.5897624123612
90.3331183932579	90.5104822333795
108.093402395094	109.821186574209
103.047412803248	104.84704537386
100.689672690629	102.178638847953
103.870661561715	105.00123048557
108.229092448445	108.300752785733
107.215561636777	108.615791566556
121.291825872197	122.964018297861
98.3963500799104	100.312956794057
101.33433414578	102.941665435725
95.5871824098373	97.4181670412275
121.438177956453	122.7275923664
125.109094848941	123.691346245018
108.47207246587	108.759513413684
105.954271955186	107.301341772218
106.952536058301	107.961378521949
109.765570245866	109.518156812166
111.017691014824	108.665919379195
113.84337113374	112.938756887003
107.863028207861	109.769980574384
107.211708519586	108.019116751161
108.405146700913	110.338740637276
125.287639739927	126.904406555169
110.975226106596	111.989782869356
97.1723604541346	98.8309133450754
92.5286899476831	94.429616175262
94.848064231686	96.5401221981973
104.304714476515	104.807381483427
105.162163152882	106.938377694114
105.102288147421	107.050330326609
120.107615500611	121.561190811258
95.7435116352152	96.6891164108027
85.0674906774599	86.698829425645
114.175292642016	115.974236401151
108.279566949581	108.962833885391
100.691172069123	102.018958088249
104.729966838585	106.268085569764
99.1603832450786	98.9297966149579
115.361231355626	115.542457718038
104.748950250907	106.198199835608
97.9050415261273	99.493742314292
119.686156025288	121.004482676543
87.1274307574378	85.8738622079223
96.1035772630287	97.148146619572
107.836579917653	108.867979166024
116.744690481801	118.447815799068
105.492131807537	104.552452570966
110.427250849386	111.41722168514
114.366644535277	115.581973930224
107.240784919202	107.730942943824
100.379051667806	100.986238871284
115.984931351919	115.990686070817
101.633849634789	103.469487049909
103.123060076398	102.755671338308
94.4353236853752	93.8300271272661
119.008155010412	119.239495594998
98.0540187754366	99.705411508386
102.780329696905	102.631396234045
102.12947164523	103.836053383586
109.977813841827	107.639282838313
101.555318765628	102.976822947174
108.911841219148	109.663398951
93.9024605296596	96.1020586040075
103.790049873836	105.840995009737
111.451492575876	110.422241492601
