FMP	FPP
114.785584672738	117.005197930307
119.890216006179	122.378359479996
106.203522710644	109.240084937455
112.186253379102	114.832942653602
108.602941318363	108.426508717269
114.435179693109	118.29673235733
119.200329576097	117.424828022014
102.456839258009	101.485474977854
115.119044324959	115.276480740893
93.1430699974894	91.3582380164716
79.6419289603055	79.0271940571131
82.9172255061903	83.9617027513211
114.362070367425	111.722090202835
96.7569182038602	95.5363521986279
103.269436066443	101.688166942946
126.858835222972	124.702358869583
99.9931354421442	98.2016999059764
123.8841873427	122.592080863054
116.0891005072	116.272806524588
116.637351250186	114.212964989504
110.126653128745	109.799700469133
100.141263295696	99.705697208517
94.0358470742739	94.1723628694618
105.019858734298	103.415689374823
103.395775277753	100.769785483276
123.473391287903	122.332904544003
98.0129169020202	101.943857548704
109.334792522281	106.719458739691
124.722913408583	124.110411128
122.138862221156	120.281230045842
105.963075791732	109.355284441128
100.138003021033	97.8038147122088
101.997725142405	103.362245156482
116.271821598702	113.870366289949
117.347657005941	114.910247534456
99.3292586592062	97.7809369737549
92.5007322124183	95.9534994565461
113.784970620755	118.805816524434
106.290693439331	109.203240999395
106.281183500887	105.79868798912
103.56819803363	101.005925007288
100.042637219847	98.1950495384827
108.292128761522	110.689750448457
108.210131602828	106.273191917935
117.815170677026	116.131621621065
107.018468582769	107.764991296491
104.043387333283	101.553942253226
92.1717213005854	89.987030522356
109.229908915473	108.756590345099
115.351305574734	116.497342324261
97.7032776868011	97.2900508022606
101.702180501306	99.0062175730623
114.706867865137	112.825351776216
96.3674203297113	97.0637859211424
101.821842055454	104.706317204396
107.14970276193	107.769883041543
114.817172718649	117.583922148354
116.826545923399	114.270810982449
112.425118998627	110.891801479338
114.40133882016	113.552664041728
122.825858651497	120.674060373264
120.231150055475	118.306707443854
113.264008714947	111.183185750077
108.886151265028	106.380425252207
98.6419784958343	97.0467294271251
107.501969892936	106.117203376289
124.358208550056	123.510647839647
104.952886313446	105.381616187009
116.86150254415	116.551674785837
97.1510457498219	94.9466720023081
89.7107866297633	87.2978310996333
110.770303608091	111.368991156447
101.401131748695	99.4873617150355
107.003462140456	104.46357337239
112.431341203314	110.406318893133
119.907744155214	118.34787124007
105.864778440406	103.651487832821
102.420704361989	104.4168266699
102.849861726562	100.826403661272
105.887870988563	104.730662590318
85.9030272896639	87.6868027354316
108.179268960998	111.771330312685
111.64173790487	109.191891636176
124.447449862897	122.441003231187
108.407175599895	113.768499128933
120.002110406944	118.244749882731
109.06900261956	111.134950611525
119.713886724578	117.348436782938
108.285309643657	108.963782451204
121.166869430524	120.659154936239
118.890649314503	116.644461526312
89.2704449556155	86.5684299824537
104.049508796182	101.590639854017
100.213767993882	99.0375069080362
90.9189327592501	88.8274654245351
116.189835334269	117.211994457662
101.399845304866	99.6299811651265
111.812391383032	112.762402557597
109.710946784342	107.209588580511
102.713254194164	103.047284439907
103.337650296934	103.270157758211
111.039807605932	108.981183290725
100.18728423504	102.059865013332
96.1092303849703	100.50613316857
110.824747717126	109.56245924837
93.8327011993621	91.5836245964944
103.684926417423	101.42850253096
114.337148754764	111.728149042515
104.613410610041	102.510819133575
113.808209843553	111.894067301757
100.866766328468	98.5667368238764
107.498513641274	105.215389331854
109.219279581852	107.618795427899
112.220452366416	111.058318542073
117.079251354104	114.532888254471
102.656128731409	100.991291695345
103.851973524794	102.294307166555
116.561839853519	115.51114234042
92.9288739779321	90.4044406820568
114.093206642898	113.398249076166
102.174418890249	102.325317641807
104.04826887722	101.555087964761
104.60157442595	103.248026367174
114.647547268234	116.756154339772
101.873296040072	103.357908873852
99.5582897856639	97.052816469234
90.7263424269835	89.2589867313502
110.472511838055	110.187001900655
100.797782073937	98.2218771421937
114.170623798342	112.51171058189
107.953804276913	105.186801771345
103.881218399927	101.406717363476
97.5820998159098	97.1038772848388
119.888033236638	117.435577515969
119.459920524675	119.016380967193
110.155498092056	108.232393372701
115.867971528908	114.699534919574
108.24037428086	106.024842898734
99.661560495384	98.2738616379472
114.840657172699	112.484440879551
121.144407174571	122.08209590653
103.474831492888	102.208432734074
119.703682115966	122.737030960536
110.658773966084	109.161590113719
117.960139189135	115.375781291589
104.96222074368	102.471718506931
108.175047125982	105.580924284555
114.627141633583	114.128503176016
110.030963875778	107.531750081931
113.920221163002	112.180389572399
106.766411039093	105.110988824937
106.796974429443	108.392834902627
111.666474225284	112.094067125193
98.7223027687481	96.7921518428707
120.075006181552	119.121393312392
104.233188067574	102.86989823262
122.959286640053	120.983981986622
100.442173673523	98.9194335827151
113.211784382156	110.79874636051
94.6838539755625	92.5148734632709
101.03397388603	101.269150674492
117.597282561482	118.149895830985
121.294060681834	120.502198651908
113.902312553218	112.150930631611
107.459792329317	104.697327893319
122.546305474882	120.859292966471
107.877823664214	106.488074441716
106.494967080267	106.871877833526
118.542068159188	116.178303143888
103.671031109023	102.914480478253
106.468583493144	104.669182935267
103.052101492357	100.477363644567
97.9859204308026	106.374964260734
99.8777763523373	98.4624095310479
109.507492981066	110.568596103146
107.950722974526	109.484433572107
117.080057634417	115.045424716617
98.5369920836289	97.2315425677922
97.2587955109304	96.2909223474127
103.078457759415	102.584455157925
116.550517055234	116.502394436268
114.064333295833	111.493447027554
109.007641236245	108.533944444395
108.560410386999	111.685184974062
117.078362024829	114.726649195697
107.927542216443	105.203817632432
109.102691464187	106.983457755297
114.159818931979	112.533568705255
106.512523416563	106.302280214376
80.3206852466376	82.0790612174339
111.090871041065	109.144234950378
122.77505490678	121.209090949381
112.52248623924	112.363247172184
100.91039283133	103.557347812949
114.929322200166	112.486183992176
100.367288281136	99.2036838484124
117.739871404017	119.668267434672
94.9736436381344	96.0778599869414
108.547351879452	105.974845151809
87.4297491393471	89.0831292726206
111.528056721421	108.809081914278
124.89557825458	122.273989780452
100.031780963821	102.442270818521
126.028595878994	124.03600252471
111.342936617611	111.442818324316
110.744446324605	109.073393411973
99.9742173593661	98.7191784416272
110.051730065508	108.349259429891
109.330151014159	109.791150024879
85.7720309632802	86.3639381861228
120.078550376346	118.263823748114
91.5182094418923	89.3628776780592
119.8343346263	117.689581173682
95.8077488084669	92.9717812522038
110.112578663261	108.984411046489
84.1420506762506	82.1090113004827
118.218247556556	115.633810725575
111.150469617043	116.137707462964
116.893386667323	114.341230219397
109.985642124649	108.283334016189
101.046286677817	101.818379738758
93.5396373257496	92.3646724584704
120.377362581604	119.368460833958
107.925575657599	112.61629710744
113.168654980271	110.5103266837
108.027833785776	105.67585937337
105.925621144168	105.58744433918
99.510888263752	97.6816192690201
98.9767603281711	103.09443435654
99.9492159944937	98.499736849837
94.2783027910148	93.663314131004
112.025000402118	112.035220023892
114.130500446196	111.523302895847
118.297080070972	116.57231218998
118.888799464377	119.121541729259
104.558865179934	104.360635282952
116.543977278091	116.61881536735
104.461393298014	102.843365139379
109.533817148812	114.699784629939
120.715436445136	121.380266048704
93.1017525414374	94.8780636420758
93.8485432778186	92.7333615584291
109.984913997409	107.380208039572
109.263395970543	109.123668495233
107.323891103583	104.990598432141
119.975908504421	118.345277020559
122.632842276084	121.153391591197
112.437075051841	111.720356122563
111.857603185568	110.527005175853
125.988836807084	124.613897605108
132.982653992357	131.088885578056
114.144508479842	112.395637616682
107.466640338328	105.002595336263
108.531476224422	105.827207608536
98.3910711760729	95.5880878252453
94.4175021751657	93.031852912847
92.2256356716084	89.448569793764
122.258146911756	122.199320361428
112.26304929953	109.607156231602
97.1733427397541	97.0299978564176
101.156817641529	99.4321107418237
115.827633796707	113.580720117194
99.93472004482	99.2723484577041
110.417227262626	111.103682564135
124.499014411605	122.152769734734
108.566581465178	106.951809269767
118.701942493785	117.328626098119
105.216234799965	106.668905216135
124.254994318209	123.681324963127
112.058760277821	109.899675275502
121.472889297146	119.957168076386
121.869772661301	119.389774189981
113.685216295733	112.359111292246
123.608214162806	121.490844027328
115.393695811519	113.507154830067
96.8703900521873	95.5132159383705
110.366538570523	113.382084502868
121.228840106245	118.780447210186
106.288761850815	103.580306297046
118.569950415539	116.946786322175
114.858494883287	115.64431181785
109.068914759732	106.277550203699
114.498241102653	114.450576116641
93.5828183915986	93.6050697084489
92.7916165595442	90.1865900625961
108.954762344786	108.770062705266
111.62994403503	109.162856268182
107.747717458359	105.65102158331
106.576223341759	103.952397270211
96.2756352532634	97.2668963603941
105.517244747071	102.815126333357
94.4060792876627	95.9406853110985
110.627838209143	111.715757254143
97.3320956935235	94.7828306764799
111.744386262968	109.141578537789
127.288730720552	125.823006061841
110.32609837835	109.220734802972
120.446831389559	119.535790512167
124.750600007529	123.178517525149
114.258867271827	111.880955698552
110.638881371859	108.033946384328
105.380318067186	104.143996240404
119.66145777372	117.320411160122
109.422028495405	110.295968847772
97.9277617171895	102.041897771635
106.520018004843	111.50352868489
106.96803633432	107.193388271112
121.573395331286	119.052799977335
106.649385518595	104.138864905075
111.384033545233	110.083591127472
105.203592935984	105.896381592546
108.975720923372	108.70154332813
93.8701482789334	93.5911547861547
99.5752605625676	101.134805618558
109.394200149137	110.696768799497
104.858608881955	108.75253036422
102.468460061696	100.060286565282
115.067425728855	116.296869393971
109.946159655471	113.13074440476
117.971157248323	120.012819656105
118.113572062275	116.245692677182
114.264991049537	113.507536312223
116.175875858852	114.313584822658
119.798971800675	118.292576521447
100.939155766761	98.3234499914389
125.525951120644	123.143759634906
114.921943572336	117.707285357248
91.6043129805135	89.9432190454307
95.1103260938909	92.786203458833
98.9615625359441	98.3374179022274
87.4223199151291	85.3148717530766
118.430163685448	118.625761365975
94.180483234657	94.4123145387706
103.648412397293	102.606423630245
94.0689108535773	94.2229517339014
106.418419981358	103.895072930615
106.109423191379	105.692789102675
92.9795141962616	91.8236436106521
116.188670603597	114.472868325379
101.573174128291	99.7323626822673
101.301487252507	101.503199699159
110.910555249706	111.85592096874
103.374956938953	100.645488054864
99.8513740382723	97.5731688082976
112.261299687789	113.946086032378
109.23879090756	106.721123297604
109.682393449123	108.087281595157
102.943322218023	100.64374212426
110.62233522008	109.167907207903
119.56725825357	117.196028928064
120.676604445003	119.13283139085
110.374251349392	109.230133922899
107.291911630217	106.025034708935
117.130392917209	116.235825813766
107.581564210459	105.853121288376
107.082329246385	108.691097872858
104.266970451949	101.691811778473
106.528171317675	104.206796395529
104.373131767676	105.470585752807
115.569959959533	115.34590070624
100.62337618922	98.8024390507523
87.1371027174532	88.363517191443
94.2768510222219	91.6525296803416
107.809729904453	107.485826234185
98.7041076361508	99.023490372572
103.01369452625	102.447370166974
104.986310553679	102.27642811085
109.525581415601	109.092663456515
100.93702893873	99.9986579039827
119.05929259577	118.489011361761
113.907352091322	111.9220426372
109.982161904083	108.529910191434
93.9308694848427	95.6500289445136
96.177698396971	95.8805194180563
116.449111531228	116.505736710335
110.673631384201	109.803336704258
108.793735873378	106.366697533003
106.765896131295	107.447208951941
122.081647168785	119.637342537486
118.15175950507	116.406101780041
105.410125506483	103.603838404795
89.2554128983655	88.0093442151105
109.343922930583	107.634574959538
116.918799696821	114.759980447649
128.851555671364	126.287143576476
102.245925168263	100.011586310911
108.731836077922	108.860772690372
101.088200613979	101.073065971308
106.521535067911	106.351577780228
106.627243348978	105.919218211174
106.133557879705	103.567176566377
103.847954076586	101.024199415438
102.110229562643	99.8651281514014
109.324302160963	107.226773253852
112.012515730454	111.734564845852
101.982055214863	99.9981530882927
115.750427927499	112.996788548852
103.178047644525	103.406626019141
101.831177012209	101.370885661753
102.673818925604	100.010918327587
110.831651060038	108.353157784313
95.4856548562099	95.1624791981153
102.002686600451	100.744745874232
110.772568621538	109.544031338779
114.976867225173	113.159775527272
99.2143524555711	97.0141020931771
116.25233384688	114.061030707347
113.951905790539	120.933427305071
119.930897951672	119.65039516836
109.411366060863	110.30599405436
105.361001949794	106.618249107924
108.063372550411	109.384016382922
107.326646272668	105.813098021833
96.1886693966772	95.003904303888
122.752454771143	120.675178424341
130.077471265352	127.820558463905
117.877478917859	115.365131423325
110.703203554788	108.869075380369
114.922918073889	115.047155871025
106.159346451548	105.494309973826
108.457095849531	109.15122449667
109.139050012771	109.745445163266
110.967989636508	108.303528529327
107.225793655802	104.6103324908
99.1002004070015	101.254568014792
122.264603540108	119.875254648159
107.716453404174	108.032716284415
102.63467605555	100.226384487251
110.682459920299	109.006818641118
103.788953296627	103.679207451595
118.117181375218	116.888774969887
105.788549440769	104.369578490987
120.919572486361	118.479247261665
107.075128052494	104.51984466101
108.663318850799	106.209200618047
113.686053677747	111.206514518037
117.310952914855	116.516979963652
116.355742934877	116.795546159524
103.355732222348	101.617742204336
116.664716111417	114.407164100407
99.7533250028229	97.1304721679425
115.639184880677	118.478207435328
91.1216613669712	92.8054771737803
103.493153175175	100.847326273099
111.305191750444	116.397911908903
122.556042535267	120.515541682925
108.497590018874	107.509308727587
108.277521641477	105.981928665044
97.8458454815479	98.4899269082714
114.680364037487	114.82497540276
125.169870695564	123.262590296049
92.933389618815	91.7954670565939
102.921320200385	106.187456247687
95.8967037118885	93.7937006635814
106.190632826152	104.933772117643
106.497858842801	104.024675969677
116.23652456231	113.808837528582
114.273600072952	111.938845880743
114.012059144915	114.530207509318
111.01264795502	109.09560904352
126.591410435059	128.106296699284
100.109313971609	97.4983650737304
90.0494734852717	89.0574841430945
88.667592734687	90.5057031503861
96.422102092884	96.7136299305652
112.555793293618	112.696622944991
119.459437581774	116.869307028058
112.190686872007	109.91025994787
117.778756912271	118.583080835355
100.856776396579	103.382671135986
107.093514199034	106.302456571505
119.806063418289	118.160965128463
93.8124803891374	92.7899889609001
87.5037705062488	85.933568614616
129.345838691407	127.328459644445
109.961276157512	107.230046604011
104.85602409984	102.249691193263
102.56201563596	102.494584135428
113.352170522397	111.239498555018
100.370345107602	102.96501634657
109.054993032613	110.737716297415
100.367813450102	99.8128781108775
96.807605819519	93.9693938648397
117.940084523326	115.442415427072
114.059317292288	112.885807847575
100.513668925796	100.631859861881
92.1177092873623	89.6678267702392
101.077296088804	98.5344158406034
116.973520127165	114.635912266957
121.19615729117	118.80880651499
92.5768589790182	95.5779730374584
108.242322491391	105.501426008921
109.958778906223	107.476914036289
89.3345038975069	90.2154048280657
113.020110715372	110.816197016888
105.721677548948	109.884112631759
101.404863939678	99.2172899276652
101.027820640897	98.5097380477436
114.637097753517	113.039877799605
114.048628344054	114.061909552557
115.838677444907	113.557358980904
109.868255732667	108.337549696294
96.0626085772823	96.4381055371288
121.663940891594	120.258306728385
97.4893040838684	98.7187989747369
104.684619844123	102.638032923354
115.329894931298	113.792979389612
99.194441558676	103.655368329975
96.6345649055873	101.064613703897
112.274737936454	109.944029178011
110.765495738149	110.824045186139
95.7486099375461	95.5002745924377
113.332036453581	113.340285031936
87.6519956426557	85.4335148606811
110.094764073663	111.873226934051
111.647266291557	109.121263164484
113.722821885559	112.808601556087
124.606022088449	122.276456532361
123.6094845068	121.68026817864
102.825231477929	100.267928927036
115.057478175129	113.859469329778
121.802853365674	121.928354902528
100.487503943802	106.158089749526
101.861591600512	102.386616594504
121.391396136316	119.589975982182
118.445851728526	116.436343266884
115.430671590979	115.31689439798
103.220125027535	102.731038290705
105.97353583471	108.292672657552
108.595190311097	108.782108062293
114.855528463404	117.225982130124
115.764631258569	113.067084587257
95.9248787907185	98.4642055226354
101.952802588322	100.044892911358
121.42298986165	119.470120015838
102.26163618875	104.335382478799
110.33698750289	111.600416343375
101.012002022153	99.8569491122439
110.337488012785	107.903447404166
99.4621425602287	96.8662769745536
117.489591734236	114.932385920816
94.8319609955846	92.1689369823793
112.835611532318	113.052025799194
123.639332997481	121.914772620143
102.944704238605	101.89164342214
93.962613461956	95.0456509232099
97.9428888215872	95.7434757803232
120.120623443984	119.60158609227
105.645588797814	104.62564405462
104.628180769516	104.072926043713
116.323020265658	115.855128950342
97.8183845758854	98.3875329243981
116.403478108346	113.850837557201
94.5261494833393	92.6619940548666
96.9365321249481	95.2177202473281
109.38907223086	109.02389329285
97.3651536988911	98.6343877922812
100.543678470398	100.955253406349
121.349430346159	119.220106137655
92.7521517966477	94.4352222804464
103.320702041869	100.90683513109
98.4088005953302	95.7152336378134
124.768985387541	122.663423690261
91.7074457707321	89.1136807548118
104.199859421736	101.494294391363
109.860108516818	111.899105240557
98.397632285688	100.684846771675
111.808919088022	110.023518501083
113.913177544395	112.569214387971
110.360538248691	108.698389530925
116.078596067609	113.64655019895
116.4223798593	113.979651968746
90.8889702341485	89.7033590392931
109.101098793611	110.036576093145
122.376047524079	121.592273216973
97.8652739701235	96.7150287868204
117.761716641003	119.360983826517
102.752045616975	103.688105494637
99.7809237814338	102.274521613178
107.621413216344	105.802146990663
115.566774659412	113.219922101756
95.7864905530145	93.3297354458352
104.957251293384	104.70765315819
107.876627004629	109.300865477175
110.657913203827	108.4780661191
121.730725563818	120.247052641988
119.730725973457	117.261143293664
94.9383700466875	94.3619127824757
101.134501863918	102.430050015614
118.64458644605	122.750412244353
97.9791237190521	100.828275093049
125.933465354777	124.19033949578
91.5935163294029	91.8815453362838
112.091712683469	109.668016379673
107.274619536088	105.231300424752
98.4844573321044	97.889181400285
108.03216441819	107.841217787899
96.1926279676521	99.0652421745383
127.59510926783	125.316876953871
115.940909137646	114.342224879085
102.050710000672	102.697746140991
109.585395805474	111.427810805237
117.7750138833	115.648099375803
109.526423369989	107.553734836701
110.802873309341	109.057396006809
113.516072472833	112.915590411458
119.769278142463	117.747676640438
112.673037390204	112.7698277596
120.03638918254	120.722916152723
110.035198313273	108.078082800707
105.896486965436	104.112789373774
100.606338583664	102.917751791859
101.550167742178	102.019496394827
112.407367335795	110.054031799731
92.4128202915297	97.5835137793791
124.76390679917	123.024829997869
110.223092586687	109.622414475203
101.841776764571	101.586303309854
110.784455010209	108.333180698027
115.536865538856	114.611763414628
107.763521105988	107.235299821541
103.375969742975	101.678610436118
105.463275769671	106.915497265136
114.266847698504	112.570039182953
117.041866346885	118.002531829442
108.806882895046	110.113985452795
116.345689411225	115.709088119435
104.728871858372	102.507908384164
101.280983383123	98.9585842727379
90.7913692947489	92.962577073157
114.553577352598	115.702093068829
91.4358973147608	89.1272849090959
103.081639871104	100.867509515075
71.5287877661517	72.1010627638141
102.572568378153	107.16408874894
96.587709789965	97.4627862425583
103.32885292513	102.857648661097
111.346487952686	109.338530855542
114.291305684703	114.405525808859
122.445447553675	120.232833504328
97.2369097078342	98.0897609289645
109.245434317811	107.521845719198
123.89442539372	124.314206475544
102.845869640265	101.394861169099
115.719092082047	118.501007993596
101.828621534058	99.2719204640608
102.184784125535	100.499960697031
112.381719696588	116.420836133778
110.942627848113	111.785802156875
110.094218367431	110.19170682305
110.72186073831	114.736310147303
113.388939639149	112.133618779355
116.840107120689	114.538801220606
118.457855849929	116.045276420673
116.032794302225	113.415805256124
87.4703004810941	87.2607177111757
107.120380222897	104.555545561732
118.416983671997	118.00575935693
106.32620609366	103.719224771424
123.797479221804	122.080560487772
114.446949677223	114.174743155656
107.053582205039	106.340843232827
100.606539923349	99.5718610869995
98.0095539290929	95.6482453929422
103.047600944362	102.224668109439
99.7008845545502	97.8322223229337
113.465343857016	111.251881781325
110.085062325673	107.427930039303
82.9374706658223	83.6332578963131
112.814628582189	110.430903787006
109.207154232771	107.78379253469
103.723698673915	101.213384278335
89.8086124804613	87.5671086664656
91.1912046962184	88.8944216457394
111.766257569461	113.903708544459
110.130733734038	107.519138068297
119.47281607559	117.407894506321
111.12604410245	110.606171207332
110.511240987781	107.9856306085
115.163773453528	120.781737666859
98.1410600832313	102.281807499453
110.987886020621	109.247338476497
126.426976796803	124.15749089629
113.533868630239	112.693557684112
107.959223503707	105.617996601632
78.4720379888822	79.9515984474195
99.6899817164547	97.3064483371547
111.348286241177	114.790328683014
109.485506583544	109.024380685791
97.9418154746096	100.268323623105
98.3172300758875	95.7749246418843
109.582834359963	109.460500007494
90.389078858596	88.8727625273914
109.462111151923	106.889379023962
104.626134643378	102.492350989734
117.558251713786	117.124924878672
111.459495889872	111.678979323791
128.441177856988	127.516651006543
106.699579978994	106.706441797795
86.84677115853	86.9279265677796
111.609335727494	111.328642488388
111.881331697279	110.02813466485
105.152045354579	102.928290615294
115.07734305936	113.36132986891
126.968746327951	126.158567061593
102.14202963301	99.7583436336909
116.8361442023	114.943129464145
105.489838740144	103.249700084509
105.983501309957	103.557458638357
119.72988439743	118.86723012762
93.1385106485732	93.5241448387998
114.201927781139	115.746652434869
96.2283342903471	93.9130602719679
109.378795847594	108.485159442981
127.003742391866	125.04725521799
93.5417934560588	93.0664479777385
102.005808478238	100.258062181955
124.426009724485	122.319879181179
114.000772597889	111.623997908197
96.3534737501618	97.9650048423418
102.355305739741	104.055385048556
88.1165987518612	89.9300065518052
121.560955890187	119.125883527365
110.063668872909	107.978795092599
105.345404376459	104.796853108433
117.702018928122	115.792436928273
103.100467577286	101.7804024075
116.577244756182	114.156752333545
119.277444939335	118.154336165105
123.238526175547	120.732772570496
117.843663368347	116.501175155507
103.163869667334	100.574106277408
90.1745952254798	87.6698191169465
119.930667587728	118.194410780829
97.9259370906194	97.8027874688905
105.530961905125	103.157899384039
111.437193273209	110.831030506955
111.711964880123	111.512580066563
116.149885827342	116.38040082076
109.530217033414	108.530632496769
99.3582336266328	99.2143524102252
124.007930430085	122.650505902971
131.027605529882	128.855211603919
99.863941922956	101.545291545462
103.53716398007	100.885891485911
104.947110898672	106.699528506881
115.530207526653	114.459978706669
109.281880130779	111.055941478203
91.6168523428979	93.1705738991794
110.988718990828	110.010122249698
121.108742323601	119.173710675147
94.2835316086278	93.5181734267819
110.828637459507	108.414645274521
110.510531119228	108.89833855731
126.256712425703	125.674490040489
104.19855584058	101.693421136224
119.430951408392	117.027135342264
107.25450834108	106.762398982868
107.683994127422	105.280739884429
118.205197410228	115.767864290183
118.921953799483	116.880974757707
98.1155733348838	99.9541185524345
106.992524750861	108.005664215878
115.797975525712	113.374243285197
102.954671067635	102.924440192756
104.460608716922	103.439683181406
114.00972361561	112.539719542702
109.509399916453	108.734610941087
110.15143883947	108.785741354023
112.084443530505	109.582976760014
88.9300273317437	86.9007609699318
115.594324164533	114.196296349775
112.213515778802	109.646919206852
108.636660572696	105.965566459451
116.069672734494	118.115934231434
111.760764585136	110.738225942755
95.9067358396577	95.796513002934
108.720039689506	106.177054198723
115.756037452192	115.140803085327
123.935684239664	124.295474831506
109.64625504862	107.609745179452
100.106171703117	98.5242927185271
126.554782814117	126.071303573397
106.034109309707	103.26914816342
101.854145832913	102.725964497991
117.656310100643	115.269842543185
108.567482999885	105.849341962911
109.788792063508	107.150975272924
94.5399940871178	96.7785459898301
108.798928163593	109.306776072292
109.947422824238	110.852311995295
118.863918197643	118.321248859459
101.799009842815	104.205690246471
105.466612262678	102.955783456894
106.029101789758	103.537328984253
104.518758082842	102.63984729297
103.4023531713	103.013121125776
113.292398989577	111.783303789562
100.113082897758	97.7071816842549
103.489722321483	101.24715228736
123.494616240561	121.930959648023
99.114784682127	99.2412485721337
108.726423024419	107.972713478027
107.948539245937	107.545848753637
103.970269912964	102.655707585648
97.5339209994695	94.9058809229376
114.362831542523	116.131454962584
105.474012228988	103.688239746577
116.719934102113	116.287023612791
117.877849184519	116.699215158952
111.8099227206	112.942587554197
97.989742416213	96.2226150896199
116.609864454301	114.247650242853
113.294451490602	110.993965320372
107.521643036697	109.633357242753
103.73302851666	101.67526212595
110.073499013283	107.546670351021
102.666218244896	100.822713708534
115.136210276979	112.459363608025
97.6843836153304	96.8116425455507
104.918949646754	102.585381150182
112.498385417737	110.049885775382
108.817950548986	106.846045538709
105.774855678477	103.887764226462
110.959878600717	110.023965493439
116.347910850635	115.71815829362
97.9275107607772	98.5570301144664
96.3719467061653	94.614947149786
119.36902521157	116.710579877038
105.704141977787	106.024203383278
122.566469002668	121.619059141056
108.523783023101	106.692727034366
118.058482386428	116.526853933603
110.721959611971	110.306047863525
118.648605426125	116.29587925984
117.77575387014	115.30086219537
111.437252707299	112.489204682167
100.284224238659	99.3751893422359
108.581326900909	106.764724159062
114.727220538508	115.942941095946
118.878575907316	118.718308459981
104.163013332787	103.286339322145
92.5058516762687	91.1041676873156
111.552519369832	109.241421589434
117.554635450067	115.273041532795
117.378480361753	120.131646088856
107.211173816056	105.174797926923
118.638310909294	122.76203461604
92.3298725223463	93.369454905139
119.929444823731	117.886885942406
111.356082481316	112.002717650399
106.90795887607	105.908473874852
99.3397219910292	96.7572348127499
99.6355260707592	100.303070264082
112.79990564934	110.758053048783
107.439772929184	104.670558069917
131.642479440753	130.468938241871
115.994563210528	118.218447615534
108.745395226325	106.181425523662
105.925577469097	105.82166609467
111.609124479875	109.389163287671
105.207123385485	102.73068047486
115.293431642673	118.428804168305
106.83652723132	105.121186756895
81.7345178962662	79.3378163177823
115.674649858693	114.684384910271
110.705500731003	111.007295864953
99.9237133097188	97.3139055971902
100.276059022378	102.263440806431
110.115989100794	111.573272845742
109.361076030563	111.337722470436
79.1335248348587	77.6131792382094
89.695235047536	91.3022241091941
114.732662257982	115.014923494848
79.7200664983858	80.0499662978766
116.295379414396	114.315018211925
115.807456698132	118.674348167678
115.901107159672	116.781081008725
115.250750263578	115.708754075308
103.54306283424	101.305071959831
100.926815752456	105.262800525361
113.6657014199	111.368157186915
92.2779834888877	90.8554756944374
90.9430271073286	93.1435029319954
110.915252721833	108.323715310297
115.307754481191	112.863758517567
118.66532658138	116.705196625029
117.078732936471	114.3775671933
104.324028365467	102.418203901668
112.770456644699	110.107237684319
101.899336346484	99.3116142533447
104.112189914874	103.379917710497
96.8645038776908	99.7210587526178
108.864335245116	106.378198432122
107.996430791277	105.60430653151
100.831184688124	104.196599677546
101.306032128434	104.786331074851
123.379485782031	124.678412881722
112.563070347039	110.343017803189
106.043946500339	103.344724110627
115.487263859694	114.963085094181
107.078982760207	104.986610610134
100.099598254115	99.0805077331395
126.479097019738	126.913742021662
99.0627209161187	96.3248196602582
111.171996992899	111.658532289853
105.162044110894	104.049060485615
113.701397905352	111.114537327338
113.214434675222	110.954120546217
108.160661623042	106.587598914491
129.571793139103	127.287426632309
113.182218629051	115.279970082521
120.578891210954	119.194055413278
103.136784711102	100.438653784173
129.23014199999	128.436336870544
90.0746792094671	87.7058872756345
89.6347630520609	92.8537057785291
104.731743337044	106.532834890927
117.51600328631	115.363358125717
99.9686178577027	100.233727030903
117.098564213551	115.202978738392
102.819340549786	101.424817698384
109.933668602442	107.53060687401
116.123660214768	116.351438256364
105.938561539145	112.477796189187
107.964132432062	107.382496626507
81.1742335969421	80.612583879189
96.7083406048077	96.3057421605793
113.683533769465	115.622829069105
110.059528391005	107.451114918145
115.414300083533	114.07335682262
107.642777624738	108.911248570657
94.2570110079383	92.2226003049384
95.449772750442	101.022624182724
115.641482337749	116.093105946623
97.5211610414745	95.151844362542
125.463602671744	123.865916872827
111.169030475117	113.036678475403
107.268199865738	104.913010691209
109.547768021274	110.412547328791
107.98090036759	109.323525717725
97.9877220790873	97.0907914307353
98.5593038082846	97.6757154969796
119.798770038166	117.417570576185
96.0771965422151	97.2148398140154
118.490625435164	115.817636718367
107.618386809665	109.548941912537
110.846644162477	109.546613970128
114.734339626028	112.308403308409
96.1246164839387	96.0012680208763
108.467486282593	106.035135724318
102.537177497443	100.303246169158
125.920893021832	123.718639496955
107.748455732048	110.43582170183
91.1364825507607	90.2583896558735
97.0274506316955	99.3265893121557
108.089731023549	105.867640609207
109.323943519621	107.645833617286
117.720893610004	117.062308534966
90.2861925541953	90.4990699891559
103.496443677772	100.870141289369
116.932549399772	116.822391445858
104.088644823325	105.633360118369
69.8377185815216	69.9524805958305
102.77783810407	100.288604019994
112.261344874954	111.655789780617
99.2258907199581	96.9242243685161
118.076749990431	118.072704862641
116.887177635017	117.477538065219
128.726470528804	127.575789494548
108.188101687177	105.812782777758
118.336251314554	115.960619694319
121.594468362573	119.234875808389
111.438564465247	109.809738245843
121.316785064622	120.29400181678
104.813792329964	105.3146704644
121.369281498288	119.030238512762
103.820404074977	102.909566147096
103.038234028102	102.061179862539
115.343671031032	114.45113451058
121.664097569807	119.349275285588
106.171360411542	103.609860825656
124.094478476023	127.140976243213
99.8959373878181	98.2883769687512
106.776680959548	107.87195279048
108.823231731906	109.515363421754
113.899330580253	111.269075955571
114.052020086647	111.495975884478
99.6273616992683	99.6400095033153
106.52468637519	104.005210962393
111.889812380229	109.307914064449
108.484431956763	107.788496069988
105.986554213311	108.107187427566
109.888181238874	109.097964565114
126.904775851577	125.103535359786
86.4572591735638	89.1521821520438
95.1938327460882	92.9967793578874
109.746905581561	111.29163825775
113.617911439617	114.662016000995
126.434634012939	124.739162465638
