FMP	FPP
98.0134927106803	99.2910020769768
99.7436904017825	99.5056433033583
95.365846999406	96.3800547902008
104.84150682677	105.328485020681
110.002972194673	110.017581595637
98.0228609871239	98.4497329810874
103.086512192218	103.583375642148
112.195276704363	112.93252214848
113.845221757215	114.875777242708
93.7823887631755	93.7123398637536
109.852810190887	109.653784352492
116.995870469286	117.433128667952
104.072083724408	104.804046277188
90.6917238080482	91.9361152412903
114.404065071094	114.722756442085
89.9138134330387	90.5839516092785
99.9081390549209	100.120867390961
100.621466617333	101.473373066574
119.07075368673	118.88572801193
103.934199563944	103.98266591213
90.8170966302795	91.5472521151193
103.343535543292	104.300648226878
103.660176041991	104.795651075308
107.024298178769	107.688025737217
75.128862057569	76.2536202085076
106.185440429919	107.098689768498
107.339623819633	108.470663642786
101.594084288172	102.611050978578
83.3345278298704	83.6642074014256
118.698189598819	118.719231684889
106.243311465417	106.85803645347
105.278393191942	106.046338431568
89.3460361016422	90.4445923291037
104.954258105842	105.49227958214
101.952128258777	102.743680323401
107.11330285115	107.436505887054
120.681528671054	121.290460555814
102.469259909024	103.602488491116
116.123203162008	116.723349472217
101.937946687698	102.904548173558
108.518954956883	109.206968935229
90.0292260326738	89.6576799329107
103.690148777423	104.613592739546
100.480915677533	101.435462967149
114.043653940625	114.803721975639
90.6713702963017	91.4677392469491
109.642695622261	108.970095552432
91.7137330349862	92.3676797671026
96.3193002065062	96.1755084017903
97.775381138897	97.9606768150909
124.398928531023	125.072483940807
112.436851165053	113.00172597814
93.9738426191885	95.0072194503713
103.565605909735	104.250985271012
101.505438183236	102.456378359819
103.473301182453	103.567221192209
111.608547263362	109.574971490167
106.623362981858	107.561408441476
95.2891590611865	95.6427036057828
101.101324806888	101.859742560741
112.202031619215	112.962047151822
99.9965470131551	101.297069921571
113.88133494081	114.50862789513
106.118844466371	106.649776797794
107.364390524995	107.286540475549
99.7860130873898	99.2358085508384
117.215323884585	117.57902685597
116.067918171152	116.048779066748
112.4409748515	112.650742910095
101.10205541721	101.826986032242
117.351494377243	117.944397824142
90.9944074693671	91.674840777758
112.002919194304	112.792001410845
114.644190589603	115.47751169084
120.309962528675	118.819851788979
97.3843856423206	98.4211699370771
110.678067134795	111.452909550591
96.7582150846995	97.6007015189601
113.539944958375	113.554792650881
118.738809155774	118.275028352519
87.1081983932454	88.0469069450108
92.9920776312727	94.1497050101642
112.512182207193	113.292138916131
111.096705454783	112.040778711138
104.177603005975	105.172162033267
88.0244702653325	88.530300216788
107.670514848463	108.678923590172
94.9138843211598	95.8398863397047
99.8943150488555	100.982109139653
98.8313516458002	99.8826569541489
105.817805422147	106.073311162749
115.358463340916	115.863426401862
111.165707136105	111.426313903064
100.526819820522	100.595802140011
114.164288233666	113.595623339329
104.466020842373	105.564166962696
102.457829055979	102.609387147904
93.8103585259205	94.3660374233968
99.1826184678614	98.5231642295312
96.4488939521606	96.0297781950666
103.198287222636	103.661406547421
111.988349003396	113.100691451307
109.924923441577	109.994621711069
102.325024509253	102.074034197099
91.9229911364882	92.5201534815188
107.019462002461	107.92558571444
92.2795979644241	92.5086972050306
107.329246874131	107.609908261718
97.5942738143903	98.2835334029647
101.104255565778	101.645887453338
88.7865177172656	88.286770846537
106.584323734767	107.355880941202
117.1781358035	118.208028703219
105.288413418494	106.118077899694
108.716797076675	109.851260441463
98.9709988934163	99.4747829176004
92.1334614633957	92.5225225638571
103.204631311699	103.402500244542
110.337809534188	110.653408090226
109.166371428162	109.438464245229
106.646370251374	106.990465495282
110.938926633247	111.866571776932
77.5670525496433	78.608951123127
110.17791481218	111.353300543782
101.670618974334	102.672768916285
97.5120770768369	98.640597480359
115.745631485063	115.174544170823
101.964083046189	101.84560355857
113.441614391196	114.542464343429
97.3060499167811	98.5394432048879
101.491869993651	102.405582392261
98.9945642546387	99.4363460711322
97.1875944631091	98.2886067817053
114.714238085709	114.953967811998
108.46815518608	108.340913165652
83.6980953107691	84.5034942809193
105.745680040516	105.659773986739
103.800301456942	104.724754867897
119.602151382823	120.034446426684
113.741941207641	113.713768926461
114.552844615092	114.835151694554
108.306393445875	107.59699385102
98.6334994372512	99.0640169546646
101.838807442894	102.440501457015
97.984942442834	98.6647769829645
116.08775633367	115.636321173083
93.421257952571	92.2807540112344
111.63907351274	112.824884867639
98.6717897738948	98.9175155260171
96.0666992043919	97.1550579978557
98.475357424758	98.6457181994077
112.830875359333	113.780615145423
115.877647962372	116.630420623241
104.741469823866	105.244391039526
109.053305345611	108.6707552261
106.066270613741	106.842703148995
111.442081839725	112.064055897726
96.8061720835124	95.9698113165396
106.666320462595	107.21940996381
101.407839606212	101.65325267821
102.443099467827	102.874748838294
97.8688314519758	98.9859292940789
98.7806792080656	99.8666486000927
112.197784464423	112.580884158652
104.924552927176	105.984928572275
108.302504918605	108.636789442318
104.46137189063	105.232516203065
115.467694314167	116.470857104046
106.652645138773	107.524613067477
102.177398846325	103.135401014424
109.230736070362	109.216064302748
106.350889188877	106.985336346391
111.342572342944	111.857773465677
97.5548126849006	97.5993366683189
110.736482802562	110.895911662269
102.69575789145	103.963686360746
97.2497903205536	96.6373289965482
110.120492500251	110.926617808061
105.152082992464	103.20239643153
120.404152470275	119.384679712253
111.627934465166	112.509105474631
92.2360600669529	93.4452024857735
117.448116835201	118.383721283201
95.1391595230563	96.2112584707708
112.814372458595	113.245626368788
105.46114335755	106.335844302262
109.868258248187	110.150831456483
104.6683795081	105.144787570999
122.534234582034	123.005601460731
102.185104013075	103.255380922694
107.798116197746	108.448130842155
116.841091116365	117.54184480487
101.82080958959	102.91632841367
80.5752350182193	78.8300781182664
80.2002655009033	80.4695105369218
123.747783926479	122.637559054634
106.696750201207	107.051249064251
104.574007212727	104.32013041056
106.185214121579	106.809272086736
100.157088783293	100.916186098808
108.673609533296	109.772918175809
125.78204500077	126.504480229324
108.484111788477	108.826009165135
106.33916409633	107.029467189903
112.89596816064	113.793446008075
99.1083319285915	99.7699313460814
99.4582704594847	100.717400338567
92.5834103566003	92.8599717271868
114.176381746794	114.004577497155
97.1420131074234	97.3599090242697
113.147661976799	114.111636115099
108.151884709354	108.807980743624
88.697341614698	88.9881502745244
102.307395142598	103.189406673251
104.306543648705	103.300430493148
116.072872214041	116.367115346324
100.091836969315	100.986229170416
116.826671948774	117.732526125838
110.977149942298	108.845093425804
112.242822389342	113.015814876268
96.8447630747181	97.3912957307141
101.885581012125	101.417160217562
110.890294625065	111.455365045838
104.132713506911	104.303796402223
108.569772630198	107.882041424983
114.662420401609	115.612351267418
111.537048932248	110.725633987897
103.17059064415	104.051498168628
108.324580360252	109.121243362474
111.6153054957	112.047475218844
103.233665069538	103.475521846884
107.831792683103	108.497263569682
117.039325484525	118.064640932186
98.1479860720419	98.4489102641754
108.830045800206	108.979659728417
108.737397631282	108.490858783859
116.617749202678	117.066241081526
97.9093762146137	97.7235092982267
98.3602481309754	99.4594793141765
99.6028000548887	100.281017303098
115.591775346385	114.956923950901
95.3241638466012	95.7885148762566
107.112064607661	107.337522242698
104.511554608137	105.754664196675
112.040344116855	112.112548734555
100.287303612195	101.350383587843
115.273696445184	116.065101318676
102.712950526678	102.658728509874
99.6496423007375	100.571805214187
101.753838242824	102.515036418851
113.640054093522	114.240932978517
104.917373411528	105.161934176656
98.2518893504163	99.2024711599394
104.327786939583	105.549249229301
123.59712130252	124.244556303458
104.839635752976	105.838887681095
106.464999549524	106.893177633634
100.353930250596	100.933226998609
109.424507015824	110.474024689644
109.99218908731	111.085855011936
102.83285829201	102.475550846684
110.508533634796	111.401514239786
83.9857622214518	84.6354980010795
102.154142736438	103.293351663617
113.966740051609	114.856043617447
104.617446266885	104.58175637319
95.7267068857438	94.9180145442019
112.565673705559	113.364257063676
94.7500059119451	94.8209126989484
117.070288809744	117.934555447648
112.320972183232	111.540767049414
113.131114794665	112.239734713045
101.067924212038	100.11933829033
113.0727449023	113.668385470705
113.317796941775	110.995710003098
95.7307121599446	96.4533284477773
95.5868234587572	94.0383184599617
103.088221333393	104.386903674547
116.308110692377	115.811349323992
99.0182714589865	99.5656601217658
85.9222708113802	87.1709905158346
84.3816415081138	83.9147000790286
101.473796311422	102.608625655526
106.124255126113	106.687975771197
113.124987326953	114.217900680113
97.7174846014735	98.8413916962682
103.716110544035	103.900830500262
109.494225637202	109.229154822101
104.767974533543	105.666412340116
96.524489506248	97.8366756291882
95.1249767885335	95.9836243668799
116.814886602744	117.191917960331
111.555912853852	111.794150388067
86.5004143937759	87.1151321150036
103.448454658379	104.50175518766
121.762908011593	121.570007801048
91.2914575942874	91.226952984255
100.684987057451	101.814839447804
91.1554229734233	91.8375708033735
106.281271944489	106.963043477747
108.757995256862	108.315267286064
96.7743732093829	96.9812020236504
129.18219755108	129.00764210214
107.028777479497	108.026709822151
118.740615999731	119.765057179259
99.4649871066226	100.2814536282
102.733229467918	103.472118376175
109.450860739378	109.690732889419
108.487065377102	109.503670896387
100.257079589422	101.276963457847
107.111861258581	108.125706907013
113.070402085849	114.043768160753
119.261081089066	120.393276021217
101.57110831298	102.631181131277
98.4613241164284	95.8140020776975
103.655827025133	104.190150077727
97.7915489258782	97.6117217440756
104.262456586891	104.785014587057
112.888501223822	114.082487268514
105.698161068481	105.69526871249
86.6015480769408	87.5646909111763
115.856557246891	116.794813044753
105.447897727824	105.954150856958
110.952715432119	111.440226956737
107.124236462384	107.737050984727
109.355701272709	110.181753440407
101.722100604599	102.07840742551
99.0420721039922	99.5258174712155
100.970256413238	101.368600143022
110.11835030498	111.319572045184
91.8517454466501	92.4948904003808
104.062208525034	103.840710063118
113.736160305571	113.391093289312
106.690111128643	107.371659505427
96.4443503679842	97.328064670891
98.3704618424787	98.9719103507992
121.453305669411	122.299279677593
117.754699392027	117.788682715653
102.048036694734	102.325736424816
76.2798239381417	76.6790525450382
111.349618411937	112.127522857121
114.269842172256	115.078731947862
117.267820451772	118.382243240362
113.131436579897	112.986444111397
98.1640435264994	97.2699763569942
108.516985621381	107.498065428778
108.162474637023	109.142011236477
101.460687209505	102.033696656145
80.3375849364894	81.066902559524
121.749561903666	122.37481725282
94.4806454674081	95.470628241061
118.979417344622	119.827958222609
110.29698151453	110.912260859489
110.825261487486	111.822248072917
106.496262631184	106.383636349269
113.426732669263	114.598061582881
100.560610501662	100.55361760955
108.85065441271	109.035265146047
113.93481678579	112.838354187926
111.580820800376	112.634888454974
111.740893519517	112.073849365878
98.0649007710825	99.2006784036679
106.515235751099	107.459743288605
97.4534982617483	98.7721132861882
96.520512897178	96.6773030598842
95.3785920040072	96.6101145560122
112.814435345065	113.660009717288
104.522960128093	105.368411715534
111.036509142973	111.918817539225
93.5704296171901	94.5948622243397
96.7930191401644	97.21252163538
102.263430915357	102.934614585584
105.059621494502	105.047453840258
100.909031073052	101.7303920346
113.985048522828	114.887212461704
96.4397879938657	97.3891343890311
110.852859475837	111.54045605174
108.932981822917	109.160477895978
104.17737944559	105.002614739343
96.7691657294777	97.9712212976433
115.456877388363	115.255189909784
117.869340316074	118.699425354267
82.394491296351	83.0271049941614
106.373389652966	105.465655925773
114.680950710832	113.826503219729
103.618613808375	104.605355903177
95.6205488062624	96.1363255425803
104.526425898225	104.873471177779
120.617900553134	120.969885266228
92.8632235707004	92.543265397972
103.901317221341	103.922604975268
112.023252053501	111.876243317999
103.785860098309	101.879498819146
101.879778637394	102.985514479707
95.8452351372219	96.6902885919569
114.747123161714	115.506893413107
115.239935380633	115.519693196276
115.025341285022	114.369725498046
105.532216881527	105.708994767572
111.183986052269	111.647872424096
91.5715297111729	92.540925959471
110.914072382171	111.346457001252
114.810381927647	115.53610586942
107.054610444625	107.758454288947
102.450946338745	103.170805402466
104.26421586067	104.952678028076
127.178311538008	128.146115012609
107.809520512564	108.673652204078
107.176383762083	106.31917821528
117.418977171958	118.586153511134
91.6937225828854	92.5087263662431
97.3089532856898	97.4860030596466
106.821981766441	108.065417730906
101.957846013543	102.516494439923
90.8295272704539	91.5621310297411
113.838594833892	114.782665754793
117.953657346723	119.154141315496
107.530359392377	108.120146567938
97.2338112609218	98.0661001429981
93.3184298463774	94.0494023815239
119.296048311315	119.691282660066
104.13716462217	103.680437813622
111.956018016757	112.774648411257
102.358948504572	103.028447619506
110.191502737837	111.428288711233
110.476976947372	111.193033315602
105.435785171821	105.601254963807
93.802866165052	94.7283304047937
119.469633702426	118.265031382849
117.212925111798	117.343465371
97.6096340052363	97.8095778655454
111.931451937039	112.556402438373
120.35816555312	121.440107434812
103.850377546164	103.658458371663
97.1239076999568	98.0324207008239
89.9998713632508	87.4250282301863
84.390167790266	84.4203091378092
116.824516981336	117.105733505339
100.786730217213	100.793220665662
94.3411726755421	95.604592579659
117.900251390517	118.400824096409
95.9400294410556	97.0370545633584
110.531341068022	110.992046257104
114.553763229313	114.593815797558
113.450588092637	114.196246170967
104.165038631925	105.265450574274
112.157149747129	112.658541722216
89.4126979941142	89.7086562488801
109.09660892394	108.146410404179
86.4973906986129	87.4505870227829
113.230331714211	114.07714279948
90.6294152756002	91.2214693356997
100.937338958925	100.573728687624
91.7942087291215	91.7672202826353
106.562638404154	106.741488511389
113.574271061731	110.932160152446
113.119571432222	114.294326287416
102.873287166864	103.009889723401
97.8451395932719	98.3225827265846
121.233291375346	122.221404967508
96.0732375843761	96.9896232679179
89.7785676037649	90.1897406855193
109.200081654655	109.916412695059
92.6683344292247	93.7057599472029
111.40994789989	111.835468093293
104.919532648699	106.139449083727
108.361713618766	108.754142481701
114.353149077541	112.468987488932
101.300904975577	102.337246418916
110.30737572377	110.939687712418
97.8247409356873	98.7493429934648
102.956220378204	102.372027355137
98.8740526124211	99.6891852393331
90.4910019796442	90.6290270160848
100.703437615972	100.111071049852
111.790254266561	112.146406001077
103.991673349643	104.654244016379
84.2716383225512	85.0627736751059
104.262101941885	103.918856212953
96.5863137514381	97.5702076121921
104.344665907599	104.647677395135
113.232581190666	113.899018146369
94.8619617825277	95.6917553525224
109.979559519969	110.330554860114
93.4255064399342	94.4754314936065
105.292239081601	105.419823218495
119.187333081719	120.092067045076
113.397127375634	113.512445173425
120.63818477527	120.781135758263
88.3578244002706	89.3784283151385
105.73284011598	106.215622085774
116.955621977384	118.150954225624
115.286701971875	116.393599177313
103.82912666477	104.398677887563
121.326192921871	121.844394224067
98.5234098523706	98.8891667749099
117.082894097988	117.987010581884
83.2746030312677	83.0010081802051
118.240181571496	118.779377809215
109.131668654308	109.95051032589
97.2397527297895	98.0613281645804
114.236405836985	114.287823317309
114.200823978827	114.906004300232
95.94293491135	96.2119315476147
98.8172889336282	100.009321896812
104.886699238962	105.157784404226
106.887089538924	107.693056229043
110.869415884631	111.645087211415
106.638765171598	107.468504551095
101.881830543236	100.553071004617
122.737062193276	123.577440148906
100.841016764991	101.931591140096
107.444025706186	108.270909409429
115.874648742954	115.921409299196
105.576056155111	106.231746748589
98.5181411108819	98.6379028842061
107.963906388175	108.897151979605
107.322295585773	107.600574641468
100.492276930336	100.824756813772
94.4322396982268	95.6710983997733
105.135819313762	105.738646291421
95.1794126256897	96.1372380679396
86.474425609323	87.6065478337542
105.182346222371	105.301939477915
112.550779200569	113.438233062118
97.8435367682637	99.104186067736
107.30721447972	106.996046207554
105.591877971785	105.237972880529
114.810498967956	115.519102341363
102.34671849541	102.684387900592
98.4961009903481	97.0864810079375
115.693436938808	116.672102764187
95.1662527042851	95.5659374413178
104.330328317092	104.8691814112
112.79702177735	113.57419515048
94.8599700928197	95.4899697283853
94.8343924834646	95.4709838305128
103.583665379228	103.683228896111
93.8135541286991	92.4536271222676
99.7857227941968	98.9967945202739
117.91784689041	117.793492841297
115.43938708689	115.695603296431
96.3731993214047	96.500786489733
91.8743594482659	93.0762056059227
84.9029980410578	84.4911706101854
101.879733506777	100.101509045327
93.3608780560892	94.4642798494444
105.027803320077	105.226567440663
102.782165689524	103.811126872796
97.7659526215851	98.8869914281299
104.168268350108	104.823824857285
102.112545464986	102.034098076781
108.685318818987	109.492973587415
100.067136457203	99.87127577816
101.872801466656	100.800515863723
107.390290081949	108.080259534679
107.739489199244	108.221598218222
98.7655631460636	99.5002383253268
98.0796884406307	98.8502208694467
98.636536989466	99.107912555976
105.432128398158	105.757084535344
110.64777922646	111.303321924791
108.908946484901	109.516621918714
101.05725233291	101.595330943794
107.759162186198	108.281935108749
102.79723189769	103.468888344784
103.571501207271	104.73396012942
107.212067403713	107.845138271378
101.194391909461	102.118059039125
105.57412277214	106.431468011956
109.763458771285	110.225487868371
91.9402401366511	92.439046239703
94.1350963756773	94.335990122763
105.995597248982	106.229395797537
107.176272623544	107.782228900839
103.424230212503	104.117513906078
97.6489637567078	97.8887366585075
112.17883782827	112.005131681885
94.6533324618303	95.4476556574976
104.383721267539	103.396849360457
105.456507456013	106.464464015185
92.6013499669567	93.4907745988903
103.976222069705	104.507190501333
128.977700568537	129.655555605007
110.015919668202	110.635910599188
107.098561615796	108.128782690665
107.562531553652	107.468430710721
101.022008725082	101.540562550699
103.676827012639	104.182599641247
82.3902694823435	80.9729516574817
106.298694843835	107.205368414855
111.654440208849	111.259537647373
124.776279784058	123.86468344934
125.68813850947	126.061086980934
100.125659740994	100.784007180088
79.1262911907201	79.1034329703277
104.511230508549	104.910833566639
112.07153760576	112.899962231288
96.1443648554078	96.9447601036967
91.609044317553	92.599934778915
116.622964251679	116.233779596198
95.596169478312	96.5939193379239
107.166779219302	106.570233893653
95.3941823478923	96.3369840178221
113.878063608226	114.383011294234
93.2826698522001	94.4528791234486
97.4584702140641	95.618445460251
111.741291713735	112.853185448125
98.568422066327	99.2376957590671
109.784205852847	110.128072699679
118.575069379561	119.271440620393
106.164244660051	106.289831957645
98.5323935453618	98.6294000449361
90.2262899683007	91.4096443109342
93.5737943400975	94.0025116331413
90.6043434578203	91.2474010241109
93.1561395985144	93.6624221079244
115.654416021896	116.795401958077
88.9653352996074	90.1370811558506
102.1460695344	103.372975035379
119.522412071191	120.627639920649
103.688496708664	103.436038607159
115.980732992548	114.324564484451
98.2162872683925	98.7713241932743
105.235529402007	105.934560935581
122.822979439897	123.450569944233
98.9073031452103	99.3079309322236
99.2967728668891	100.042074470169
102.304302153144	102.645986814669
103.31541540715	104.491016027779
89.9509459317761	89.5411471120087
97.3294050447917	97.7207939201779
106.370309210907	104.016442217673
106.606045799256	107.302519960696
103.520684699538	104.169837095541
106.737383153406	107.246094393925
98.5599790367725	97.8129532382676
114.863911359377	115.382649335775
106.556776210452	107.266740839485
106.10865869927	107.165811574353
92.9880034345043	93.1602487164606
91.6657045116755	92.6046922320591
107.07758288805	107.905738124823
113.037315871789	113.668848877911
107.49612461098	108.147503346416
104.792540993391	105.880110310752
95.3397382797631	96.4166135021393
108.901278960355	106.439254623042
90.5208375725795	89.9902287612594
104.478419762574	105.553984416869
103.781890178594	104.744052504577
97.9623283490296	98.7049605707504
120.326942324833	120.92975221807
91.4470133363327	91.9012245737116
94.3611078200611	94.9991343273053
113.180567747997	114.006513323564
110.60396653218	111.2663492934
103.334632355931	103.905914685774
78.7433779181259	79.8556656711195
120.774780650792	121.339874334329
98.3549951289018	98.6050031192725
102.332742212	102.923378809322
101.32540825046	102.159074851725
123.920220314503	124.620389910545
114.282289684453	115.126208970167
104.730153665572	105.701364466187
75.3556797418118	76.107903754
114.675111107501	115.679382270947
107.76570029583	107.935137120539
90.5860853478433	91.4930682425233
91.024257023232	90.9477544431184
113.203366250645	113.653614408207
107.68153015094	108.57956594194
125.181894175363	126.120034862246
113.174980729093	114.056406242737
102.843783034783	102.849690495906
109.088016347267	109.533896815082
87.1165028774301	88.3477628914915
104.481771894334	104.307001737911
86.9415097901616	85.8270944309027
121.031737310867	121.745907898389
109.281167886139	109.732532057185
112.019853781705	112.944939167993
86.9841307648444	87.5696756512934
97.5831632789199	98.7237162047274
115.601679561664	115.426479656154
100.433499708864	101.307045778131
108.761052796685	108.878845236775
105.686701317906	106.691670616407
95.8942075450753	97.168253684217
110.828691723909	111.181620588422
119.546999647912	120.252470612865
115.932140520801	116.659663109484
92.4303332831245	92.0226766109628
123.616023099885	123.878838379167
98.9986132398766	99.9491411466539
97.7881207178343	98.861363451224
92.3345242563105	93.2436573493839
104.764927520044	105.962182000004
90.3082529396689	90.1419183932473
100.024976041175	99.4974960793644
93.4098124728019	94.5262593115404
105.195457245676	105.521510219126
80.0733577686425	81.1829548375539
111.05779750865	112.199933232421
106.580676815493	107.794883737452
106.997716325723	107.584225377588
100.068239719817	101.099931433875
105.973818376371	106.768834817408
126.306239952083	126.25023637021
98.8876889267959	98.1283544528947
93.9601039912226	94.2910103107252
84.9273770796408	86.043284308098
83.4021355457363	82.1402627859293
109.22177997753	110.04265737906
87.072869230561	86.6449698291104
90.563023080435	91.5692007664629
98.3222150426333	99.0691776361208
90.5238909444475	90.7602750173713
113.9090137117	114.859928104185
86.8689665760842	86.6535002394552
106.641258899943	107.167584178841
96.0456458704881	97.0086118143585
118.420329281688	119.509786014047
105.243305139039	104.642771704933
95.6662349236438	96.213893189006
89.7001481039406	89.162970619446
109.690640033598	109.856871839233
103.917295170005	104.820947190239
87.7787199101128	88.6612951469279
98.288704561328	95.8315671189823
107.134155551618	107.763694026593
118.263999922159	118.571798262011
100.430445500198	101.399311957048
100.596260770282	101.408887102608
104.06069811704	104.289731163695
97.1418233364474	97.2404270300778
106.823245198524	107.322088980563
120.500070669666	121.348857348498
109.240385670554	109.988986140993
105.589196349204	106.247798711239
98.8813480915461	98.018412917524
107.718349979548	108.333944749498
104.170407247542	104.404654666685
101.148283781343	101.742754460706
98.6111059107988	99.4865699355653
85.1024212533448	85.9601105104891
113.035139246761	112.677864657412
115.621638419635	115.547004016628
105.757822090123	106.569532175155
117.902470654893	118.765557600224
101.586140092729	102.738452942139
90.2708231867955	91.2133390021722
112.174317358162	112.530768254813
96.8024674724282	96.0281578745884
100.012263390832	99.985012552907
98.0348526112506	98.7463345917072
108.151611945973	109.209608342373
100.820615025704	101.89793344729
107.263964667014	108.010413418544
93.1027654034143	93.2422141515657
107.618907748836	108.801254596515
101.333793812692	102.298420379562
99.9317906171498	100.200429094592
107.145602903215	106.979571931116
111.127784073381	112.213667493101
118.970789204897	118.915129823264
114.336153487066	114.790002121278
118.084632858848	118.434432075512
104.994796733597	104.465137316805
95.0716050107506	95.0072929957794
110.062694944284	111.290615999737
102.859116814697	102.49927185872
104.314453096344	104.572523307175
117.757635216458	118.759395722409
110.419358963005	109.867064507341
94.2955364956485	94.9872451494951
110.469123016656	111.536342300317
106.775859628292	106.922772216461
120.779689374335	121.515533398791
114.357487821939	113.950187416905
118.746635042514	119.601213402236
119.930786096793	120.680772434995
105.656604680959	106.273356613594
104.772639068601	105.400126678029
100.161830201207	100.446040540325
105.635222937223	106.65486200858
106.651777998104	107.73993692779
117.762059505171	118.177234030305
121.210890642755	120.966348627165
115.389433119312	116.341957542598
97.8585795726465	97.5591921392231
109.533996884658	109.385975606078
84.1758335928378	84.7423669165217
90.0007645380339	88.7414255377711
95.2450935303977	96.3735356891503
89.1577576329386	89.8693820482042
107.42643392318	108.616591744832
119.224552699289	119.834559370599
105.74615597129	106.202947722154
100.030441598482	99.8237277086125
93.0190163387334	94.2365704496719
114.182966118736	114.892499338686
96.1661808636556	97.3211289591693
103.086419720025	104.44361350963
111.386533208838	112.018008749817
89.3846231306923	90.4184940748871
106.473588314034	107.523446230894
105.477975267839	105.123090998429
111.417480194767	112.125832959389
93.8857161432108	93.6783245721528
103.810072714235	104.870764215222
100.308017625977	100.828715275714
95.6914314078238	96.7135673284762
96.7698550931799	97.6883824337402
112.62587942212	112.969282616717
97.3903015226196	97.8883756538061
96.7388738571216	97.446182536309
123.596352910864	123.617006244091
123.664977934805	124.663739313694
92.1568781873965	92.6907636818415
114.244481741089	114.495010822494
91.8438833176523	92.1082623816824
92.8446863506995	93.8840999866022
90.4150643065608	91.3770049355732
102.683839390213	102.91911250374
103.700491451467	104.741647648189
98.6599933702332	99.4171294170083
111.036820989277	112.187028749204
100.512939866013	101.186037160706
110.526390837894	111.831934310294
103.849467544226	104.704025505249
104.765468984735	105.8634375295
111.176128385549	110.034128837819
93.0200489347638	93.3934575283675
120.578675928022	121.248451453626
102.02492594438	102.609141594132
99.8035291422544	100.639204541397
101.508050518846	102.123791302774
98.9450804298814	99.9038248468272
92.541356405013	90.1559549657531
100.646947899926	101.407535957427
100.425822470834	101.048568910195
103.906621827873	104.600879755403
103.281556293578	104.440027038703
108.51015230072	109.37035126032
107.786839916961	108.884613932401
117.605268477238	118.080276399884
98.8678110435377	99.1062269563789
99.1211983162249	98.6403365855184
115.434964024278	113.436548724199
96.1659256583802	96.6705184365646
120.626836654106	121.098485894943
113.462535408454	114.221435566204
107.812731728792	107.13256489212
115.547634652579	116.302960221369
112.010641218208	112.306805417778
108.068356957115	108.660853205199
116.570804489469	116.647178132009
108.3939404713	109.592887774411
105.804367382659	105.838654552822
111.115620572999	110.307640473856
99.5526377819841	100.905694530839
103.73447494021	104.392794594921
98.1282945190268	98.9248809863345
89.4512683008711	90.8532296494904
121.209955374541	120.714902413063
103.75494892608	104.963246910414
94.0831958202333	92.0800487810624
100.826405356164	101.413029208059
101.62227219334	102.284927586107
105.462237811622	106.361619652006
107.279433785568	107.814086427557
106.040922658762	106.022072011607
121.379723258943	122.093454404665
106.95820805123	107.39492857329
94.7992272223727	95.8485295815347
102.05100064908	103.180490719003
108.076454446328	107.957913465476
96.1545251416302	96.8808163126691
104.972434109576	106.161478355536
115.431240473528	116.073165625752
112.094890436688	112.386437540401
108.203822954322	108.406955781915
90.1859639599001	90.0578877425732
112.159638095198	113.279456396434
100.572707644305	101.552555712097
92.4177150349421	93.6517677671822
114.084421354612	114.97346021044
108.845676700785	109.145837587512
108.110090295834	108.391433187014
102.671993771175	103.522159125575
120.114088010821	120.901291657881
99.7816543055469	100.376060807387
102.227332946078	102.842437276024
107.654615291492	108.749931919169
121.176063248584	122.132115116564
90.7250703718733	91.6958192693087
88.4682834141272	88.4534591003898
116.530276902632	117.127930027151
94.044220054769	94.6815636159848
94.4740190254811	95.4419075547832
105.298772521966	106.400661303678
97.0761368584698	98.1187509609335
102.901148382718	104.045332873115
103.601916075712	104.577318106219
107.550118315042	108.137023028289
100.612696069013	101.425553273327
99.1099018978668	99.3017062818863
105.768666815703	106.455871990213
90.6558902766421	90.2600367496571
104.372754622969	104.297003372751
107.359287042024	108.139252359282
117.011003535802	117.081048391487
96.5546204451548	97.3927681962437
111.620769660743	112.486121535495
107.051569310584	107.511491856682
109.63795742026	108.060156923325
116.802977533074	117.572501173208
106.996943151435	107.895365818471
104.46016256678	105.092556513002
118.790013191311	119.533660020805
106.379924623822	106.874140906896
114.661338523249	114.957207489841
112.099276210682	112.668528019021
109.836343868714	109.829400131298
111.933734454639	112.65574415517
103.533887404766	104.417931384221
114.313573655906	114.944684127947
102.143290553504	102.516566204572
105.682825514646	106.439874105895
118.963748950857	117.798819190445
113.671136750906	114.548128473685
105.107849379976	105.698189350318
95.0251373732125	95.6548024916702
113.328440818325	114.249998641727
100.694424537758	101.587110672077
115.413236290121	116.28887085973
105.358749498338	106.19332369985
98.9486336215315	98.4718690656963
99.9402991083666	100.487521086248
118.628614156237	118.784424249116
117.685857746065	118.473758216538
113.469807413697	112.724395364918
108.791018849466	110.116259322726
117.762963017154	116.546517907684
109.821628304108	110.706946829923
103.333539187962	102.72125373595
108.327336580768	109.25645522854
111.106896603797	111.419741452115
116.169277969922	117.134177472945
95.6659997944301	96.2525795240467
122.797787825319	122.441545304305
106.479444904297	107.327903106774
83.8078436472382	85.0603886492491
108.031835335164	109.114070881422
109.529341315991	110.590472700917
104.6088985221	105.564768780175
111.883654180999	111.48408525717
98.2544596048475	96.6005940467731
99.3763092213988	99.1766060312475
99.6143486564065	99.7558878838966
112.775077860592	113.7074190192
116.555415745427	117.492825297312
97.6847437916304	97.3580563439431
91.1964486650645	91.1438741180301
94.658202760725	95.7075243899642
100.047770853359	99.975316857399
103.07349308539	103.845612035207
118.120818961027	118.6789831967
98.3672849996318	99.0321788658143
105.047667121768	106.150502138059
96.5577875176022	97.1691600707631
110.320514549044	110.851659721723
97.0030354651281	97.9016116889432
97.2696232104708	97.9176951119609
103.893156181689	103.690652991051
95.9445287140361	96.2825320477642
107.143664761925	107.255121470905
85.4631942679093	85.9640856160709
119.177883555031	120.336663957025
108.929562730244	109.966820527115
94.3384474059227	93.6901352172028
110.922585727465	109.122811833165
110.689749883849	110.912685417299
105.839812457249	106.522050192681
89.8411326491094	90.7376001290259
98.4413173136866	99.5797718844039
94.9141148857923	96.0904301852636
108.247029344428	109.205305457783
115.133736659385	115.220497089116
102.603919738832	102.510569635696
120.516752213127	119.548626817481
110.877517140943	111.473683568547
108.149321461445	108.808009535177
101.899755160594	103.053004977809
104.960761545578	104.753503638556
92.9834300792756	94.032110741997
100.164542995086	100.280657932885
93.8521860347043	95.1906859655898
