FMP	FPP
99.8620377991501	100.54194434631
97.7247811521532	97.8662795012142
103.569928144475	103.848597002298
99.9278279848443	100.088490166857
103.398813007535	103.968784399754
106.061169223969	106.853537584956
107.235710267101	107.20615192027
99.6126213352366	99.4356911991033
83.2590417844477	83.6022122639764
113.759158180501	114.290255998802
115.36255805027	115.746907472846
119.115562415295	118.819731948709
95.1290683022319	95.491447037521
98.8577493116745	99.5517039401102
100.657159072752	101.273886421475
96.8036079294862	97.4566313266556
107.022884009839	107.59427594074
118.698471378528	118.662183068026
104.062228243387	104.970925681873
111.936948106512	112.529276918446
112.270583394453	112.484678135829
98.0964731732138	98.3492206680375
124.378708344238	124.844794087096
90.5629744170934	91.6066097603369
114.703535963772	115.168752901308
103.455703806293	103.490277148467
113.991059368868	114.591424986073
90.0059483699724	89.6111111602985
97.3090677610532	98.0268712885661
101.076024653415	101.605333963006
105.168513986409	105.855572673678
104.465096245196	105.364076237229
103.915110457582	104.07096379009
93.6536108631659	93.9534617415844
91.7299341042751	92.1671592087583
113.835946540121	114.643639910736
95.3888733380259	96.0828414552369
90.0399151907065	90.4351222185706
107.152265809832	107.422705835839
99.1758873583009	98.3844591396298
111.02820846557	111.757039861132
114.488202851105	114.692059722623
101.091590161189	101.608882911866
104.734005805698	105.147467296613
109.894136135364	109.848898757511
107.40661447556	108.246279521958
118.638393511091	118.239568032685
100.424224469558	100.671874107139
112.480445851423	112.976816715641
90.7444705295974	91.4191917875268
117.284455716461	117.575621575183
101.596755240501	102.381565551062
116.862368235865	117.280862465585
87.0854782264008	87.8972305195529
75.1931414116546	76.0693688392676
93.7349774888451	93.7445041531462
103.708761167764	104.384788239244
102.253436467137	102.575950673786
117.32946379053	117.755860278232
105.91434835487	105.935183498173
88.1698159066872	88.3960932585682
110.756041780995	111.19940901487
116.088904996703	115.898871624742
100.10780040706	100.955504485996
90.9497701422847	91.4802173373107
106.050512686239	106.630664054514
111.164700409776	111.169482076586
112.423651639983	112.746291876925
90.769798056145	91.2104720820939
93.9490691343589	94.7447758267054
96.1677125792327	96.2031565496504
107.716144825661	108.48265198555
96.5222380823296	95.9554171156802
106.550933472493	107.409325945505
102.343232073342	103.300999194958
113.967915902554	113.608920983289
103.627382214286	104.497123913841
112.230447395147	112.642717223975
106.193282214909	106.646387057614
108.527853384089	109.036123864572
109.86314693498	109.600011309013
101.684129314914	102.208410422204
99.7486929067681	99.3912806249338
101.837015891597	102.623669714868
101.871350109165	102.567405970339
116.040907097141	116.396192299598
113.523559604427	113.487384885493
100.363206704256	101.175699690924
120.406758132813	121.047130857034
97.9877803438326	98.9786211582306
104.055225100103	104.585835114517
111.637644977949	109.943482834808
93.0548333555564	93.8186369117986
89.3326614140963	89.9848919261145
103.143590284075	103.379042511942
112.013353978075	112.785165885
109.670937185995	109.107369179769
104.913635412009	105.330607045981
94.945358307929	95.524711351588
120.156465835153	119.04250798532
115.493994896752	116.202851198188
102.05023585652	103.090555269821
92.2004530815027	92.3690670539258
104.5373202807	105.107775608366
103.205180389516	103.492662997521
97.4827952644589	98.3385182550203
97.3201519630737	98.2810211482406
108.630131941878	109.512243611248
106.630555103895	107.252242312029
110.643582652197	110.84676482855
98.6210833854033	98.9713495501563
88.8726408693893	88.4792147620802
117.028389277844	117.838378552865
109.898200489976	110.114233349784
108.993286406805	108.77921315151
103.724145714208	104.370804139673
84.0866828121662	84.4737971909046
105.262433321537	105.801411361205
94.7259445418534	94.6150097430819
112.795157728779	113.283274977966
107.165607665387	107.53706364005
83.6654439186222	84.2618365813278
102.92048819613	103.602343322188
97.2212490264601	98.03033592194
104.842830131181	105.751513464286
106.947319922515	107.553040675957
113.991216785548	114.716762050974
77.5368973127278	78.3750258757897
98.6808790280573	98.8988124328212
100.996113633926	100.220074050497
108.163009220472	108.48428168045
110.995573872919	111.61910305109
97.2207548934946	96.6706714015163
97.8797247674806	98.6226072502125
115.520614305466	115.117427330943
98.8490813585818	99.4838994945606
120.269267878601	119.546921722428
98.9983355179455	99.1928406161442
98.0354966190273	98.5855526446145
101.534833086653	102.130611364546
108.51872339204	108.357170661365
106.31066277894	106.994294283859
110.216755392294	110.548587508145
109.828804594846	110.065723322678
111.639020472927	112.535988980614
99.674383240136	100.100040395684
119.513994406607	119.782754166963
115.798138346958	116.478766524924
98.3483451346264	98.8889955613044
109.152575945291	109.180102155609
104.528966954227	105.467188157768
91.8704968915598	92.2977660819408
104.841192888255	105.031415543069
112.797655832315	113.548286091282
106.371233616064	106.802527278521
104.796398413301	105.655375431897
111.574947094616	111.674219642964
95.7578587293109	96.3735716528012
92.0719982707017	92.4928411073017
101.695246016011	102.376658546267
114.525075197616	114.681441050106
100.35284447199	100.92174469852
101.745115227876	102.213523483212
96.7449247482754	95.9754141761671
111.672673653958	112.300714223855
97.483187922626	98.0655147955032
113.282976327154	111.392768834143
102.515206615112	102.851528000968
113.596345669257	113.49542358997
113.454397613588	114.233706135377
106.643371345967	107.12268285284
108.340618644826	107.60520242156
93.3460653898552	92.2145812048801
115.991815700868	115.645421440979
102.187508191426	102.860673372034
104.642264152616	104.50565469684
111.249525310025	111.597286828147
105.044571687961	103.354801297289
95.5890020918765	94.0479390186711
109.126148768778	109.309324601526
111.631481431441	111.975109260828
99.0704087354314	99.2711860589086
110.112962638141	110.7615075706
103.261174555615	103.280865257198
114.644792409689	114.874746435734
112.114796234163	112.506025451311
105.887038647593	105.536415993717
106.788847969729	107.046394928812
99.7858836710847	100.387670601746
102.26917893608	102.689334083035
101.346619810862	101.68645275685
101.685779847826	102.680770786872
103.147896434644	103.870434619857
101.834014292026	102.315869840791
84.3602535631888	83.9562405731617
112.937574838979	113.456339867113
85.9170333928781	86.8696141099912
125.778199406045	126.279505618605
108.360214243813	108.525542753586
102.675617636029	102.584810165633
80.5924886235416	79.2126896486434
117.735115997144	118.448200202656
113.05575473495	113.903238727471
102.19656831869	102.977441832446
95.130442420347	95.9797483036301
110.154510888065	110.887089460126
107.95086079302	108.303014417542
108.828107130796	109.145690144812
102.222836844849	102.064571443043
82.2813146550396	82.8135871248229
122.48096100249	122.872442584843
110.828141118866	111.369617576471
108.397753741435	108.90193908898
116.430034202729	116.860499311449
100.146792478814	100.719994930835
104.788026017924	105.026940479243
97.1743580975222	97.216832808404
100.986501740695	101.533621165322
112.094816944118	111.555120311568
110.506823474258	111.078229711698
108.610051625755	109.525382998875
113.011472931841	113.52635373882
80.2239983869154	80.3303957849718
88.7238052540013	88.8438607630453
97.4849068769344	98.4221706406324
101.617353665678	102.294499951758
113.640849311051	114.082405025559
100.303965650256	100.751559030456
116.016327881884	116.182546327135
108.073538377187	108.538301403059
106.509913747502	107.158145601629
104.269097262952	103.359106232191
116.349237594083	115.744854631141
108.922952743057	108.827426207128
114.731739578264	115.432837462007
107.803766476469	108.381321306022
123.545018860489	122.761702661346
112.164446348466	112.817931604194
104.331160306952	105.201353796466
107.215249113032	107.462529219248
115.530958333358	114.99712658121
92.2542238519854	93.1112945522738
114.431960820209	113.977438949065
101.757049744785	101.497954733733
104.397787858946	105.008571671945
107.801700357937	108.170268281236
110.96277739921	111.35639606274
97.2281085481328	97.9148700377916
98.4090236058469	98.4486763937978
103.171998617959	103.52446855662
100.248367434483	101.172298403936
104.55120097113	105.088093064822
103.164583676667	104.078646386188
108.388178692143	107.989522223218
97.9924584838003	97.8998373383446
106.212760258798	106.848304108444
111.928655794536	112.066910471502
96.9345507457336	97.1256803690676
116.842269934985	117.533435635931
102.908474422666	102.319776780191
109.50264707982	109.152144938715
116.918256395157	117.334120019333
102.072797388817	101.862374363438
106.516436024557	106.768512311552
96.088434785796	96.9506670472981
114.770165695429	115.292980378615
104.56915522801	104.062494120474
106.024503421576	106.590768502892
106.655936614931	106.845951558636
110.182552515994	110.97507060057
96.4329042309418	97.2102927075317
111.892465234887	112.83312125401
111.220748254982	110.767281011464
112.908231957417	112.293478742288
96.7618488493506	97.0172389367863
112.509921231931	113.091926963565
109.345665859229	110.141462958067
95.6415745336887	95.0346233385889
117.063640146685	117.729636119748
98.1213747903132	98.947452932897
99.0947119176854	99.5783237650254
97.4540355354989	97.6108519332725
92.5326133169054	92.7155073472684
115.163490898731	115.874502987438
102.243921635129	102.934880834798
104.099664263405	104.162083144495
110.86187659043	109.227447705491
98.3691174994767	99.0210995514065
113.180225914832	113.002019355635
102.80912021449	103.550700777061
102.850500242324	102.930957364506
100.954496703262	101.1449086001
111.379825790188	111.828329834495
91.2345803098753	91.5862777638794
112.744457797982	113.304508724697
100.757059004197	101.423983718335
105.583293569844	105.598700917804
97.7923929731132	98.5033379256124
113.46677127384	114.347338561009
107.072071490488	107.816227082799
113.148829539945	114.032906581762
118.925551861866	119.5388995963
129.036751785222	128.916320056993
91.3317920046246	91.1198349684832
91.8122940850423	92.7601395773943
104.746316974172	105.461281895172
93.425727346726	94.1581282688018
98.1571560415688	97.3266872705399
101.745112241523	101.966375735154
101.675354344447	102.34371027943
102.042194024957	101.938652786648
96.3409495837431	96.9815153571384
96.675821186135	96.8590286756111
86.5005635717612	86.8832692360531
96.6932331066361	97.5508778771765
110.205531097779	110.810172806035
121.667585113721	121.408808036156
121.669455920818	122.301679037289
103.58652991313	103.585388725268
106.986034650753	107.864232189413
86.5644928414789	87.4327204111104
111.64957871846	112.53206954436
96.4851698323225	96.7155882479643
113.02407425091	113.941942717305
104.246909954051	104.728964399627
115.281647555247	115.554572205979
107.045063619349	107.507574721606
117.29280231773	118.064419049772
113.124399643606	113.742257709258
101.877039969389	102.091050470973
104.054495288091	104.669594697855
106.607310837205	106.42188099767
121.433224907383	122.065369072827
101.764551590526	101.023593660897
106.757416272457	107.165872285222
115.893948622962	116.489888905589
103.737588506395	103.986011174889
107.729059657246	108.012534107675
91.6946284210076	92.3735140758371
108.535376229113	107.585071496907
111.348036703095	111.868212757153
119.248167859085	120.039880034794
111.77961872043	111.915181606976
109.414315837161	109.640230308299
110.164086564524	110.940366838365
99.0762550747288	99.4533485977102
110.918237680712	111.621407938737
94.4318581116627	95.141551223832
116.954855553855	117.000569430308
113.151331536453	113.630544598476
117.934885884311	117.767802219087
98.4666249197972	96.2965938943914
94.9551091090463	95.8122343051224
97.7034519400741	98.5520354027852
118.702428884596	119.438475187389
99.5638345905852	100.058307381265
108.555385943453	108.255447473511
76.139322609536	76.6466559924948
106.325839307518	106.859843424681
101.502742937127	101.795525798867
108.477875362881	109.153307552442
117.07055289982	117.806539320109
84.7615612640811	84.4829320501626
104.88132965938	105.038186163423
113.899655971847	113.045850042606
105.507513842025	106.060629438534
110.949622889149	111.33538175875
113.012851845154	113.795484041254
97.7588512128592	98.1041347234513
95.1161425401835	95.4275537467114
105.369891094156	105.723534711158
102.739864126999	103.215083522947
98.1442100472286	98.3285708727439
98.3775243992812	98.6773063377068
99.0631901260037	99.2817284935193
100.50826817601	100.475371194872
106.094785828317	106.59704991142
108.790952884247	108.868625036746
114.156782720507	114.872872229708
95.3448290720775	95.6204098639584
120.538405513676	120.725183116816
97.7365524356487	97.4884017034123
123.634861982821	124.016667237401
117.433954500224	118.125226333399
97.1434590425395	97.6392870096253
99.3836366763958	100.294551330493
123.574636345335	123.733541077587
108.630549396276	108.568214999198
104.325322851025	104.611098572269
113.240449166886	113.740818666777
114.123526450741	114.066701746814
91.4330270956366	92.2587059203446
112.056644569897	112.498040851104
109.182689328745	109.809011579708
113.776338237014	114.558712199669
86.5337803556069	87.1888409241159
110.946791969316	111.176106550274
95.7745908375731	96.9881242197547
111.843625392316	112.392617843317
83.3944283767683	82.2948185147388
114.944885891187	114.354972662183
97.6019283473046	98.3592517358349
107.563937225893	107.884297857195
93.5797105877066	94.4340886172425
100.907023760183	101.509320938608
115.447383569349	115.186912339691
93.9460978161506	94.4757161437034
79.8903459602882	80.7576713283957
111.821307789638	111.774060832264
127.19514447524	127.919862948607
113.47919283468	114.027849728852
104.257371162281	105.082788780646
103.651307998437	104.267354187023
90.5504138286636	91.3207692339158
92.7671989756251	92.6373994345374
102.027030870492	102.351061978068
109.326354585105	109.530798761627
90.6325758284206	91.0097149700125
117.433765292242	118.145015844423
106.917368946049	106.430043886697
106.006917036759	106.649685144722
100.578977473267	100.647012470115
114.536328698401	114.549695653551
84.4152926931845	84.2923166122059
92.7399068969903	93.3951399156514
109.975743370262	110.295696610073
113.445166313343	111.448870282446
90.560773406651	90.6749442136822
114.826253416181	115.260787699194
93.3123273245719	93.6987096926999
104.044374533535	103.672434918469
91.7326516854995	91.6535661707295
102.468250742904	102.760350284857
106.918098981388	107.743564765962
112.192030507731	112.48689067259
91.9870027692807	92.4369553298668
101.900385593257	102.510950076148
103.838627382898	103.591983963148
95.7207540185939	96.0219242269529
117.856085002106	118.14521362314
95.3561947511993	96.3564146403015
121.191503819902	121.873582948058
96.0945499371958	96.8607587801135
106.374916142225	105.586651680389
96.8470984639124	97.6304073712326
97.8390361313459	98.5376224223532
116.842127655089	116.973881162968
104.266895129729	104.746724672401
118.035478052367	118.914411799813
105.50648575355	105.684897037502
110.494344914438	110.842025238929
87.0754315668671	86.6645831859266
103.943226740861	103.726320088544
111.180781587861	111.560781354469
95.7842501672704	96.4881803900381
110.833677136025	111.015642964787
103.800762602837	103.852031311994
103.708176261479	102.181981976754
91.6737714685576	92.3312025872227
103.600593655489	103.702696613674
119.279024258068	119.58960027853
103.456664340475	104.262440542364
114.026622090558	114.529452715879
119.370852609264	118.497792909847
115.151007905369	115.35762841654
109.085727778176	109.348919593187
107.998690158664	108.619462026322
109.301504142401	109.914423098146
100.077938164578	99.8430090125133
90.6776305950936	91.2713681287315
97.3018392622499	97.3057145614448
89.7661741468033	87.8018546710725
110.139185737089	111.018639292554
97.5660660602688	97.6879755182198
89.3580077201447	89.7550796979788
78.7418018996628	79.6860317836135
111.870499711129	112.521346006774
106.528564993325	106.738995731681
106.114286530647	106.329914710101
94.4588180233161	95.313801867292
103.85982440434	104.445021967373
94.808329706238	95.5377860253813
106.920598745452	107.504874350013
120.497750390614	121.160549736059
88.9758677083523	89.8397418889025
98.8526897708729	99.4025883696628
98.6432437675983	99.3622806805826
112.710487455419	113.440000042559
99.6582227745306	99.0889387538754
90.4025020069109	90.3984753450263
100.718679606452	100.069855144541
106.689290252877	107.233189656142
105.852085165298	106.007449231533
110.961585755414	111.836909405438
98.5486870952853	98.8867375807458
101.217610773453	102.127731922418
120.540302645073	121.015682000783
103.949306554576	104.379817453181
80.2522845728055	80.9726270012288
102.728267843164	102.351603800861
97.7991315553697	98.5235855105956
109.092544681137	109.775706686568
120.539482270424	120.99787700711
95.1933621953512	95.8474825376077
96.6863107306769	97.5111845774111
107.3733467518	108.066960324532
121.264961906791	121.656634684676
107.073579289271	107.523255552078
117.609229732793	117.971901182477
118.230657527806	118.627007449381
100.860575129181	100.583157059713
101.861935499897	100.620232315814
92.9953433351252	93.9514232262716
114.178472977883	114.189550129517
83.2685351396543	82.9151624404173
86.5507454478492	87.3382482723686
97.1813329655519	97.7071056561718
94.3770682257737	95.5638179667522
104.029111288345	104.080628533287
94.8327710341137	95.3153984223406
98.8430584397563	99.5890828867221
120.579515326052	120.775650160577
91.8562508636052	91.9032522265599
98.5275359207467	98.9449257056701
116.983302499128	117.698549483979
101.845749736537	100.205256870064
115.613420488118	116.336956586736
96.2407824512825	96.4133104841791
110.488754610733	111.195922804091
93.7266124300644	92.500051894254
105.42685363469	105.999527625276
105.595119381504	105.181152248221
116.991010769935	117.797959645603
102.239050849322	103.089706113268
105.120427831387	105.449890421228
110.163096467814	110.549992695487
113.360347788033	113.41305811003
107.802420889854	108.610967078276
92.876843694851	93.6109651539107
117.089901481734	117.253802251985
104.248186610341	104.377738863847
89.6769208844297	90.1813111436892
97.8814943920968	98.7024117763256
109.920989542439	110.312801060892
84.416443943935	84.9670072154866
119.262420909551	119.883952610063
107.339015877175	107.689110225211
112.471646415511	112.782280454066
123.640456393986	124.369430947164
115.27229197365	116.149691117422
103.805984513018	104.192572714865
104.086590230491	103.855287226265
105.163228549977	105.257017597155
105.120647981324	104.897753651726
105.70739465444	106.023944509319
95.9680482806462	96.7429681719659
117.689309807085	117.731092603899
98.3626768328452	98.9384994057179
100.308007997751	100.998846341985
104.222108715007	104.751020359785
111.727596013462	111.94945789633
100.367079718943	100.571110270217
98.5040181452194	98.5644470745014
113.667489517135	113.299257427654
105.37852031796	105.419673848492
111.049238983841	111.664000245378
108.699764675627	109.243070338355
115.839708379936	115.773811945755
104.790618224719	104.876131792582
97.4273450861261	97.7026355050174
100.76151187695	101.580952324197
122.801686973166	123.276552897397
104.883286527161	105.65628038865
96.0312425847456	96.8734547732429
95.0913035050902	95.5416820878012
107.105541448888	107.459216286241
109.816623184186	109.99134012922
94.7992696565764	95.4071453090757
107.671773924077	107.496262350983
103.537915774243	103.766867052754
114.824122921773	115.288465632292
91.6355790321334	92.2775052113714
107.284450337928	106.802634317397
123.672729636592	123.516798907591
105.560602855878	106.12202763348
101.212435231265	101.941715208889
91.4897473854604	92.2803757446151
107.721293591399	108.531456035529
102.158988218596	102.473846444286
101.022978638025	101.247329926135
107.129972241977	107.826612436694
107.761475298077	108.145256698932
107.210632659701	107.5811410763
93.2288378519543	93.5908778137103
104.374286534878	103.482642214978
100.7035714986	101.33813706027
116.529267188281	116.217099712385
96.1039683280325	96.8623082885785
103.480542446624	103.9037023023
95.4554523750109	96.3364450794912
98.9307089270925	98.6319346369636
102.235543415132	102.689154989598
106.43000421648	104.352290747862
113.753213945158	114.225017010085
103.695431556057	103.994948648364
114.416308346465	112.683655280952
105.111067574179	105.129810557307
100.457774315786	100.936462807467
99.3121849150193	99.7792013865693
113.276803059747	112.771030309126
111.444569543985	111.267038091674
109.068482777505	108.233754129642
90.5113684826828	90.9271916302196
106.629338580484	107.010615118625
104.440236917006	104.592505813782
111.685946335072	112.342973108166
106.059772254717	106.950709798258
94.7104493779698	95.1145668471971
96.9051046439321	96.2635830452026
125.633390776299	125.930270534988
98.5323073672556	97.88692208902
114.265813953395	114.686218922776
105.348229510611	105.630932970288
106.937815404169	106.52825471222
105.504862279359	106.173625394215
90.2205005342537	91.1638399435001
105.468349483862	106.158490670171
95.2423950750943	96.1988442801731
106.477144195407	106.97959234587
102.701156716262	103.221708000251
109.752549073289	109.810630916231
115.897130998291	114.642727169909
98.1107926429958	98.5493808930275
106.201331948627	106.846713754723
107.476544687885	107.472401589246
105.917821803612	106.123104081353
98.1221341890759	98.6020793887751
97.8176527967358	97.8673699527558
107.219161487079	107.787414079516
112.937651908045	113.52271807159
96.5570287557483	97.0656497507004
101.206494294681	101.437562254327
105.81345961242	106.197656925449
104.93491041726	105.739141240343
128.892890465071	129.545740681277
112.565606508952	113.184981733537
93.3700485778774	94.1779113510958
92.9357018525456	92.9672973470055
103.771415765509	104.563696459732
118.876121282293	117.890711289999
103.71538070926	104.52380322964
94.1848008033495	94.171666387332
82.2083169230703	81.0901077940757
119.459130102351	120.214290784427
108.248858403678	108.505258328286
93.4185243697133	93.8870109795969
118.425562103907	119.168073861732
112.165677663068	112.086450468219
111.344940669379	111.736636488335
104.260143004066	104.665293537433
97.5049659532252	96.0108879320926
110.972172045365	111.455826693049
102.150932013196	102.382446981049
98.1899590002043	98.337872283091
125.277885803476	125.841512882067
100.432146454566	101.10997229663
104.015528105185	104.464509972207
109.201334939065	109.723000614423
109.560395005914	110.290235481263
120.287312183853	120.749833536994
75.5138780750296	75.9142570628272
91.5507063332106	91.7066491135312
92.4855605730357	93.289357239628
97.8368427674799	98.405852252664
86.9715830298812	87.3125586048854
111.57166396971	112.523035822809
104.570007450043	105.207786068604
93.9960195689382	94.1971188162896
103.76937299851	104.511545794027
104.592595095212	105.283524048096
114.160068557948	114.913650675759
98.4753887160419	98.6406700679995
117.707399979768	116.652423599455
106.250618215009	106.178024615878
115.946706212725	116.324835612413
106.665107426841	107.040613924523
122.660464212892	122.396614411948
120.733512364318	121.163293252754
126.259193041526	126.278600350133
119.592286976722	120.033304913601
107.071530150872	107.560570369147
108.819392826421	109.723978547758
112.764520209579	113.442075158627
112.152931261586	112.278353870869
96.0562400375139	96.818981202434
102.728114851973	102.779771416348
96.0239999135897	96.9474914298403
113.088191752554	113.74247787425
116.520429450896	117.265462280007
104.403636973907	104.924911440132
103.659537960296	103.3167208135
98.9362273342585	98.1730505905832
115.488441169555	115.371086293492
114.697450355979	115.243712063225
108.219202161088	109.043147297327
87.8228417175416	88.4369473033041
102.355333720216	102.781704758731
113.527970559975	114.128909359179
97.1294466733317	97.0476443147608
110.395628751085	111.013047258375
118.115305021435	118.35026402537
121.01723914856	121.514803871724
102.22663709956	102.46131471263
112.004418574599	112.697415661689
114.358287639389	114.659780572557
98.8207833597475	99.6131358713275
103.339016208517	104.164300127185
104.839656318891	105.604294916718
102.478754521121	102.987531444166
120.373876003811	121.063905959017
105.556402708819	106.470844098686
123.72409340516	124.349131866673
109.179404201968	109.796921624509
122.783851142428	123.230991635299
100.60046531238	101.087701030337
109.100866585891	106.955600552879
86.9248340116025	86.7994113389113
98.5928517534933	99.0901123734691
98.9650458978831	99.8123204484201
104.687047001245	105.507127321647
101.284748650669	101.979956535553
107.006767473943	107.298898998924
104.440264228111	104.262649970099
105.384001147863	105.592151520162
113.071805120871	113.804369882216
115.61718709132	116.450854223669
109.897194791115	110.467114616153
104.110067817999	104.342892017169
107.107917874974	107.665943718559
105.170799725271	104.686136493503
105.80258488083	106.263843579027
118.732673114239	119.272893793727
106.699797509558	107.161637981763
108.037146171641	108.859416862654
94.3115691242636	94.7787044430013
107.683505546961	107.806936482002
110.612880707839	111.115790947068
108.864538003632	109.309529575554
98.2053059962349	96.7376238489619
101.030496099367	101.491556722701
90.3770507295593	89.988995294152
114.649308388049	115.408171120822
94.0606958409067	92.3254966367834
107.606961963336	108.271387206663
105.12206861335	105.507965445212
103.442899041222	103.65903979816
93.4178992596643	94.0470819674722
83.6128298987141	84.7133586957684
102.642562177664	102.771557344652
104.862954412576	104.452012611336
106.62490326904	107.473777117069
107.18491109626	106.92880633894
96.8182401187176	97.3410461174397
99.9761489812554	99.6524749256658
92.867795937408	93.2769150645219
79.1879994202454	79.0464170815206
112.046771693583	112.228214788655
90.2326131608306	91.016715359566
101.567847080609	102.322903324755
118.100780188192	118.421818941075
124.658051964834	123.911111735545
94.6027437634801	95.4253844355488
95.8752120689954	96.0913297013618
105.635993709003	106.149196242882
106.674354948451	107.433835166414
114.343804876525	114.680503258031
103.8550498248	104.599630537689
107.068407203317	107.13622646811
96.6221071032057	97.0143967619712
115.60319925715	115.601436693523
108.821675003142	109.675334383271
100.098330591323	100.393139214277
116.126252192185	116.783256693164
110.460114010512	111.257576130856
90.3866594292849	90.9678788527843
117.764853299238	118.439735718929
101.308615475996	101.994553974093
89.0495620089584	89.6223845631753
89.3634446485773	90.1853265333054
91.1236702348674	91.139068221355
119.953316504318	120.481670313165
118.114695489014	118.459301246836
99.8855244798077	99.7382773711473
93.3309153572703	94.3902782151102
107.167958121771	107.678395892888
94.2703111213369	94.951071466125
94.2802136031408	93.6458722847744
105.362459091288	106.105913803429
111.05159192037	110.146330981019
114.293429148642	114.103368926513
96.6743896373741	97.1572738575701
98.9786097630899	99.1968509674676
111.029338424272	111.968773704602
113.11831855295	113.350113056264
100.062048120073	100.792712408609
110.477957644262	111.347121863107
106.616691725774	106.714815580597
95.2569553176852	96.1265249124106
120.818164864938	121.254518433324
113.316817702374	113.879164665649
93.0101281013656	93.1439815080451
98.7174663156095	99.12468714894
111.028465978099	111.340057274099
89.8769214751557	88.8856479046846
103.164725267663	104.038421494927
113.912801027927	114.676975328342
97.2998397683498	97.6307380557355
107.526304071764	107.924875770493
112.949166744021	112.572845817391
106.778793236273	106.963385192967
92.1879169086425	92.4432296164111
92.3724572466677	93.0664385397102
100.828106239355	101.653839821103
106.485469957758	107.263570092501
84.0033689227087	84.6727130296826
95.0247477144122	94.9126441049925
109.603353403441	109.818532087234
107.785645179168	108.568180309209
89.674903676743	89.2212866301856
100.490873537608	101.197198826388
105.543644806942	106.241118761731
99.873763211484	100.085830640515
98.0042266143708	98.5256909208194
95.6007484284476	95.9396221551331
117.937902103789	118.485292467051
104.752014774668	105.629640806543
103.771313693856	103.644187176103
90.3918299775983	90.1543588424681
98.981441926836	98.1005485926253
85.4546255853162	85.8308531575073
95.9895327053451	96.2077384003596
95.9160746353126	96.3700718474581
110.182682262591	109.787597492028
97.4357699351593	97.7997195178727
98.1899194108598	98.7253042374103
97.8138913975695	97.5619370709159
106.314178349969	106.66950833921
104.153177324949	104.1764444997
117.736179184848	118.160514572879
88.2281850914617	89.1625286671153
119.316140669568	119.579374844611
99.9227168212664	100.237456148043
96.1745865086142	96.5550534325638
115.290759172255	116.051008515449
115.323157522329	113.648403768664
103.241140988886	104.120909818393
108.101402232651	108.371987651617
105.058580095131	105.362966287089
98.3934762425225	97.1535869990014
97.133088652756	97.921711712298
105.816927075806	106.437903881318
108.198540098585	108.68604229018
94.455036786874	95.2079024618154
108.328779495579	109.226686737214
100.294990685168	100.874225165656
108.071522048709	108.728231447204
108.391385209294	108.849710476236
103.597790745068	104.422766065304
100.063199920222	100.129285245462
95.6861924696349	96.417468241555
102.069349376316	102.739515917808
108.762942637493	109.064898543284
105.037147817323	105.861614722137
101.532534264285	102.042695733842
103.576280670626	104.182129166988
101.464011006119	102.037173800693
114.06401276528	114.71450231722
103.273261933635	102.82545969302
100.565839865902	101.278322085159
111.069433750697	110.367959884216
121.365621335178	121.903743207146
94.7670190572992	95.5811008555707
105.789716254358	105.825961810493
94.9088953476852	95.905093130529
110.685944025617	110.951812533209
108.814805952045	108.899374297696
90.6951550398588	91.5028941046487
98.826659798159	99.1993751653136
106.895984188637	107.229572491827
106.099863453791	106.071353786825
93.9675704396082	94.8042319944918
95.4141351646772	96.1494065099562
113.637752914442	114.213790679105
90.6321682395988	90.3370045982867
116.494381528021	116.503935414793
99.5425446823044	99.1077055951754
98.4589136161988	96.1356168362263
111.732731729748	112.384624519227
92.5213134770243	92.1057442322389
85.0552847448171	85.7199240246312
115.49553826723	116.182610310033
107.439451154513	108.368026147726
109.447247445432	109.20025751495
105.670215982191	106.429316680277
120.036472427343	120.565327291779
118.853262455482	118.993986215808
86.8105955625936	85.9540739852057
98.739862498901	99.3311991096014
105.496517242524	106.055138378746
104.364366626326	104.518988987524
109.865210127346	109.764175597391
118.763686241227	119.419305695409
108.043037696744	107.831187928062
99.8157238617357	100.152734178851
90.6081956463876	91.4288111664119
121.163192034212	121.943765169273
110.377018697241	110.645373603185
107.051996906094	107.31540977045
102.011961849214	102.86893492017
85.0685833841352	85.757617368459
89.8946695956491	90.5402268208754
100.215605485764	100.71256421277
111.983508034225	112.166943813952
97.00179001544	97.6907423092809
98.3626216664363	98.823114232761
108.251193549882	108.319656168319
107.684707416816	108.538721228406
108.447522809183	109.243697812586
100.086315419952	99.9659937671943
111.673279969622	111.491033339511
111.945996432343	112.24301306872
117.707882458435	118.055372610423
105.527804569263	105.017581007787
111.414769244188	112.052564560564
121.026252960474	120.681659258519
100.082845329489	100.660366688119
110.95616756007	111.203901040774
107.780514339344	107.252267837345
99.7178784129019	100.190587378855
103.953283101741	104.357935358278
111.397061345456	111.959548345161
90.0719778979711	89.5197685148474
118.816256138741	118.595347564012
107.206727253155	107.651487187014
102.565749092329	103.307955892294
115.412578567454	116.046930604084
97.6156203326402	97.454636223132
100.489276953928	101.325742328205
99.0644449881902	99.1245455456124
104.984392128088	104.712304650969
103.059042551977	103.742887544896
115.402557957082	116.138676793247
98.8607210346117	98.6891499488987
121.151846448084	120.996093109425
99.9535374139298	100.311777361183
107.661268038475	107.98414500761
114.568848794482	114.835610793101
104.882118475566	105.164642355258
114.114459465568	114.462598765051
114.207022011573	114.639927685071
102.078913683186	102.417650658998
108.178779599021	108.148349698634
107.712289454771	108.006651079108
116.6449521198	116.962716312546
89.5744412469605	90.4766948229235
99.5929568405633	100.521682240087
102.81996011862	102.499525997269
104.984384096474	105.837519810124
93.754127896656	93.7572363908426
102.538242067988	102.496149896855
100.678431470538	101.279144281746
102.923343228937	103.605255644178
103.951963440009	104.412273327424
115.044167099142	115.145880741868
105.312928226586	106.119423862447
88.4304240167402	88.2880237795742
90.2098421940653	90.133381518689
120.182126357117	119.716928802097
87.068404434578	87.9763351366955
90.9735832145723	90.8992162321477
107.343704967966	107.896052202338
118.520191473537	119.263649994638
98.4174333589349	99.2120045484018
110.932254299709	109.34305822929
112.161955009986	113.028808084112
99.6360547234761	99.6569810457474
92.996209498065	90.6226479312596
92.5545366670058	93.2194619290041
116.713066829295	117.440550058516
103.793334572096	104.615431574489
94.0994050173443	94.4973162970634
109.681075242274	108.165535805629
110.088474344058	110.967894507624
111.175004001222	111.980649916613
106.446035321732	107.271546016419
119.204852919708	119.929726811302
103.666326228403	104.219162340634
100.840994651465	101.257008148096
116.891736345956	117.047282558987
92.9921197208679	93.9481753578515
