FMP	FPP
103.825360790577	101.517580003936
85.5299673976852	89.2365722052664
93.5803342456089	92.3048922362093
106.149159723281	105.82710520043
108.761777562749	111.922621130102
104.619350032901	102.252929526198
119.628583944306	117.962839744572
111.679646637122	110.425836877773
115.180087347586	119.020375750508
116.074382809348	117.732457630532
102.465033142719	101.7217013452
120.656075830728	118.910654000654
125.257748427208	124.388577327096
101.018306318694	99.619617690529
114.231098890644	113.600705869833
106.670682113757	110.750490149243
103.152099288652	101.689673440606
113.057812866286	111.141943187025
113.842203911057	121.053002781389
116.250503530558	114.055951755794
122.497217947841	120.998805962436
108.250447120687	116.143168816523
115.100358212702	118.234876816776
108.000727495589	106.421017907694
110.065891549878	107.83373067624
109.498482753109	112.443483651164
123.357574494209	122.427879750526
100.11216849045	99.5819538638151
118.61709397791	116.858840114917
120.178285751217	123.775385852922
98.5805792062132	97.0397879509568
114.540613814119	112.150569137204
83.1950224557018	85.0642786972193
103.455160281956	101.207646601885
89.5757208912004	86.8424498639819
115.862193324397	116.133496943358
94.0181776429772	94.0832468111988
101.699689729005	106.250060561164
120.993620426226	118.96739349412
97.7731836229275	97.234246476554
117.6463343024	115.309718012741
105.032824508972	103.527526219152
92.8686547913248	90.4259640118784
96.560264280918	95.6123005650911
120.047274743619	117.732002566924
99.6862829500847	98.4106835464036
97.6458585046292	95.4793604952981
111.903394915946	109.596931572631
117.507691787634	116.367437306144
103.770614838484	101.887319327633
92.4425852883346	98.1281876762562
119.827145087245	118.457336018029
116.962033340301	117.22366792137
104.414384497786	101.871136567761
101.862265152001	100.00422957663
109.193626193392	108.757945758889
106.153772634574	110.652046770526
105.952171034456	104.814411734178
102.703456763724	105.69317754051
127.104567485216	125.121031282739
125.648543489084	124.813191136533
114.641955618884	113.125111909499
114.258301823098	120.16143594323
109.285067142564	106.809289454414
107.536072630919	108.743963069156
80.0562711295639	79.6756286518756
105.959312381044	111.194642755991
114.413898175687	112.144970814707
116.706676604	114.633837961625
112.19349084938	116.391133163163
122.88558096701	120.907142128923
108.233467681507	113.519508096499
101.926729774863	104.820544088943
121.351262928867	121.441899544191
98.237779874334	103.894848170314
112.148299290868	110.889276293691
117.735882124837	117.570501468904
110.940868624797	109.257019015311
105.430558410014	106.242051456331
107.256656658487	104.984969368266
90.8573176187945	88.9370693560606
124.282577449236	122.514536989566
107.166201071168	107.690879611319
116.702926394839	114.62508542326
99.0204554743897	97.904308619169
124.636115920666	123.08812727678
99.9786406669766	98.2379069805385
96.365822388925	96.9209853476093
108.655712398517	108.424182728909
100.537503973741	98.2850457953842
111.063619715392	112.555397828245
101.312105888504	99.8138877801452
109.230850943464	107.13825441658
108.234534225837	108.765783705375
103.686009602979	101.534228371084
105.765536185807	103.953088052455
112.98732982058	111.064504528922
104.027049854883	102.749533303757
107.895233867838	106.815058982212
102.179347299126	99.5810483544162
90.0171793046321	87.486962784681
109.441803748567	109.51507642075
96.0233227186283	103.035729718775
97.6504383763499	97.03768165479
112.023818578149	111.281952767139
107.974457076864	114.790435792446
107.694735592914	105.543742657995
119.900877190607	124.366066721384
117.808708761704	119.105884203767
121.051231101279	119.835704208397
110.095445313082	110.227073512739
104.67355796065	102.830609469301
110.385067235919	107.86304121599
110.584595291646	109.244530839355
114.916844946319	118.085778415163
116.816307544343	117.441787342417
117.136963821573	118.310859932053
120.577371299195	119.900024153972
108.438026713262	106.11718681269
101.289692952597	98.6041786977461
101.786737365701	102.885026285482
108.814453885749	106.617642332987
109.857807344872	108.633165493418
100.305128148338	103.591187257391
99.4675572557009	97.4901103695636
114.043515400411	112.782394898739
103.243790858058	103.168136546827
110.088369167857	107.773623396872
115.770713213099	114.805699565581
104.079533782499	101.713875615898
123.110920071298	121.51146482675
111.825900782598	110.186380637473
108.036682611738	105.690776474374
98.3786777562436	96.9691783980213
118.699360105929	117.415153611534
91.3875556949045	89.6987475412506
107.374539634839	105.094013189886
108.042539311864	105.690089217382
112.377514483559	111.721772307744
102.07683357682	102.166347872514
110.520713727332	109.315658888929
121.469221772623	122.961599116566
104.281480113755	101.730680134176
100.410367936665	99.0086891830488
103.724797583383	102.909027895729
114.104745522085	113.324332504528
102.849165824596	102.784309040217
104.628890596171	103.120046270103
110.024111345163	108.452862307296
111.643311490605	109.754751668363
109.573951453552	107.403335217994
100.343818324484	103.801053237624
99.318915766094	97.8264252141086
111.286905093336	118.15059325275
104.266956120469	102.875464677605
118.217241357912	116.791124853106
105.32862270323	102.996018689836
117.468745069324	120.755984635157
112.231904888583	113.186201224324
119.986680365646	117.790471099515
117.056843263308	115.124460549339
113.067665390995	111.039448870349
113.793311388951	112.148823614182
108.350994877513	110.675020607348
117.148309929258	115.09352330135
133.49455412084	131.562464285659
114.11111562587	112.485130174556
94.3297283324302	92.0935277472936
112.627549200976	113.624426602785
91.9105810382778	90.0180370865387
98.1388139925302	110.627464879204
101.248723822275	98.928097959265
95.2403907237298	93.0929090547524
114.52981714776	114.080329140083
107.273858684578	109.904509514665
100.277179360629	99.1779080489349
118.830956310809	116.851426546393
116.507708018573	115.58934617509
103.437063988145	101.521350233144
98.922758476662	105.201616980426
101.115797170984	104.889968947831
123.662383883016	121.725188822918
114.437541215624	112.756468000883
93.1220194520577	90.7084250180554
99.7728543716545	97.4356954262622
108.003052499072	105.554724490921
101.032181642156	101.119741964438
117.908556018175	115.747775132969
105.17052430074	104.056009648249
114.866243552418	112.843234206328
99.5479923258962	98.3092826649663
113.501212330926	112.372423175064
113.947484011066	111.902649086094
103.569307805692	104.290611957701
114.567306699956	113.130184244399
80.4456744823026	83.5343534379465
104.3408656427	102.904600750747
118.93434245907	118.893038321071
105.266815710762	103.822519034249
108.354939374288	106.331555792576
110.708965315119	114.690913028921
99.8676493439135	98.5724925812101
112.490536946895	112.255526113572
95.8951444683285	93.305288980713
101.788944832048	101.274656280135
103.597482537721	101.338818768109
112.356991422451	113.089167835951
110.629017306126	111.089667572503
94.1756421656311	93.100449655989
121.240359404292	120.539080792382
120.190119858786	118.226144134277
98.7425863625385	96.1754510752272
123.253983550476	121.860908038009
117.540987054772	115.873177878874
95.3200438820061	97.2414619583273
97.7629863799865	97.8314969173728
121.846225879409	122.333352367653
87.636864016656	90.3576618473591
125.86558859349	124.751425308651
118.209752160492	119.610286066243
100.931963829155	99.6595587087446
108.307741227012	106.541811029799
108.635500766641	106.283840148892
114.076616457991	111.746429561073
93.8850085978357	92.7302550295719
110.75967114879	108.79647403163
113.244186443361	110.970737491026
109.845255726983	109.04918573464
108.089087228307	105.911697815813
122.30112107373	121.184215450968
116.303897247175	114.100509713978
111.16364646009	111.364278002394
109.845766897354	111.601416854515
117.001778389247	114.869357507358
94.5489891484146	94.6404290325256
99.2825838515651	97.7171070901615
99.828116985202	98.7710941478278
109.846065183072	108.468975580006
110.90808848186	112.195912033359
111.561956423761	110.423191620886
109.783109488245	110.820178789622
118.350814133519	116.90532142823
102.929570244315	100.955983686783
103.616421848428	103.104202231337
111.762465864531	109.403766172774
101.913660730662	100.929667618314
110.507512198701	108.975981070923
115.642837161208	117.297508259178
121.608122567335	119.522904199513
100.03392355261	97.8119323898972
108.782313504921	107.332769553236
111.0101122255	110.336046769672
112.446496658161	110.204770830528
109.443964846953	111.223745464255
101.0642785501	101.622260994547
124.650278881123	122.511279645734
93.5267717472154	96.2926210811297
119.808848520456	118.421406630335
114.649221517669	112.73651757569
103.572699775636	103.600841618974
115.354143651007	112.975669426518
122.030541469734	120.729383964051
106.937493368193	107.685331788959
119.710466171781	118.459407200581
107.091106196768	105.450399775275
106.620664443685	113.671013812465
123.992268733204	123.78379602981
107.300302301719	105.857429934664
117.201755869183	117.418972746285
106.469034727822	104.01140977072
104.521407527704	104.290761139544
94.9363293277517	95.405668672329
108.346256068348	107.036084120658
92.4738411380581	89.6927675251612
108.327119458464	113.235560171297
108.678212441524	108.725855035794
107.08850073408	107.129022429842
84.663642153898	82.505227614519
109.521248486284	116.917441775094
126.560485228309	124.44278463107
107.847574627803	105.76597619158
103.221577186366	100.860586547604
116.248514482564	114.563292631832
124.688317415949	122.421640884535
120.436909069442	119.698012310942
85.6843579174082	86.2034111826002
115.078409592416	114.262751009383
122.27248327463	122.89800414381
97.8566305795633	104.162921645024
105.476131079943	103.242254121053
94.0958032758656	91.7727147661729
114.691668092664	112.466362276441
100.855667838188	100.012436350091
116.392994909524	114.295176910098
88.0414514828684	85.7928708189755
96.2696442366302	96.9354893453099
115.263595607747	113.67632860393
109.584126594052	108.266012858887
121.149923239627	119.201521956132
112.167584071413	110.827163535092
109.371231816689	109.930728783541
110.15709838521	114.86996768562
107.282518744485	109.861529135862
114.73591325758	118.590433852079
111.928053471103	109.573577183807
94.7168767281208	94.3460399257197
105.456497196377	107.788423637595
113.62350208085	111.248263000618
96.996237610754	96.8521019591022
106.490049637817	104.454774653179
116.027448823355	114.694741309017
118.39992286213	116.76598611656
104.810763117344	110.966732477941
105.990168562022	105.630924842864
111.987834243636	109.657863269482
110.1275283057	109.359374540399
101.046037486277	98.8164165656111
104.83890545552	106.547093560228
106.676739081234	104.072911735825
101.421189802883	98.8715155711037
110.614169833133	112.66213107646
115.292260710916	115.296188709251
89.5545477917723	91.2543359963762
103.610823593026	101.178311472116
119.982287854597	117.707423510983
94.8932920879232	92.91091687059
97.6695013909536	95.165769630294
93.8282230785504	94.1125924553871
112.589582157829	110.485519553318
125.799938250526	123.661776864921
106.505440909141	106.390632636105
100.137552981617	102.508747004864
115.592488561985	116.204629429594
115.515067027182	113.503314510042
109.853524858558	109.758580879169
111.927619063086	112.917524388611
113.82839710294	123.71056674568
104.392023124901	101.719042073722
106.232020694814	106.578646396041
102.346683099514	100.217157256744
119.816761850287	119.431644557327
108.265195599914	109.091461947097
91.7011861692061	90.0500405999679
127.156450686407	125.966403719758
105.668176928408	106.982695684002
104.412473675047	103.342650667069
112.683495118878	110.712698406668
93.0525203327923	90.9341621985523
111.048930361963	110.062431157107
111.785729591785	110.666513143826
100.651723482892	99.200951871655
102.447599593458	100.586815364644
115.98409240014	114.534002692427
110.067776319379	107.814539325077
114.86867730115	119.349893592939
106.501297382299	104.266416828946
120.151476934526	118.985926265538
118.07939639919	115.896148534248
124.043010008403	122.129616228947
124.701448072053	123.310045606537
107.644919898653	108.098664268131
94.4081169282549	94.3407558829368
99.7083787305746	99.2392419341495
120.41216140123	119.268251963839
118.47239555199	116.247169008836
107.564394798779	106.035146907336
96.772007696643	95.5387394485713
110.413677022812	109.375188439967
110.512001756674	109.274734961913
99.4612645294551	99.1246626679951
117.795919160483	116.949991827141
93.8485932522182	92.4928875542294
99.4767024192278	97.1674489285186
112.185423437265	115.145033126722
88.699940382629	91.8083442549882
110.60071612374	108.349082904641
120.236876614095	119.397016527068
122.283118671654	122.208193628175
89.003770269479	88.0229176839916
94.9121070017168	96.8953518843261
105.177830906615	104.180502021942
114.923178246453	114.869390494227
111.567135051985	109.68971869654
111.884011576334	111.668973691429
117.750972893812	116.570023419696
94.9961524827832	93.775507303684
129.231444350087	127.574592659265
93.9531277880773	96.9890491150023
105.824562664311	107.804850472263
113.895485068837	114.282218397311
111.284622694456	116.60890499322
111.468591371624	109.742973756397
106.215946218085	104.014487647768
103.97284888819	102.197592258627
122.292105506283	120.093370419981
96.6928322664456	103.544687433672
121.811272573145	119.831167560965
113.689928439097	111.540918532044
115.090442085489	116.747269720153
104.22458899373	102.277824641571
107.024791460863	104.586148847225
95.2900226621202	94.9963501793722
109.565452277532	108.964787144585
99.7993548082381	97.7514984951356
87.5459419580784	89.3184578106271
129.914558565334	128.121908075757
101.019423860139	100.858900018862
104.332441573416	102.057255968823
95.7159583069221	93.8075178790039
100.316063100665	104.830439161511
110.278106233763	107.887577566492
96.054307349615	95.0955037393323
122.636286177066	120.789906896419
100.397631147134	99.0861000075148
109.195836000627	106.767422335122
103.74833017115	103.573828282238
117.283699581503	115.087635056351
128.792252060636	126.870934546557
116.355970528969	116.27272885784
117.151389593071	116.486039393669
119.872634046692	117.715504158768
113.974978970592	111.921167274974
115.771058104317	113.584271742637
102.967530751254	100.407324943286
116.969233085588	116.299157353314
107.5033524163	104.996439979937
108.662357995995	106.607148275968
98.1341350622395	99.3021946119654
110.224703421098	109.213872483054
110.770313950562	108.952668122773
102.312587983706	100.95778510382
108.377152380357	110.161946661271
103.619104840506	101.117213725512
118.271771763054	117.894448813793
100.283221439029	97.7455525634483
115.161524008339	113.988521745072
122.193976498197	121.035222118713
108.997120039467	106.734861838152
109.163214665195	107.744714711227
110.276733669491	108.852259622506
107.968329159165	106.498696110792
109.373064521368	110.617195989694
122.357570787715	120.388350894581
109.906749653086	108.21614739982
112.463945798915	112.520406789379
98.5229032820194	98.7764001978348
108.278098982187	105.939405685466
106.080445612784	105.451368126844
108.270199627025	110.521898081478
107.401300828608	108.363982198183
97.8806405251077	96.6727154471947
97.8235798203511	98.3529676500371
115.5214952954	113.769010987779
107.813710449227	110.654567951632
115.337901309571	115.230987933288
102.718607157385	100.654019473703
117.652598897867	121.288041778327
105.241247145955	103.063277627649
114.499852689165	112.52094791997
109.407827920018	111.909706720239
107.849441461008	106.823224192044
91.5247630691003	94.0587567180128
104.94784556739	102.647310213232
109.426606710994	107.36372919346
98.4768213696634	101.97510964829
120.628283695528	119.057473865396
109.569803684487	107.331922254351
109.321802398706	109.628563711018
107.242717400518	107.546814484812
123.394424953043	121.080618711937
99.149941449105	102.681724319997
115.741286201572	120.002972658854
107.328560143835	106.741548153037
105.44502979957	102.796834143987
100.191941681746	97.7617441243312
111.181767355878	108.866516917105
102.351312300266	100.396936763635
116.785594777336	114.886645664068
112.61447978286	110.326743778727
118.004227772204	116.497125365385
113.098862797637	110.697595645142
96.7839136396934	97.3203842526406
101.550187085733	103.338527870987
126.777351369426	129.080444329355
106.582758885864	106.872395467312
101.113503249139	104.667285752739
109.123472698102	106.819288183108
109.538051635616	112.784219330882
106.383439283043	109.567088168
106.162355147787	105.079531537971
101.759691350548	100.103935299324
96.8456870993918	94.3458676824163
92.1511588187294	89.6153589200333
91.7853028347206	89.5024025334342
90.0019395422349	89.0888064306527
105.855420462134	111.888448561977
114.58125869336	114.587639170633
96.6590660812411	97.813950078236
121.265155869476	119.794376876115
102.646760245013	103.395494036625
119.496195503217	117.196288337697
101.963714274745	99.7993620265636
118.556447176665	120.584124878029
116.116296247552	115.75814744207
101.152389736433	98.9282517450597
104.650594843167	102.940782972864
103.413014901337	103.436891253462
103.836229008713	102.913469910717
119.882443393169	119.533285331936
106.968869932142	106.347182701834
91.7909535212801	92.7559130054483
90.9496803451026	94.3115605456056
114.896787035754	113.519420739924
103.128625028749	100.516477887648
105.336929009061	105.053502421492
111.408224032598	118.462996199963
108.807673323162	106.492125103628
104.974230274894	107.740715329756
97.7272650962411	99.976058106533
121.258190813149	119.083707057319
114.805656139766	113.228205189376
115.808021563978	113.722693816267
96.3546863546705	96.4633628822117
98.9572177902412	105.880207313125
119.542142288601	117.307399830928
114.072723729072	113.956659160576
102.963556880226	107.904305281268
120.518571257468	118.381480530994
103.508730942358	101.597357884977
113.234286923895	113.258098900935
100.918345287344	100.664241309351
113.589196510473	112.796480105806
108.966838020742	108.505492829008
115.70953976151	113.851823052455
94.5064939206172	93.516614351595
107.406441381181	105.876752285091
115.700492445826	113.8858847441
93.0985326836217	95.5514373007989
101.145192480168	101.687723144358
111.756161525149	109.469633245926
100.639749464737	108.899988792662
92.9921798063623	91.7630315964918
118.143692257733	115.938515716683
109.860101356939	107.515471338542
124.919473532621	123.449495493154
123.694765415748	122.094942545565
116.498414502772	114.539503970972
119.255911676106	117.506880696034
103.976156082014	101.527449529215
112.096365545367	109.714195886517
109.547356332612	111.970000316147
101.127602181271	101.364559284938
106.797823354859	104.800802249408
103.301376992184	102.722140685603
102.59908159851	105.736887657868
87.5002718681505	85.6872477465099
92.2005030633336	89.9075636864511
92.4987528962423	97.300648056247
107.343851532696	104.750996393789
111.369704881523	111.734742707329
115.980274503168	113.911851929473
94.40804897633	98.3958039471722
112.74024304386	110.429353898128
124.491949797404	122.614633470731
93.2089067912546	93.2917357487825
102.484245911208	103.483843624638
117.207927341347	115.130439263328
121.292007107715	119.473877351334
123.121249016895	122.365300168253
95.5381040626858	94.9304706866028
116.462643302928	117.745552422618
100.236862172805	97.7964344642759
117.952643022593	119.579600078758
121.082982544331	119.028162039466
120.225543918747	120.472414618966
102.192074370142	100.175132071979
114.99252254468	123.011954418889
108.617666053031	108.488215789644
106.277196559874	105.56883839887
110.742145567221	109.17524521662
81.1001685819375	80.5511017787507
112.078183866259	112.707582162051
116.454238182338	114.314600214762
110.446938346607	108.559178727911
122.624195424105	120.941502116097
110.286106281341	108.282448213627
108.278314826778	107.451039508323
117.242829542926	119.105866421508
117.395921153892	117.148615339383
111.643464776338	110.128034645285
96.1497087560219	94.2318466927882
112.956966932739	114.01291357482
103.519655760136	102.552924475119
97.5852139458759	95.8850772250179
110.961740281927	110.41572177756
118.598720805527	124.408276790797
104.140724952995	101.785349068472
116.875412611146	114.309097971819
112.252557826429	109.980548163993
110.86974743894	111.121196287162
109.272606694877	107.881305883708
102.756444661615	101.513736714708
97.6917721555045	97.7887884790557
100.923214354851	100.032459088405
115.088698513098	113.175595281524
109.46966940753	109.324179105353
110.112370851058	108.289639171489
107.767224986141	105.613826067622
107.140486906475	105.095610877873
118.327023283011	116.172017060531
124.480848136913	125.297656250831
98.6739761883791	96.2169607167554
121.893478087435	119.919045386891
101.991293360493	103.099596056669
117.481943157995	115.358725618071
96.1045546910382	95.9311153252979
101.52286640586	100.297724302393
112.394850107332	112.278775403088
101.500190788076	99.4624979249112
118.804966370697	118.63622556716
108.053857438087	105.84816448962
96.0681118672425	99.8982271323057
96.4847224531232	100.81752391584
111.212065368301	108.799710823334
113.441233790185	112.993125049247
102.545238109287	103.870575798901
110.273954288187	107.778870681051
125.18350156064	123.2947599399
117.48434506091	121.53277310459
88.0631014044852	88.0350411730142
119.865623052463	117.74665756134
115.345145364981	113.695538880374
127.53040632094	125.616197394447
93.8212517772095	94.7357462395688
100.759638393586	98.2708893515781
96.5501103866286	98.4291588946942
101.858067874861	101.554924808541
91.644263956291	90.2524703315765
97.3917704436835	98.4386299077213
108.52477312374	109.735886084949
116.224931974753	115.604520735554
109.999924552933	113.467232326683
105.793882830922	104.208171852735
124.41900956934	123.045524696166
109.419859421753	111.087155681848
110.405131551031	113.141901695213
103.128709931952	101.199699844832
112.583866230409	112.376344126684
114.271131470161	114.062987462564
105.296622728567	103.27960871936
119.694323509376	117.678191815893
112.35897762182	110.002664029013
110.411861166016	109.793701964298
95.8117202189689	93.5974949562157
116.514639574016	115.611049254435
98.4254809809156	96.1124440096073
116.772628717469	115.240375231468
125.90973541464	124.391822506291
111.486033654441	111.987933643334
99.8727827920282	103.770980180443
116.01770281571	119.953349773567
100.722896376618	101.942849114553
111.136628549643	108.702370569845
124.878257463422	122.716167298025
104.873928325523	104.74820455057
118.429658524512	116.17339702769
113.924956458439	112.633973748866
110.412804165993	108.192870885196
113.348091922542	111.015992629403
107.644910944917	105.843056987218
98.0076299206443	104.399632307091
123.715201072238	124.061564083439
98.0792608979313	95.8204064582973
94.1423575715151	93.7246254401949
103.645935762103	101.160714283923
111.38453314137	111.751084508141
129.326774695048	128.289592035492
109.502445814649	108.457859983889
99.9649452974216	97.4600857516683
103.606749923578	103.853697706288
117.356255592246	115.041927377067
124.086920365678	122.361787407014
102.506245138297	109.155366576009
126.633897308825	124.63690363758
111.241057995193	109.52872425816
105.874496921652	103.773947191756
118.80063969362	118.232185728746
118.126433184679	117.143755241769
97.5731244312303	99.1481669807611
109.8662988086	108.218635490671
126.242571085695	126.166273370142
111.325306271694	112.631209445574
96.9356609739735	95.3583382178896
98.4717350795123	96.1181915191033
91.4917666486554	89.3020408976765
115.90053816479	113.688762674659
104.908706361254	104.163646225284
105.798780084455	108.167350801033
106.361682823942	105.022455597118
106.383378651339	103.948252968204
103.410020401253	102.820679186134
101.916436602864	105.634115425641
98.0778566058636	101.712516952499
109.466993404903	108.591956837156
108.945432341893	111.237518560925
97.9281198099881	95.4078587813684
110.612156770025	112.651406631602
102.584573233837	100.403600564161
100.067834516226	100.126096414296
109.566985913321	107.255693440343
122.887859732656	120.62338543242
107.698907185333	109.058890804646
116.579238295688	114.50539858402
83.0795148635819	84.7106767858042
121.451599245988	119.445013399924
121.90575947707	119.720812458309
94.7908750877041	92.469505135121
97.9418981049645	102.585820851127
116.103755361468	116.156662233741
97.2653803695075	95.3338276014118
111.042951420692	110.642479436136
114.032119358197	111.956440106773
116.601435935645	114.422379325891
114.293343904075	114.185672813159
119.018920286882	118.327106130645
114.029309691147	112.979755300028
110.092237563943	108.208229038939
100.75773235861	104.209753313286
105.526331868067	103.595866841251
96.6822923094783	99.1735440385958
109.212639126233	106.766205118568
88.299159692828	86.4747634640256
127.003315795395	126.246536543024
102.894140388355	101.057431363204
126.146214604778	125.660362448116
103.249340362108	101.110874164969
114.636211631284	112.384435643657
108.12122988666	107.957961048509
105.270974377468	106.267033554465
105.92768998885	103.690912478139
111.786986274721	110.241854374187
94.2729136378781	92.4048050123219
111.042630322141	116.581330991804
98.1718958359579	101.277146416944
118.710475046992	116.517007147585
110.682217364955	109.631308945467
99.6788886790304	98.2185527393492
103.872331344532	102.721255915668
117.482624913097	115.801104773999
115.98386971584	115.180236731586
114.628967792734	113.479925975881
105.089346215366	102.919003706423
112.301055177615	118.305380623905
107.222178245133	104.909638622056
115.863345419745	113.789526217522
124.579605627953	122.551271605719
126.391767309979	124.259855539425
120.323418279062	121.646660676881
89.7747575823841	87.9490986485596
102.125303227253	99.6976438666859
123.954973452714	122.798960506235
111.618280249383	109.642411914549
106.177907634264	103.678739073742
108.447827015114	108.509323256128
81.5350809092262	79.7194149466602
113.277155908723	111.54587830159
105.990004027599	103.9477441809
115.309773102471	114.941680734102
109.167717164337	107.600423878202
132.37549237193	130.992749061374
111.043657938858	109.6974690941
109.756473240011	110.569516864992
102.461807397979	105.392287299299
103.352962475566	102.816474696439
90.2139925779079	87.9773806167001
111.790976427073	110.665847545587
112.031709694912	111.627849915761
104.252702537536	103.864361585532
96.783229846797	101.61942450184
111.817245648537	110.666162276343
108.832518609812	106.50687577554
106.021936185465	115.60825633964
100.58027386224	103.721591471055
97.4150419532257	96.7182769538088
108.123349613114	107.81195095362
130.061263587636	129.160576566784
108.719125836678	106.268486693631
109.961688282918	107.43668163539
114.047746033469	111.737275921929
88.534078184983	91.2164499329151
108.370949926152	106.174121672458
115.499183182928	115.717041327514
108.571026786259	107.979412202226
106.428556361182	109.461466028811
106.091734901286	103.636777326293
112.232644290892	114.983962854576
100.340743157111	101.314424862394
116.137110784739	119.568465625387
104.107146253625	103.43938837685
104.346027274185	102.830387467987
114.256136406348	112.441102411681
99.1403318602591	99.10029777546
98.0701343042199	99.7173013050391
119.861092525478	118.330925727226
123.316620422792	121.08717322661
78.4560357417769	81.4014505998129
107.665950664564	105.483339933449
100.36498086456	97.8338884841337
109.535885902866	112.526288083462
109.347991562273	108.675978062545
100.05399692737	102.614198187352
103.473825732668	101.349323792992
115.299239070451	117.122596078698
118.721838391784	116.672599912543
104.533417063879	102.103851033122
92.8870351768524	91.5987168805111
103.422627010613	101.44917138773
109.835647565862	109.381788231366
108.839299155061	107.20000389628
115.373087057758	112.923725036358
118.442784934054	116.290944778335
110.414076410697	111.729234601411
126.849350751261	125.246498181753
107.400143685006	106.717344479715
117.487187795485	116.857610201471
110.55360670378	110.310074322198
115.495671642897	114.220370070171
115.068917958904	116.842663448067
108.537204125774	107.852558226554
103.505297129472	101.894779876935
117.256686852837	115.612206055429
105.34818747975	104.697341887641
112.176764666631	110.040512576995
112.150118536575	109.808393876402
106.161714393235	104.278765896023
119.242573868341	117.206880502751
91.5380917531849	94.3613970870183
113.870398397368	111.609791759651
114.680584101557	116.946649054504
110.950704359096	108.600474841715
96.1818503976382	96.5972384944421
115.056887298453	112.91744426994
89.2554012614827	87.4121456691835
109.190262198072	110.46747797113
108.20814707299	106.834313087661
108.660264946004	106.147696854215
119.323074504625	117.154256762601
115.559285811383	114.37432481309
93.084881653661	91.7102929970077
87.4576679064619	87.87630349189
106.705270458881	106.597887603431
94.2347760515153	93.488073214434
109.767298829863	112.282322720053
106.649464732576	104.14124782239
117.833277232508	115.641039578986
111.076194338375	112.73931662886
111.7716420757	111.52681611869
99.0679313433638	98.4315054495115
100.024103778137	99.1863649880454
108.455822575284	110.640635451259
128.511728431504	127.617832710096
118.615056483659	116.411517541275
92.8951865977853	94.2203963244416
86.574782253252	90.5849315829305
104.388006722728	103.448705800703
123.486087291446	122.233354332111
71.4899967767147	73.0079454006211
124.366676968661	128.615229338058
112.412595091777	110.549900572472
110.193380745295	107.94822752769
103.312455374888	100.791968112924
115.619233503061	120.085954057833
99.2243487368869	98.5839805042325
95.1918521029658	93.2560192050739
101.499237235301	106.661717262967
112.077419563585	110.629105019432
110.243676566694	109.962036924611
104.319045438413	106.708600566766
99.6950914034623	97.3679772677036
111.446421220535	114.158355099994
114.223699290431	111.873058418027
96.47200178796	98.293392176463
107.6854952096	111.914575496608
116.989218323378	114.64681317891
97.8767248173874	96.3094893520839
116.785256360156	117.896449566797
100.841550711955	107.283005758452
113.826793378431	115.770705341
107.854245849803	111.030125523971
111.771670312774	113.691366699353
104.902279567204	103.108275880441
95.2757336958025	93.3901892841832
95.2497857474485	103.949395625371
105.510947488526	104.851199584276
119.613068072326	117.51284232827
89.7542512542756	92.5365818081649
100.033421910352	98.8321971001276
100.751517073466	105.877325109669
105.510986400454	102.977126032099
105.718594469742	104.176353915887
103.226582489765	100.763734954641
116.635719699729	116.057535101095
113.857692632032	116.496695815799
116.01045669552	119.591890947333
111.616192521982	110.253035628376
100.026959977995	99.3419191702903
98.655164279963	97.7829396438391
97.1563789122713	100.813776255821
89.6589822427426	94.6666072245488
110.307740452743	108.007676021006
99.8255483387661	98.4289014266836
107.883829251885	109.97876087429
117.780584677186	116.690492295234
104.003479892338	102.750250473589
115.42728386326	115.101345765773
117.243177594772	116.310011894718
90.4655044964662	91.4085648843068
102.514663393524	100.464958908865
99.9565955882868	100.114850139417
108.989698307351	107.187705994077
113.995922193314	111.61218891821
106.121683797635	103.825383132006
70.1020728132079	70.6947299210877
79.764716210532	77.983446115988
91.1375087551222	94.5216795668008
109.692293594401	112.507329559795
99.4163892314496	99.5243424756782
91.038027745429	90.2646345703576
99.1893513686822	96.6266418189845
118.755652568989	124.347531366269
112.276290412545	114.216053514961
110.440713800938	107.956430633187
116.565685529215	116.241590980295
127.001989636289	125.425584165673
107.507709906763	105.092902239742
115.300579676594	114.723940119504
110.057535703837	111.691610511307
92.1992458126784	100.476764712711
79.7604035464951	79.703637824782
129.574877390022	127.726579830629
107.790525418297	105.683014091792
113.011673797768	110.495491288949
114.141101170907	111.936239104304
116.101772927868	114.549199191329
89.9404997996835	87.9566646244349
105.712435602959	103.54010955229
113.935052563427	116.935750406884
101.974271078356	99.7723428625324
131.161121457516	129.320748208781
119.920930276819	118.100324816826
104.76734221811	107.778227588332
102.77025574524	101.435018187739
121.506260409661	119.613330589455
109.802848065342	109.090578635604
103.810013347026	101.32500799036
115.70733331311	117.06097413226
112.644866497363	111.060213195098
103.770749621288	102.824270424108
117.757284617445	115.854486427478
117.961725762883	116.652094594626
91.3343617393095	89.5578313913863
103.411803282683	101.038166787665
106.970657867752	106.157252626379
126.699302638415	125.222834227392
109.509793795796	107.771197537587
121.125802631083	120.272533790363
108.920387120946	106.734300731575
110.642525400425	112.580658666816
121.768240224278	119.59309855477
115.250956829713	115.536153166422
106.732725821101	105.271814662642
115.980386226647	115.153064032311
126.834593626584	127.827612403518
116.845961135463	117.217008478258
107.495535920415	108.860224120912
113.068347638367	111.385329427598
112.020019193904	110.513019145613
119.429418018171	118.832049923416
108.295341438463	106.05995030305
97.116803288441	97.229954049139
117.581257569869	115.468105488314
108.606953895661	108.26874467582
118.02178965226	115.818920452557
102.321894929789	103.644574196649
107.592992437104	110.924045694673
121.096231231326	119.431343419079
116.093460746858	120.299649193008
124.063519458925	122.492794673887
106.411262081286	104.411672601042
125.567881175733	123.949928621873
115.995128577931	116.122355976775
115.618423984573	113.345386258661
108.988742792332	107.547208812708
120.474362234948	119.33724807726
124.259847555403	125.675545469112
117.96855250013	118.073905748415
112.155146946289	111.591825152518
115.907898326567	117.02871052539
108.142118573869	106.126292643755
117.638896108873	117.704328948189
