FMP	FPP
97.9737845995776	98.3022872803743
103.890184851228	103.751996423275
106.640667607358	106.841128531072
93.7672514026912	93.7537578673981
100.426643076382	100.647894846338
102.47008873302	102.678459225543
113.826103189383	114.125982551177
99.6590411942124	99.4895035863327
103.555763850285	103.598029152515
95.2739507659917	95.6129921327946
93.854998507166	93.7019892299772
107.467494933504	107.665270777053
103.652425346576	103.863436039611
118.857062352135	118.867127647079
115.896235022718	115.783471447453
109.808765060152	109.85307787695
104.099830585455	104.388111255326
104.462097125111	104.645274736146
103.462048018397	103.590769133192
116.867149317509	116.902853983377
117.214208218828	117.292631865338
114.535638287812	114.830331181026
99.7906965504068	100.178880368705
104.060911186067	104.275956692855
110.634061091484	110.844456490226
115.352848208544	115.420009746438
101.811177929257	102.02589577882
120.625491512331	120.61600455258
112.447225989944	112.524393463155
107.215247980542	107.146968296671
94.8297365130476	94.973836811236
75.2321963457909	75.5147196510729
86.9842190316533	87.314783431378
101.026558545772	101.254037877982
90.6187740535894	90.7228345867364
109.618694710474	109.65042681195
95.0612213000238	95.1722863522251
90.0914736503019	89.742949276837
103.660243900648	103.72464463135
88.0820003779094	88.1136385650539
111.259223094929	110.631906079829
118.571140068228	118.521619741262
100.028349365758	100.293366937641
101.678124847138	101.810095423531
109.350405908159	109.295810506236
101.051240487643	101.281757732358
106.252651586309	106.250376848879
103.021221624759	103.177551074697
99.6346876852897	99.5273465910449
92.9566063186049	93.2541407726011
117.178286918722	117.266219323788
113.36688621669	113.410796485495
83.1819412952698	83.3631559908344
102.253517440851	102.309895946218
98.7010997925134	99.090608031528
89.3581754292508	89.6007978020945
112.286743723232	112.471985010704
107.619108370717	107.892732360573
90.9205968215095	91.0447477296971
106.053688324955	106.176344531044
103.400551820744	103.331569778435
111.129717204441	111.190581765916
90.6369678984686	91.0219514920755
97.6626687049312	97.6568085900152
89.9596672158067	90.0209343707445
93.9797970461554	94.1733071240359
90.7296176458876	90.8522542681054
116.005109204466	116.097373954461
112.305428120452	112.407954090465
113.998794058165	114.142671101872
112.11085542171	112.169164308692
96.0969372728372	96.0276190105849
118.516139476007	118.425646072805
124.315226256168	124.409565478983
96.7254925661814	96.9095172126262
106.989594012696	107.07683710668
113.85548422901	113.719291615509
101.527400392664	101.746105056805
101.925154509545	102.012943884821
104.745566873524	104.685561821865
113.746333083569	113.867205798273
99.1279661127545	98.7548066723497
114.446957521437	114.378419940548
111.1178552479	111.100681194708
106.217938446766	106.49852665993
105.167781906494	105.270373738073
100.616184936234	100.878598171216
108.52719671367	108.528117038763
119.922755029365	119.554222749648
96.5119423244499	96.1673018839788
99.9028173868771	99.8789508495236
112.111318112558	112.277519556054
98.063623226278	98.0187120500843
105.672595012401	105.690748321271
97.2927599117474	97.565279992318
106.986593925858	106.935970745525
104.920577880789	105.111512482014
91.6992229464827	91.8389378231802
111.924273388239	112.124497611717
100.489239676943	100.505999412269
104.696769104469	104.785733280473
83.899004940322	84.2135003563759
88.7607762616887	88.5051147945694
91.765709067416	91.8186987834131
115.745531170587	115.739498242243
102.191253984015	102.093391318704
98.5574034521197	98.6486833020801
107.149804374138	107.335427524098
92.2318833692254	92.2056208429989
92.2725130679895	92.2208968593961
97.8596191937812	98.0937129961924
103.088763655138	103.288204503545
100.682319734669	100.575800347327
93.2054439386263	92.8128131834436
102.016947467915	102.40041980255
111.564242484389	111.669116837735
106.95902961745	107.183235458302
115.382266668526	115.225592435238
117.018928055271	117.158580335544
108.608058132902	108.772115629836
114.517235164618	114.568859011002
99.6014170719861	99.7735822356548
113.422291668993	113.6407919241
101.046228664953	101.163696254348
109.817874660531	109.853602372672
98.3107917441772	98.3993418381882
102.776837529101	103.115815624912
101.413827021395	101.496534420996
94.6102911579132	94.5556563966818
98.8739772395271	99.0571195472118
114.390494442866	114.486845830092
106.333535223282	106.500416575686
108.879589520888	108.862929271279
77.4629065304882	77.7876719198659
104.541100987552	104.829210641172
111.352215914014	111.453769820783
104.522227416253	104.699031687675
104.840482759452	104.337432874555
103.208167800073	103.147591581567
101.801622459602	101.779629627003
101.604386064799	101.829458242418
112.126821116777	112.249638676905
111.940222941625	112.227044166039
102.712445107261	102.56389835761
97.2999339172286	97.6602909219653
103.734094760405	103.889920706874
102.198755838736	102.302306813512
108.197700497789	107.944648672054
100.377354767229	100.466432202935
102.428705407148	102.559250883014
106.655554750912	106.745443301888
98.2672897532304	98.5536121982805
105.97950801132	106.075520720788
104.907783836511	105.150736629344
97.9595804443942	98.0889007731476
110.086023278573	110.266450393647
110.257609579518	110.358707392251
98.7944214646567	98.9879629484556
117.093129271476	117.20203071254
104.834688709313	105.002935195046
108.192975629186	108.136319681402
115.45421843638	115.593987990223
106.611620537614	106.760437963065
115.769563982283	115.931980453992
98.6235361127661	98.6376299434194
108.415910274731	108.312324975687
111.156173828893	111.336038176155
97.4823587606365	97.6840515267472
96.0781346638598	96.2894858853416
120.072420563217	119.933178026027
101.746957250991	101.961327765878
110.939998466488	111.074632420218
106.627818353356	106.729870025571
112.678544629898	112.968987497455
113.543573660686	113.506313480904
96.6442493409677	96.358597662849
101.426960452069	101.714965191071
95.393657086021	94.8268210505999
112.729554245669	112.77467156656
104.54406833577	104.5183170283
110.562728268676	110.598106909289
111.669196103024	111.880939595666
97.1573953130566	97.4997450566359
115.427445379455	115.231381807184
80.4166029205691	79.8510893817449
108.899713446196	108.95845935743
105.37954207399	105.548553850647
110.253814228174	110.386381890528
104.586723589256	104.213320684662
112.119457360657	112.300444988581
101.72275942546	102.088648040487
92.2643643402987	92.4061313064321
97.4596145083817	97.3889643994589
98.1801310148993	98.3113418734677
103.15116192223	103.191516287176
107.787509257553	107.906182575227
95.087694510834	95.3128626575599
116.560393294752	116.5605498396
83.5833617464048	83.8241751231728
107.735004020145	107.962388052317
97.600110507533	97.8198868036706
106.047135659559	106.294182955322
111.937378796971	111.78308453292
97.0915583768916	97.1005098791871
122.428836403103	122.463322479508
80.237851029157	80.3078436602225
106.28221565143	106.387408022934
104.339248115282	104.530160353687
97.9954419260712	98.0515699801728
108.409512571558	108.477301911488
99.0849041451122	99.1142724316129
110.864084331465	110.988033199867
103.502566275153	103.694702423316
103.210822542128	103.23042364744
102.219606751908	102.278525637668
117.762757202302	118.047648973477
85.9835445170023	86.21946977172
102.252568750994	102.353937965817
82.380729014409	82.4162421550923
106.435374257568	106.721290877417
95.6327330145293	95.3101524338458
99.3697781508013	99.6293644012971
117.081353490353	117.179588968604
102.622504303784	102.610465449756
84.2525391646234	84.1223997766315
100.258349683704	100.36689765388
109.008132555887	109.025000360988
117.426336496945	117.566965162662
115.267189723787	115.411824707886
101.755720369263	101.522984377703
109.837558692693	109.843925255456
120.537317108135	120.502054377012
112.91574003041	113.141266341417
112.986497676607	112.465704570802
110.598593620983	109.993693300017
114.257435822442	114.234610548536
109.3170133983	109.638948199998
113.082403027023	113.423535970188
104.460683131278	104.602533028178
105.775440192861	105.632096139129
108.656929806117	108.887147914733
98.3828989487666	98.5482653976373
95.3316144836025	95.3555948874299
111.833717348093	111.910693168916
96.8414781592545	96.8217044687869
105.280876844622	105.388998934806
106.404163313209	106.512544965289
104.717719792691	104.75816902825
111.614465606915	111.741860925252
100.201509876529	100.506047925575
108.359941864304	108.433325593988
97.4755535273336	97.677357192491
113.685447505376	113.591675560881
95.7336944027547	95.9040845156158
109.084592988796	109.13971204729
108.74997293597	108.694092130235
112.391854266611	112.666654433587
96.8588165914108	96.9149461075322
108.071681790454	108.228050412976
102.143097909331	102.415024435137
116.81721314048	116.906024599868
97.0561613493442	97.0123225572331
107.144530838645	107.063229079701
119.466385904538	119.603363805512
106.374605432679	106.444890518317
108.427213917702	108.436857184228
113.886084606408	114.129495876513
99.6950306109011	99.8416146756351
108.465853376637	108.024745062077
101.708267190683	101.899760009205
106.564433003515	106.610247898475
103.554504439126	103.675787537705
117.295532537686	117.510352209017
116.182743275302	115.948987678306
111.34595783316	111.392757175202
129.06420221211	128.892310418494
112.954329876495	113.22899461108
100.852882501118	101.034047947567
91.831586487963	92.0850696431078
100.661028771489	100.940419836184
98.9187734385107	99.0697742010591
101.970869079477	101.923450845371
113.149351899406	113.305348618735
86.5048838388029	86.5988405663092
95.045202123001	95.082714852935
106.367762131647	106.479197859234
110.119986293792	110.271719486074
109.304645009712	109.52887255576
101.560781684932	101.685391489123
103.409223889737	103.583905078674
108.435605984535	108.383523899211
104.710968472395	104.909822872117
96.4422529252805	96.4036345391459
101.673609086599	101.872554008904
108.645363435399	108.807242304703
108.359066410057	108.011592239746
91.7316304087119	91.8535206848688
119.225738601347	119.481929134572
102.784244788726	102.905567115197
108.656597287126	108.679727829297
115.246104822347	115.36452418054
93.4789610089227	93.5747259129743
103.451246948386	103.4397022665
112.886813459334	113.041163359682
97.695720637732	97.9126804292306
105.42837853294	105.521682815571
112.603558432246	112.794656966994
103.930044043422	103.835840763527
102.81922958893	102.792488147906
113.524000675964	113.330528021628
106.007217756675	106.087393106427
96.5818613929917	96.8157288906286
116.948933638712	116.982577932025
113.968865479586	113.951257518816
98.2891267849233	98.443096663268
114.623237626221	114.78689249988
103.628780811368	103.669417768989
105.581941111811	105.64753800527
118.85740204016	119.017052214958
100.073165819236	99.9511995486579
91.1410634370198	91.1572289709067
116.009142334118	115.944858145949
96.4611581094389	96.6683249283494
114.770260587771	115.021108746737
123.516531079819	123.684717108155
97.8499715840609	97.715569162079
97.6338965403911	97.5557221248545
100.272041569995	100.312420295626
92.4554607072736	92.516801040677
110.124646002593	110.264011114054
99.0976399541469	99.2569829961934
101.476234687652	101.661647353419
107.051142150868	107.279191358635
96.7019371345441	96.7397482917149
117.847332045011	117.662804381166
104.532582770917	104.59912280537
108.02063273848	108.174261770286
101.782932909999	101.718480170229
114.176478437562	114.343403594932
107.747934572666	107.93758594638
76.1554656691452	76.2991400019435
88.6627011589016	88.5765926305007
106.498624236827	106.41787271933
121.581585048864	121.803040185418
111.23174838517	111.438280007712
121.323082535724	121.57986131538
104.015616191744	104.225711419777
84.7971322389084	84.6425206132637
109.399218686985	109.432097219704
116.730478025001	116.792067769894
94.4215247062156	94.7033671591919
121.60079752128	121.609071395659
108.420309594131	108.748826821753
117.559722648925	117.63851395997
109.401794207388	109.262268769134
104.034035389612	103.693007888685
118.693374586633	118.877921320088
106.617484737136	106.683342436827
113.648074132907	113.429407231438
98.3608149083181	97.5420289809133
113.002478007157	112.926993323033
97.9692148756711	97.7305661214654
114.330722453297	114.441051796275
113.151297391646	113.373016711036
97.4703931147384	97.6983445733596
117.355952498459	117.632331189791
114.803062891636	114.672638015577
104.210862994634	104.438851568652
95.435004445435	95.5441329264916
84.3103102774211	84.3192035881664
103.73422692561	103.756301474653
96.3545461302366	96.4251280145109
93.8024554048995	93.9568660325928
78.748381081341	79.0759642113774
113.432990806494	113.602220104561
110.88652558536	110.908315251912
83.2961833516243	82.8755999264891
103.701514712319	103.615109223142
104.298856412758	104.462436299893
90.7627870603947	90.841612451456
104.092370219431	104.028806078127
95.8689810193883	96.0065307817534
97.7539542453962	97.9865913738913
109.178758838383	109.275345115357
109.227829878376	109.315371345941
92.7389707383265	92.7110163989626
105.137116158053	104.948904708942
114.031953162958	114.161564825502
120.380377002854	120.595272586641
93.3135469137656	93.3037953055394
105.318009185687	105.341762609302
113.254923927563	112.549320433882
123.392940726666	123.540866647762
111.930732165834	112.055687719342
100.843846603324	100.693059335434
100.314061905317	100.444788389813
117.15837378266	117.076726500604
98.2736003862842	98.4753943016233
97.2299303987733	97.3653668644831
86.5641692521373	86.600996367005
100.936585276559	101.05138123633
104.999856802452	104.908579744458
90.5827015050809	90.7344125484704
110.974883275701	111.180937194418
125.714516141998	125.863042969412
99.3720386024847	99.6137373082282
97.5093069942847	97.498572957463
97.1754665954503	97.2357423923411
115.732337725799	115.920776246432
103.076621288633	103.454342587133
123.369835304128	123.169939118329
114.784530375922	114.934254253409
80.3428765425812	80.5042108895862
106.986523641994	107.172384927863
113.150229654083	113.26908867585
104.883110398877	104.869745840737
112.879365503042	112.50837455314
89.6921874861719	88.9535491399867
110.117698842109	110.352150608605
102.630486256398	102.850325562775
111.185058022913	111.01847364602
110.509111051062	110.627216289146
107.051064614909	107.244297854913
93.5774730165607	93.6883883669345
113.822781932191	113.916894171074
110.431560220427	110.522247690651
110.871856385338	110.964147501711
98.7283104172878	99.4358832729267
91.5543818162877	91.7179839285238
113.381882717213	113.667166182158
127.0989549594	127.369509068316
108.976712671568	109.088127686612
107.481401635086	107.585143106851
96.0105679721582	96.1467969537053
97.6804281059122	98.0036644435471
101.698695997955	101.330899958618
94.3477486638329	94.6935793342138
116.779850981764	116.751052114572
86.6003384671966	86.7091373688544
104.25729369743	104.46595986115
91.5277875507505	91.6900636372295
117.899376627575	117.984031344749
100.615147071699	100.636638849513
106.161046104996	105.934550595878
110.769795282008	110.766161669019
101.746173247588	102.160490903761
111.596885886238	111.879848047082
111.758093897998	111.673413858828
121.110316043867	121.395398165748
104.251564716408	104.361028129692
104.04694743914	104.291256407311
110.400050342781	110.6085021524
106.927742952833	107.237158794251
105.595155984874	105.561199572179
102.455030616637	102.463838677241
119.130688454554	118.740577330858
97.1573179706649	97.2351312793145
111.788490804432	111.935086388567
89.3953358879428	89.3376401684956
109.886146172189	109.963654985607
90.1933999236136	90.2090596432909
105.134352850671	105.209581245095
112.92342125861	113.153118158822
105.61584941643	105.653807593283
108.163442977874	108.230899837121
92.6560190971222	92.884799604859
89.7131979110667	89.8161270441133
120.555562975265	120.577895912556
109.043611313211	109.244705743023
86.5765180814056	86.7575942029048
95.1462029953332	95.4095300049474
118.131368710435	118.263576857328
93.5504184935114	93.2145889739644
123.452189410016	123.357932026458
102.477793775121	102.687427864952
114.181377880093	113.56561919379
96.0117088183759	96.3760312442632
93.0242445551848	93.3358922072042
96.6263026626311	96.7489964379604
104.806424599568	104.892733251357
98.7690176253327	99.0034384988046
106.791415353915	107.137475498289
116.442548760396	116.374679596669
111.148279718267	111.189906503671
99.512974581282	99.2653617862717
104.242212893772	104.429907074828
120.538642160814	120.6452416894
110.90676412453	111.032011315667
98.6091086209965	98.8460848404288
91.9974241079609	92.1110955707378
86.9245717918931	86.7945158042964
105.694711988137	105.728238239413
103.696668899122	103.995466996546
117.986777560736	118.185906304756
107.256599883617	107.311799032775
98.2440198701102	97.7183887299765
120.454692951714	120.685823348762
108.88599357806	108.676742862286
101.339189216724	101.619428456401
114.122093381919	114.320626411529
122.676196072351	122.848134198239
97.1471625374054	97.3791363735427
103.847828140214	104.030325967505
105.986794296058	106.126756680831
93.2892299344387	93.5702459411122
115.157891352902	115.294897399988
94.8600947216556	94.8359900357575
119.16417641745	119.343428071525
100.44081529488	100.498846441187
111.273524843473	111.389416290304
104.00249806313	103.852849288894
120.553306728654	120.589412836663
101.604144758822	101.199466061672
97.8327078662132	98.1270825180281
106.972390392099	107.126726670924
121.159842082901	121.361322902655
113.247706575465	113.331824946378
94.9690454506354	94.978626794044
97.8184226616407	97.8996668934232
100.524724813171	100.378000306127
97.3727756267632	97.4683779756043
98.4282372940112	98.5774798854659
105.01984900089	105.090146700345
105.101039756061	105.185600105916
112.635265966502	112.780608097288
90.4645601516277	90.4799439632352
107.976154805066	108.011653610254
119.196805494	119.394616868589
103.503719977836	102.953349725516
94.4707737071801	94.7310043825573
96.2219450005478	96.2485166314843
103.889725992547	103.893857427132
104.309874225551	104.207751739072
123.548111266828	123.870589242252
103.983431834544	104.139857124848
102.164374492332	102.551330508781
101.608005681219	101.077017799114
113.261801280789	113.35181268513
102.665938579161	102.572402234806
95.9611082372961	95.980751098565
101.895466448092	101.992118196662
91.2336260055343	91.1579175411422
99.0480157450741	99.0037433528911
104.916381592356	105.123441476091
116.954959848602	117.283303981883
94.9904057855732	95.1892022628077
110.000884037145	110.022364159289
98.4554168456771	98.4985592925363
107.661982743926	107.76961407706
111.649543468938	111.693613111852
107.294627769142	107.447002749928
110.887296910272	110.937033769018
110.951962259167	110.995188592419
100.547174143969	100.422233729369
106.692064437558	106.71907684543
103.996226983276	104.017848334455
98.5098952931242	98.5822708393834
101.967634337841	101.962381676073
108.802645583043	108.950800654247
88.2435737418901	88.4373828732276
102.182292024655	102.360602323717
105.793659989591	105.768128580101
97.2053253922168	96.5847525142777
109.697144326218	109.829577920544
93.1445192078891	93.2074991774577
115.68853310399	115.254915685256
113.328383632491	112.941877443157
117.011249719146	117.135317518834
110.396149647907	110.635542499363
84.3194646502136	84.4914586313546
99.868317954858	99.9813788608665
101.031753092955	101.012443820576
112.520087474556	112.634659235889
98.479925270463	98.1596230886454
114.824123148937	114.933213203054
116.497474234698	116.356559643789
98.0003552871105	98.1496918915035
111.66178230942	111.937921848842
114.395741532332	114.455419317942
114.796579792095	114.760251131273
103.756310248329	103.862737646152
111.422241383785	111.273675312661
99.1912737721399	99.4204618132345
93.4535600202408	93.5031699430381
102.184593370623	102.273680507547
91.5729297747946	91.7362808738843
97.2890984872314	97.3261096003013
107.094069961667	107.169887422749
104.852990893855	105.077595463183
98.5884044033203	98.660551620833
111.762119605717	111.741788920785
118.742220548422	118.850751339657
90.501232914881	90.7781774463264
89.8656792812142	89.7317894560613
100.56984907063	100.799319213749
106.77270128403	106.64928099669
104.217841590643	103.941976935684
110.646877274602	110.767427625155
124.400242053178	124.269432463049
98.8101678057534	99.0193644057724
95.1071563233621	95.1095669072363
79.2429673118837	79.0221211370915
106.137806477091	106.114900336134
96.1616091075803	96.1905590284962
97.9390323189281	98.1382218791208
107.542896971871	107.899814714598
106.614599657559	106.690137606043
118.3753111139	118.493650813561
112.788703389918	113.033558269136
107.705457332059	107.556914121167
94.6207432313076	94.6505189592112
104.3402351915	104.509633262047
104.356826741044	104.482530154372
100.910829975465	101.103800205013
128.915485824019	129.016067931821
90.2492991123724	90.4569972405634
122.71117262451	122.817095294811
91.6897234978495	91.8778240654142
90.3633332331385	90.5694470187051
115.706434454589	115.724039193671
115.623155030102	115.85642277923
109.715933045848	109.704051706011
103.67642280235	103.808845852468
106.472468226352	106.617023455664
105.611548838553	105.802922552354
105.537537913717	105.692693025153
113.75719655575	113.852918557148
105.94131019614	105.93516135187
106.214345511799	105.51235370572
105.783060942703	105.845538081149
101.200523552837	101.391740183974
106.055769175912	106.241454984714
105.589907404575	105.712455064365
105.503434658194	105.700704955415
110.121322391761	110.478644120502
103.371683056969	103.538315115737
100.016826532929	100.196350516569
114.065979799352	114.021316856386
107.636235548632	107.851009492856
125.565360435614	125.695201392045
97.6963395953662	97.7274547920501
93.6293757955313	93.5363200005889
88.9374134804862	89.2624154373335
95.363365457303	95.5121534905882
117.540624384963	117.639824037099
91.608677808502	91.8047899600523
100.423785785483	100.540583621755
96.8205241626779	96.9936541143395
112.839106037059	112.990766988406
90.2318650976139	90.2400754588654
115.32640244393	115.345828681407
103.752197912072	104.001651758191
105.36714968825	105.418328479872
93.9293347944828	93.9246676132389
103.103894137885	102.957591012055
99.8399987413213	99.7143842651837
91.682057985483	91.8917208873463
107.049165179667	107.008176202638
96.6728293776873	96.5324994419906
95.6551011800633	95.8067037219491
116.473069035206	116.757451905466
120.225700357751	120.349072996136
103.223230829642	103.558603882405
94.0591073040108	94.0409033147527
96.6772964610548	96.5552452340746
79.9502613429509	80.2125864494667
100.295243589093	100.52904771715
98.9603315144217	98.8589369184568
93.2720659901599	93.6187526875069
106.222895459815	106.404860570704
95.3107089528354	95.6629822451282
99.5491747373442	99.5110533582371
92.5162090863934	92.7757660672765
112.108511906919	112.172816257777
118.099438174637	118.204339113512
106.498107142182	106.439117408257
102.680830090953	102.695112362665
106.569536156404	106.743473877211
102.044694304344	102.148423096416
118.394478032922	118.63624335474
96.0284589166604	96.2899448917852
100.468316500201	100.624774145284
98.1090257578705	98.2023500083178
92.3596290641938	92.2803673220784
90.4223786214699	90.763903897571
109.092272084932	109.325646284665
104.635085882783	104.894171301943
126.088780171755	126.063348230666
108.826520906819	108.994533952747
86.6313237536424	86.3818613571738
112.150650721064	112.005151384724
107.035712453158	107.262945573498
114.26537230613	114.427166089856
95.5881522099244	95.6832061570926
86.8946386762853	86.6664731724792
106.944358138609	106.702114545788
104.728517207484	104.951066298193
87.7161506192304	87.9648252643416
111.027024710572	111.241050785054
111.773297210756	111.896217108959
103.587625456442	103.636557323831
111.050605149203	111.138781627103
109.546268358073	109.76387139013
75.3814590935666	75.5107155934828
108.696419161955	108.674312714854
104.691179161716	104.918028401638
115.661096165388	115.740545004481
98.7530579914885	98.6148675822339
96.1093021104499	96.325416667053
117.384512330819	117.183170805823
111.583443194718	111.841304399541
94.3297490693117	94.6034660551597
90.3324147114981	90.1779582977925
92.4691082070258	92.5178955261027
107.747970997293	107.692095141483
98.8833862492435	99.2145728471667
98.3358767377733	97.5985905249817
103.475810853335	103.490955651645
113.013867273452	113.30205649689
83.2260917279473	83.1690888976894
102.276115793224	102.44635886448
82.1829690567803	81.6481082309878
107.053906453212	107.220128725392
97.8759356004371	98.0455400763084
115.882727220237	115.988347314801
98.9177435549176	99.0935139269899
97.0280461632633	97.0367529536959
123.734450367269	123.930169521165
97.7715970707583	97.3676836257809
115.551793459596	115.441417393518
87.1327903283331	87.4726900544321
91.3856204108367	91.5602710885404
95.8753920311499	96.2002854651
95.5573208400169	95.7764892257781
101.24670855681	101.415963226835
103.77764791131	104.02823453033
125.11540498674	125.350943942931
107.160065893598	107.119591416914
105.083777423073	105.160382543288
111.969847344254	112.133160933011
86.9409377855504	87.0241280500697
112.005953207392	111.953691788346
100.635892462873	100.811525550511
104.082841710763	104.117125342277
99.9990208513049	99.8689330946693
110.105455027123	110.27433647441
120.694546393844	120.853750019535
97.7425257195657	97.9430617793807
90.791674305372	90.7859919593295
103.822271424601	104.099269681509
115.262830207467	115.434766479601
103.021836284809	103.319164573032
103.331801867903	103.475613389323
113.504617423625	113.64759343154
95.7558227168374	95.9628704949184
110.981468341269	111.23457750612
94.1849874622326	93.928152281525
109.830623337457	109.990328029909
84.8911494571228	85.2448721964654
113.044037696356	113.132084005989
84.109661295194	84.1845781645025
90.1922522410577	90.4118105091949
94.7288459799713	94.8940544384681
109.371429412349	109.306497207282
120.930871657072	121.057246568149
101.025604487857	101.226442982751
107.417886014966	107.539525081946
110.520804870399	110.749675857567
119.153292299604	119.436452731804
102.794828246603	102.56304292457
92.0385172477384	92.149823000584
114.600355805305	114.824554978642
106.389952288487	106.699065761469
105.602353357851	105.400212800043
83.7699719834251	84.0716897906326
92.9229075580566	92.9507659191344
89.396007358043	89.5367022845035
96.9286783024293	97.205225302323
107.046325745286	107.111167938143
102.771494988205	102.725760998224
89.5525736588279	89.4338995973643
107.110714461237	107.029692538728
96.7564196387952	96.7715056897854
89.0078044509324	89.2453080350744
105.614031669965	105.844675920605
98.3334496803746	98.4023023154493
107.606997231759	107.79531628851
93.6595100721034	93.6993797264147
103.857908999955	104.076393370664
117.957991212482	118.118765639244
117.662501261116	117.840477820997
95.1819990462178	95.4969915832547
110.251201107881	110.326187831337
104.672276392072	104.931386840243
105.593033515787	105.880170227018
105.230241629963	105.305345626064
117.78375074709	117.978413496711
108.099814424595	108.534602799913
118.58566019367	118.893665122368
99.9096862958484	99.7698533871796
98.8852119997622	98.6517050219251
105.569890766113	105.658251893906
117.901118348855	118.031549070068
114.268284503303	114.338857118138
114.085185096749	114.123387782084
113.908515550113	114.118780143722
91.165392292238	91.1353061007353
97.956486160961	98.1131951213063
85.0178526032017	85.3505908192969
98.9020471615721	98.4170493785762
97.7423969752561	97.5275471331644
107.623012069651	107.829371161149
113.25349548104	113.49971483945
101.512010131712	101.840380006072
103.612030738719	103.667278859547
121.062142761541	120.939794957094
92.8918702714634	93.0243651727303
85.4657849541786	85.5744724074433
110.830370060713	110.593044386882
95.8037395529464	95.8802004800083
110.050717612974	110.292549308144
119.566782762276	119.695325203637
92.8895873907035	93.1751540516966
94.6220119758491	94.842067448987
110.102787198243	110.033789084687
107.261260066342	107.351090875822
102.116184564997	102.251165359847
100.862817939115	101.07426528718
104.349937812881	104.269537255129
115.313231025192	115.446701739251
110.468466739457	110.750540014896
105.736470494903	105.855768421226
120.704489537618	120.799699660219
112.000673020239	112.037827115257
116.032093858491	116.191062549883
100.688969145527	100.961956306508
90.4883118076841	90.5656452190212
102.840203479351	102.872012376631
107.028270006588	107.25083535758
103.939713860843	104.050903924281
119.872041834712	120.128874398294
111.115999370553	111.25967157692
107.065157702222	107.389542321282
98.3872783822904	98.5928807400275
105.330928963929	105.519414336919
107.129985138406	107.24129097368
100.001741405457	99.8291048866498
115.047351250367	114.493521336037
108.125317595671	108.279460445684
103.652346625892	103.874637975807
107.406610324618	107.491063729015
114.156033637946	114.326034765604
93.8453733482911	94.1508973678891
104.260427949874	104.265500180968
114.529974139055	114.523590003798
106.627920554191	106.741334307505
106.608859116687	106.810551199854
101.242632008668	101.505135629677
103.217413389803	103.447031465115
114.087510018535	114.048469710338
99.8924562267235	99.9119117617023
107.046222148759	107.158626438338
107.59569975849	107.586910654463
92.9512051544512	93.3223585252086
105.039197548484	105.173565049475
103.748109753872	103.962073597264
98.6988666365597	98.8473641508297
93.8663824149732	93.2694079058861
111.675182219686	112.083839636985
116.809831121895	116.894041263142
97.0806461422258	97.2587845546389
106.281453646157	106.413646036172
96.7580206795982	96.9444426543944
114.935380158127	114.966074699474
96.1942011243315	96.1991501626696
120.107108633446	120.286239659949
90.5841329139158	90.4382418077773
97.2665208810969	97.4179728633025
119.388847437101	119.749675150042
89.7578760632545	89.2729696136558
102.089964222534	102.179748015755
120.079677966051	119.949031865127
104.944165436089	104.742532379908
94.1086225253213	94.1550912817857
111.417853786587	111.594616175837
100.550878056631	100.722637775031
90.1546154462697	90.0278761160132
104.931843980835	105.198500357366
117.984773388049	118.117439996844
113.909512008108	114.240776658848
107.651905863097	107.47920423874
90.7353691143236	90.8310768101935
102.062135114277	102.248668914225
92.4720166264701	92.6986018055337
93.3684874924404	92.2511197839707
102.449107405658	102.438911032588
108.017041416399	108.107382267812
109.146040820701	109.221542592368
98.6271021752371	98.810082418839
111.382530319321	111.470357636751
107.845586592286	107.935078344985
121.343603415627	121.556483615666
108.090734239005	108.232479922522
111.686322293411	111.6357986845
116.58504955594	116.83801694229
115.634838479023	115.71017524135
118.833729901602	118.78607244668
110.830248081833	110.717942762466
115.360078470205	115.512469559398
108.275936185228	108.589051209959
113.087621856477	113.436989522525
104.961622176675	104.79364538134
113.591028941968	113.732498179927
100.826248893032	101.007399220041
110.617423304265	110.725012299158
100.725085240032	100.813676476321
106.566446819272	106.731922871271
112.158932584696	112.431414058784
99.6621228097823	99.8934418213774
108.083731039153	108.230577367542
100.192814159116	100.30299982679
100.529885062092	100.685520604516
112.772612375649	112.916476333925
120.980011630669	120.919258200952
106.704449287595	106.680585587176
101.554164076285	101.674449072125
105.797229084928	105.918438332255
107.126729467029	107.314438861934
98.727608577374	98.8569863849508
100.378632602429	100.400725017919
107.987166415652	107.92596224694
105.068877399526	105.252453683978
103.562298367448	103.733695381229
118.640935087288	118.345508857471
104.548540005134	104.655926141474
94.8824627672849	94.8225861379551
108.936041281724	108.055924004306
103.755583163638	103.763463862455
108.024934765785	108.086590449651
104.709576217901	105.000571490955
94.7184730321104	95.0437804663869
115.260561446238	115.441891860583
99.2892998812334	99.2619371292524
98.4080357164648	98.4202055824895
89.8281919845114	90.0371437284581
98.8914401608067	98.7084064800177
122.604219976581	122.474703762389
89.562926140515	89.7761251806232
92.832375477187	92.944280474667
109.569996841606	109.594575535912
94.3661783168633	94.6880077763381
109.382549962564	108.889012753982
105.642768498329	105.705618659825
106.866963453154	106.927986440595
99.0428446545982	98.9472102158101
101.996925034927	102.099694950254
117.596445651729	117.657091651408
104.137254537266	104.117492345058
121.179964535769	121.366075456833
98.0905072861529	98.2464088646173
106.657203896311	106.890306064224
105.276086662407	105.54449787742
107.289429635686	107.499471148858
94.8181221101583	95.1962742010774
103.092626568597	103.379113517989
109.778686553621	109.740069590157
99.5191770757794	99.803864269289
94.1680434060398	94.390859019536
105.513707346149	105.592608230903
108.775706579919	108.743308276965
108.878602605409	109.167794726139
105.381311325496	105.269189619542
115.519079186425	115.550354710087
108.004526564795	108.265002123357
107.742684428571	107.942827002122
112.782079388369	112.700804240716
111.977670986109	112.093890721158
100.057129353565	100.324859270716
96.4793617013841	96.5681060928791
106.750377509459	106.725319929228
100.304807413107	100.326545259774
97.5174003064228	97.5547543033807
119.217034471951	119.191953569755
99.7920684720873	99.7509951576652
106.011114502617	106.003281170281
88.2454530645448	88.3067333413689
99.9001903538648	100.106727731816
101.487995792014	101.621934517934
103.661363803572	103.723965479121
111.917118007688	111.921576684098
108.432413312191	108.567433755649
107.455231544166	107.788459945039
108.153077629941	108.416699901558
95.982063345991	96.0627688484856
103.025641208647	103.070316734847
110.387601613349	109.95446905115
102.615109108534	102.747395362235
110.870072749305	110.890253948319
116.446668225021	116.651347494547
118.601052135188	118.571236002051
